/*--------------------------------*- C++ -*----------------------------------*\
| =========                 |                                                 |
| \\      /  F ield         | OpenFOAM: The Open Source CFD Toolbox           |
|  \\    /   O peration     | Version:  2106                                  |
|   \\  /    A nd           | Website:  www.openfoam.com                      |
|    \\/     M anipulation  |                                                 |
\*---------------------------------------------------------------------------*/
FoamFile
{
    version     2.0;
    format      ascii;
    arch        "LSB;label=32;scalar=64";
    class       surfaceScalarField;
    location    "0.098";
    object      phi;
}
// * * * * * * * * * * * * * * * * * * * * * * * * * * * * * * * * * * * * * //

dimensions      [0 3 -1 0 0 0 0];

oriented        oriented;

internalField   nonuniform List<scalar> 
799
(
1.70889e-32
4.41685e-32
5.66118e-32
4.50239e-32
1.90381e-32
-4.85289e-32
-1.08832e-31
-1.55624e-31
-1.66587e-31
-1.29731e-31
-7.48389e-32
-1.34651e-32
2.41034e-32
3.29373e-32
1.04417e-32
-2.96976e-32
-8.14999e-32
-1.34767e-31
-1.75649e-31
-2.04179e-31
-1.96562e-31
-1.60972e-31
-1.00302e-31
-3.00204e-32
1.00856e-32
1.87045e-32
-2.34384e-32
-9.45391e-32
-1.61313e-31
-2.14382e-31
-2.17705e-31
-1.90881e-31
-1.45022e-31
-9.04495e-32
-6.60351e-32
-5.54285e-32
-7.30959e-32
-1.11462e-31
-1.41806e-31
-1.78965e-31
-1.88389e-31
-1.76354e-31
-1.5333e-31
-1.07049e-31
-8.22258e-32
-7.233e-32
-8.8627e-32
-1.37963e-31
-1.78281e-31
-2.14926e-31
-2.172e-31
-1.83687e-31
-1.40824e-31
-8.6822e-32
-6.26925e-32
-6.91191e-32
-1.02475e-31
-1.61804e-31
-2.07437e-31
-2.32804e-31
-2.19839e-31
-1.66874e-31
-1.04947e-31
-5.01778e-32
-3.75165e-32
-7.84011e-32
-1.52331e-31
-2.35967e-31
-2.81496e-31
-2.64072e-31
-1.92769e-31
-9.10829e-32
-1.46901e-32
1.81459e-33
-4.52729e-32
-1.3904e-31
-2.2552e-31
-2.70109e-31
-2.58536e-31
-1.99203e-31
-1.32864e-31
-8.37464e-32
-6.82571e-32
-8.31264e-32
-1.07098e-31
-1.32885e-31
-1.52293e-31
-1.70257e-31
-1.90378e-31
-2.02454e-31
-2.00291e-31
-1.68969e-31
-1.16212e-31
-6.26048e-32
-2.97421e-32
-4.84296e-32
-1.06817e-31
-1.88388e-31
-2.5754e-31
-2.70695e-31
-2.35202e-31
-1.49214e-31
-5.81699e-32
-4.71477e-33
4.54324e-33
-5.31771e-32
-1.32215e-31
-2.05774e-31
-2.49475e-31
-2.32242e-31
-1.88178e-31
-1.25194e-31
-7.83312e-32
-6.95261e-32
-8.07465e-32
-1.11149e-31
-1.27776e-31
-1.25068e-31
-1.12121e-31
-9.80228e-32
-1.07739e-31
-1.38028e-31
-1.79358e-31
-2.09975e-31
-2.08353e-31
-1.73481e-31
-1.13918e-31
-5.42601e-32
-1.62511e-32
-1.06979e-32
-4.04541e-32
-9.26417e-32
-1.53421e-31
-2.08565e-31
-2.40255e-31
-2.42821e-31
-2.08936e-31
-1.44628e-31
-7.07208e-32
-5.77781e-33
1.96719e-32
-2.73227e-33
-6.57829e-32
-1.49824e-31
-2.14514e-31
-2.40865e-31
-2.17224e-31
-1.56843e-31
-9.39761e-32
-5.05346e-32
-4.96216e-32
-8.40683e-32
-1.30947e-31
-1.67917e-31
-1.68329e-31
-1.35315e-31
-8.43956e-32
-4.25615e-32
-3.9638e-32
-7.9562e-32
-1.50556e-31
-2.17277e-31
-2.44098e-31
-2.13071e-31
-1.32758e-31
-4.32805e-32
1.49275e-32
7.13422e-33
-5.92494e-32
-1.4909e-31
-2.19736e-31
-2.2651e-31
-1.79999e-31
-1.02407e-31
-3.95929e-32
-3.30478e-32
-6.88802e-32
-1.37617e-31
-1.87078e-31
-1.89102e-31
-1.52717e-31
-8.16068e-32
-3.2005e-32
-1.84211e-32
-4.73478e-32
-1.14567e-31
-1.70374e-31
-2.06669e-31
-1.98815e-31
-1.5158e-31
-9.60648e-32
-3.99555e-32
-1.67631e-32
-2.51368e-32
-5.65268e-32
-1.04914e-31
-1.42364e-31
-1.66441e-31
-1.70076e-31
-1.52322e-31
-1.25732e-31
-9.01726e-32
-5.63852e-32
-3.38595e-32
-2.66215e-32
-4.51319e-32
-8.41156e-32
-1.29726e-31
-1.6551e-31
-1.67752e-31
-1.32799e-31
-7.36851e-32
-1.53924e-32
6.80545e-33
-2.04355e-32
-8.69121e-32
-1.60761e-31
-1.96481e-31
-1.68839e-31
-8.44851e-32
2.03344e-32
8.91239e-32
8.14488e-32
-2.6948e-33
-1.29246e-31
-2.31262e-31
-2.5332e-31
-1.83244e-31
-4.37626e-32
9.36754e-32
1.65771e-31
1.44601e-31
3.52378e-32
-9.6925e-32
-1.92295e-31
-2.08911e-31
-1.34253e-31
-1.65118e-32
9.84587e-32
1.62124e-31
1.50253e-31
8.7459e-32
2.79702e-33
-5.86101e-32
-6.80485e-32
-2.82806e-32
4.3678e-32
1.13537e-31
1.52287e-31
1.50528e-31
1.22521e-31
9.24416e-32
9.08184e-32
1.28402e-31
1.86385e-31
2.42791e-31
2.61547e-31
2.35206e-31
1.88379e-31
1.48828e-31
1.60153e-31
2.30117e-31
3.32903e-31
4.35953e-31
4.92466e-31
4.90128e-31
4.51431e-31
4.04009e-31
3.89947e-31
4.23641e-31
4.87462e-31
5.68857e-31
6.37139e-31
6.85498e-31
7.27983e-31
7.61901e-31
8.05495e-31
8.51834e-31
8.91257e-31
9.34001e-31
9.72284e-31
1.02257e-30
1.08664e-30
1.15318e-30
1.22128e-30
1.27768e-30
1.33338e-30
1.40481e-30
1.50384e-30
1.63224e-30
1.76637e-30
1.87515e-30
1.93422e-30
1.95126e-30
1.95816e-30
2.00666e-30
2.13178e-30
2.32713e-30
2.55925e-30
2.76203e-30
2.89725e-30
2.96249e-30
2.99006e-30
3.04748e-30
3.16929e-30
3.36735e-30
3.61106e-30
3.84485e-30
4.0427e-30
4.19084e-30
4.32029e-30
4.47033e-30
4.65902e-30
4.89532e-30
5.1474e-30
5.39013e-30
5.61141e-30
5.81084e-30
6.02239e-30
6.26376e-30
6.54629e-30
6.86397e-30
7.18194e-30
7.48634e-30
7.76277e-30
8.02298e-30
8.30217e-30
8.61495e-30
8.98375e-30
9.39262e-30
9.80963e-30
1.02151e-29
1.05767e-29
1.09124e-29
1.12471e-29
1.16114e-29
1.20476e-29
1.25437e-29
1.30866e-29
1.36328e-29
1.41296e-29
1.45624e-29
1.49338e-29
1.52471e-29
1.57211e-29
1.63049e-29
1.77161e-29
2.01914e-29
2.386e-29
3.07903e-29
3.35279e-29
3.63703e-29
1.93547e-29
-2.33392e-29
-7.46538e-29
-1.80184e-28
-1.70757e-28
-1.09895e-28
1.78198e-28
8.22505e-28
1.18795e-27
1.83052e-27
1.069e-27
-7.48779e-28
-3.02398e-27
-7.53028e-27
-7.20057e-27
-5.91815e-27
1.76131e-27
1.68894e-26
2.26811e-26
3.3062e-26
1.66616e-26
-1.35977e-26
-4.09939e-26
-9.04821e-26
-7.13089e-26
-4.21812e-26
3.15838e-26
1.54638e-25
1.62749e-25
1.92012e-25
5.43251e-26
-1.45586e-25
-2.41548e-25
-4.15697e-25
-2.3651e-25
-3.16293e-26
2.19168e-25
5.89209e-25
4.5517e-25
3.83049e-25
-3.70698e-26
-5.43988e-25
-5.80035e-25
-7.54238e-25
-2.54564e-25
2.23642e-25
5.06862e-25
9.15307e-25
5.06873e-25
2.23658e-25
-2.5455e-25
-7.54233e-25
-5.80041e-25
-5.44e-25
-3.70839e-26
3.83039e-25
4.55169e-25
5.89214e-25
2.19176e-25
-3.16235e-26
-2.36508e-25
-4.15699e-25
-2.41554e-25
-1.45591e-25
5.43214e-26
1.9201e-25
1.62749e-25
1.54638e-25
3.15841e-26
-4.21815e-26
-7.13096e-26
-9.04828e-26
-4.09949e-26
-1.35985e-26
1.66607e-26
3.3061e-26
2.26802e-26
1.68885e-26
1.76055e-27
-5.91882e-27
-7.20116e-27
-7.53081e-27
-3.02453e-27
-7.49349e-28
1.06838e-27
1.82986e-27
1.18729e-27
8.21855e-28
1.77621e-28
-1.10391e-28
-1.71152e-28
-1.80511e-28
-7.498e-29
-2.37094e-29
1.88791e-29
3.58128e-29
3.29383e-29
3.02424e-29
2.34405e-29
1.9909e-29
1.75543e-29
1.61911e-29
1.55671e-29
1.50091e-29
1.45855e-29
1.41385e-29
1.36904e-29
1.32325e-29
1.27844e-29
1.23552e-29
1.19589e-29
1.15878e-29
1.12185e-29
1.08298e-29
1.04075e-29
9.96064e-30
9.52462e-30
9.12645e-30
8.79278e-30
8.51675e-30
8.2689e-30
8.02339e-30
7.74428e-30
7.43368e-30
7.09921e-30
6.76126e-30
6.45137e-30
6.17545e-30
5.94718e-30
5.75513e-30
5.57947e-30
5.40308e-30
5.19891e-30
4.96221e-30
4.7029e-30
4.44347e-30
4.21818e-30
4.04945e-30
3.93101e-30
3.8442e-30
3.74579e-30
3.60075e-30
3.41005e-30
3.18037e-30
2.96289e-30
2.79378e-30
2.6835e-30
2.6367e-30
2.60141e-30
2.54682e-30
2.44551e-30
2.2844e-30
2.10299e-30
1.9268e-30
1.7974e-30
1.73643e-30
1.72568e-30
1.741e-30
1.73302e-30
1.66485e-30
1.53113e-30
1.35195e-30
1.17751e-30
1.06283e-30
1.03255e-30
1.07853e-30
1.1537e-30
1.19287e-30
1.15678e-30
1.03599e-30
8.69003e-31
7.13443e-31
6.17193e-31
6.01105e-31
6.42385e-31
7.03512e-31
7.36354e-31
7.21074e-31
6.58395e-31
5.6658e-31
4.81771e-31
4.15404e-31
3.86896e-31
3.85993e-31
3.97822e-31
4.13989e-31
4.05325e-31
3.82293e-31
3.38278e-31
2.89921e-31
2.6296e-31
2.4769e-31
2.61778e-31
2.7331e-31
2.66151e-31
2.41708e-31
1.84191e-31
1.37059e-31
1.09353e-31
1.12953e-31
1.54728e-31
1.90675e-31
2.13609e-31
2.01357e-31
1.55068e-31
1.0832e-31
6.57178e-32
4.83005e-32
4.79978e-32
4.47019e-32
4.27872e-32
3.55018e-32
4.36298e-32
8.05141e-32
1.29457e-31
1.75893e-31
1.75363e-31
1.09275e-31
-1.25185e-33
-1.24092e-31
-1.85362e-31
-1.51739e-31
-3.19076e-32
1.36123e-31
2.55878e-31
2.76992e-31
1.79604e-31
-5.50978e-33
-1.77097e-31
-2.72266e-31
-2.36508e-31
-8.45829e-32
9.74912e-32
2.42245e-31
2.66758e-31
1.67728e-31
1.66412e-33
-1.67697e-31
-2.44659e-31
-2.11885e-31
-9.17566e-32
6.28105e-32
1.62747e-31
1.84655e-31
1.2121e-31
9.64771e-33
-8.53729e-32
-1.43994e-31
-1.40821e-31
-9.69382e-32
-4.18574e-32
1.51968e-32
4.7241e-32
6.43697e-32
6.31585e-32
4.21753e-32
1.41654e-32
-2.73475e-32
-6.34343e-32
-8.95354e-32
-9.88766e-32
-8.53495e-32
-5.92464e-32
-2.00455e-32
1.72205e-32
4.95163e-32
6.47526e-32
5.67262e-32
2.90319e-32
-2.14042e-32
-6.74715e-32
-1.04535e-31
-1.14298e-31
-9.04871e-32
-5.49146e-32
-3.62692e-33
3.17609e-32
4.93128e-32
5.15186e-32
2.58075e-32
-1.76343e-33
-3.94003e-32
-7.28114e-32
-8.73108e-32
-9.05322e-32
-6.46998e-32
-2.76937e-32
1.14849e-32
4.30551e-32
4.6284e-32
3.0492e-32
-4.71552e-33
-4.34433e-32
-6.99899e-32
-8.10817e-32
-6.91573e-32
-4.30806e-32
-1.05583e-32
1.72942e-32
3.06915e-32
2.49948e-32
4.85094e-33
-1.98461e-32
-3.87608e-32
-3.88361e-32
-3.01241e-32
-1.61941e-32
-1.16325e-32
-2.44638e-32
-3.53529e-32
-4.205e-32
-2.17359e-32
1.78338e-32
5.13652e-32
6.56893e-32
3.12903e-32
-2.99017e-32
-9.19451e-32
-1.21862e-31
-8.94828e-32
-1.84107e-32
6.6589e-32
1.1522e-31
1.01225e-31
3.7202e-32
-5.20663e-32
-1.10472e-31
-1.15641e-31
-6.50603e-32
1.53796e-32
7.52429e-32
9.33203e-32
5.61279e-32
-9.75453e-33
-6.44103e-32
-8.47897e-32
-5.25057e-32
6.9633e-33
6.26258e-32
8.74763e-32
6.04449e-32
2.61468e-33
-6.13862e-32
-1.00616e-31
-8.93692e-32
-3.97437e-32
3.18456e-32
9.46188e-32
1.17243e-31
9.9697e-32
4.3848e-32
-2.76228e-32
-8.35899e-32
-1.14476e-31
-1.03218e-31
-5.7094e-32
5.70806e-33
7.51271e-32
1.20536e-31
1.32874e-31
1.05758e-31
3.88767e-32
-3.91009e-32
-1.09338e-31
-1.40197e-31
-1.14591e-31
-4.30626e-32
5.57572e-32
1.36785e-31
1.66981e-31
1.32918e-31
4.44703e-32
-5.52787e-32
-1.23666e-31
-1.29463e-31
-6.91316e-32
2.51772e-32
1.09767e-31
1.4574e-31
1.15342e-31
3.95929e-32
-4.4966e-32
-9.75634e-32
-8.86409e-32
-3.13573e-32
5.11259e-32
1.1647e-31
1.28652e-31
9.4506e-32
2.05683e-32
-4.78534e-32
-7.63142e-32
-6.36129e-32
-1.25787e-33
6.37906e-32
1.06733e-31
1.15335e-31
7.29743e-32
2.18653e-32
-2.63949e-32
-4.87268e-32
-2.90936e-32
4.06552e-33
4.9203e-32
7.9993e-32
8.56151e-32
7.75277e-32
5.31634e-32
3.11935e-32
1.81489e-32
1.09447e-32
1.30151e-32
1.5487e-32
1.37072e-32
1.4909e-32
1.50493e-32
2.48878e-32
4.7748e-32
7.17063e-32
1.00904e-31
1.09507e-31
9.55766e-32
6.04945e-32
2.46816e-33
-4.11427e-32
-6.69178e-32
-5.20196e-32
1.52344e-33
6.57231e-32
1.29078e-31
1.52684e-31
1.37548e-31
8.57912e-32
2.21941e-32
-2.67704e-32
-4.72387e-32
-2.59038e-32
4.8547e-33
5.36928e-32
7.41528e-32
7.4863e-32
6.79161e-32
2.31723e-32
1.38494e-32
-1.85506e-32
-2.46854e-32
-4.69525e-33
)
;

boundaryField
{
    left
    {
        type            calculated;
        value           uniform 0;
    }
    right
    {
        type            calculated;
        value           uniform 0;
    }
    empty
    {
        type            empty;
        value           nonuniform List<scalar> 0();
    }
}


// ************************************************************************* //
