/*--------------------------------*- C++ -*----------------------------------*\
| =========                 |                                                 |
| \\      /  F ield         | OpenFOAM: The Open Source CFD Toolbox           |
|  \\    /   O peration     | Version:  v1706                                 |
|   \\  /    A nd           | Web:      www.OpenFOAM.com                      |
|    \\/     M anipulation  |                                                 |
\*---------------------------------------------------------------------------*/
FoamFile
{
    version     2.0;
    format      ascii;
    class       surfaceScalarField;
    location    "0.16";
    object      phi;
}
// * * * * * * * * * * * * * * * * * * * * * * * * * * * * * * * * * * * * * //

dimensions      [0 3 -1 0 0 0 0];
oriented        oriented;


internalField   nonuniform List<scalar> 
799
(
1.46401e-33
2.19375e-33
2.85984e-33
3.96123e-33
4.07132e-33
5.06271e-33
5.44907e-33
5.82877e-33
6.58675e-33
6.6819e-33
7.28002e-33
7.58077e-33
7.80387e-33
8.26256e-33
8.36654e-33
8.68662e-33
8.89191e-33
9.01143e-33
9.24296e-33
9.31127e-33
9.4506e-33
9.54445e-33
9.58066e-33
9.65321e-33
9.65438e-33
9.66125e-33
9.64846e-33
9.6068e-33
9.56946e-33
9.51364e-33
9.44909e-33
9.38078e-33
9.30314e-33
9.22425e-33
9.14365e-33
9.06165e-33
8.97664e-33
8.89539e-33
8.81611e-33
8.74483e-33
8.68227e-33
8.6243e-33
8.57198e-33
8.53057e-33
8.49314e-33
8.46271e-33
8.43831e-33
8.42434e-33
8.41706e-33
8.41729e-33
8.42444e-33
8.43347e-33
8.444e-33
8.45905e-33
8.47861e-33
8.51171e-33
8.54857e-33
8.59145e-33
8.6396e-33
8.68427e-33
8.73465e-33
8.78751e-33
8.84477e-33
8.90309e-33
8.96154e-33
9.01892e-33
9.0708e-33
9.1249e-33
9.17932e-33
9.24305e-33
9.31665e-33
9.39886e-33
9.48964e-33
9.58947e-33
9.69609e-33
9.81077e-33
9.9317e-33
1.006e-32
1.01929e-32
1.03293e-32
1.04611e-32
1.05971e-32
1.0731e-32
1.08665e-32
1.09898e-32
1.11145e-32
1.1233e-32
1.13526e-32
1.14711e-32
1.15874e-32
1.17024e-32
1.18191e-32
1.19318e-32
1.20492e-32
1.21695e-32
1.22883e-32
1.24072e-32
1.25216e-32
1.26296e-32
1.27229e-32
1.2806e-32
1.28786e-32
1.29402e-32
1.29906e-32
1.30328e-32
1.30679e-32
1.30953e-32
1.31204e-32
1.31437e-32
1.31639e-32
1.31848e-32
1.32004e-32
1.32199e-32
1.32363e-32
1.32566e-32
1.32772e-32
1.32979e-32
1.33121e-32
1.33325e-32
1.33573e-32
1.33835e-32
1.34187e-32
1.3459e-32
1.35067e-32
1.35563e-32
1.3604e-32
1.365e-32
1.36997e-32
1.37567e-32
1.38148e-32
1.38773e-32
1.39385e-32
1.40044e-32
1.40736e-32
1.41451e-32
1.42168e-32
1.4291e-32
1.43679e-32
1.44467e-32
1.4528e-32
1.46123e-32
1.46973e-32
1.4784e-32
1.4874e-32
1.49618e-32
1.505e-32
1.51352e-32
1.5217e-32
1.52969e-32
1.5374e-32
1.54436e-32
1.55128e-32
1.55801e-32
1.56422e-32
1.57039e-32
1.5764e-32
1.58211e-32
1.58807e-32
1.59322e-32
1.59792e-32
1.60206e-32
1.60642e-32
1.61071e-32
1.61515e-32
1.61925e-32
1.6228e-32
1.62576e-32
1.62834e-32
1.63019e-32
1.63194e-32
1.63317e-32
1.63377e-32
1.63426e-32
1.63426e-32
1.63408e-32
1.63358e-32
1.63275e-32
1.63102e-32
1.62861e-32
1.62561e-32
1.62124e-32
1.61598e-32
1.61011e-32
1.60319e-32
1.59536e-32
1.58804e-32
1.58017e-32
1.57264e-32
1.56548e-32
1.55855e-32
1.55266e-32
1.54703e-32
1.54202e-32
1.5373e-32
1.53272e-32
1.52899e-32
1.5257e-32
1.52252e-32
1.51963e-32
1.51687e-32
1.51394e-32
1.51126e-32
1.50882e-32
1.50769e-32
1.5079e-32
1.51012e-32
1.51378e-32
1.51892e-32
1.52596e-32
1.5346e-32
1.54443e-32
1.55474e-32
1.56655e-32
1.57941e-32
1.59326e-32
1.60742e-32
1.62221e-32
1.63651e-32
1.64998e-32
1.66277e-32
1.67428e-32
1.68451e-32
1.69504e-32
1.70595e-32
1.71638e-32
1.72656e-32
1.73662e-32
1.74679e-32
1.7564e-32
1.76591e-32
1.77396e-32
1.78164e-32
1.78908e-32
1.79508e-32
1.80029e-32
1.80385e-32
1.80634e-32
1.80735e-32
1.80653e-32
1.80437e-32
1.80016e-32
1.79412e-32
1.78655e-32
1.77877e-32
1.7697e-32
1.75955e-32
1.74803e-32
1.7354e-32
1.72147e-32
1.70584e-32
1.68874e-32
1.66991e-32
1.64971e-32
1.6281e-32
1.60521e-32
1.58136e-32
1.55675e-32
1.53158e-32
1.50569e-32
1.48026e-32
1.45323e-32
1.42699e-32
1.40157e-32
1.37562e-32
1.35071e-32
1.32746e-32
1.30587e-32
1.28466e-32
1.26431e-32
1.24498e-32
1.22622e-32
1.20807e-32
1.1904e-32
1.17319e-32
1.15608e-32
1.13972e-32
1.12338e-32
1.10696e-32
1.09011e-32
1.0727e-32
1.05591e-32
1.03945e-32
1.02337e-32
1.00793e-32
9.93058e-33
9.78933e-33
9.65193e-33
9.52188e-33
9.39718e-33
9.27757e-33
9.16303e-33
9.04841e-33
8.9358e-33
8.82454e-33
8.71457e-33
8.60923e-33
8.50669e-33
8.40507e-33
8.3114e-33
8.22413e-33
8.13856e-33
8.0558e-33
7.97756e-33
7.90534e-33
7.83312e-33
7.76616e-33
7.71275e-33
7.67062e-33
7.64288e-33
7.6267e-33
7.62219e-33
7.62849e-33
7.64504e-33
7.66422e-33
7.68943e-33
7.72483e-33
7.76952e-33
7.82158e-33
7.887e-33
7.96271e-33
8.05e-33
8.15374e-33
8.26289e-33
8.38245e-33
8.50227e-33
8.62889e-33
8.75578e-33
8.88796e-33
9.0152e-33
9.14252e-33
9.26177e-33
9.37346e-33
9.47467e-33
9.55555e-33
9.69134e-33
9.56495e-33
1.04075e-32
8.26796e-33
1.38246e-32
2.49543e-33
2.10137e-32
3.74654e-34
2.93027e-34
7.50827e-32
-1.5858e-31
3.28833e-31
-3.93523e-31
2.76293e-31
4.24266e-31
-1.8773e-30
3.89243e-30
-5.66719e-30
4.91324e-30
1.02358e-30
-1.35049e-29
3.1937e-29
-4.60163e-29
4.24416e-29
-3.95351e-30
-8.03033e-29
1.84949e-28
-2.66243e-28
2.37383e-28
-1.90559e-29
-3.72466e-28
8.54266e-28
-1.13818e-27
9.12225e-28
-1.63094e-29
-1.53368e-27
3.06221e-27
-3.71896e-27
2.66718e-27
5.96664e-28
-4.9843e-27
8.81646e-27
-9.62394e-27
5.34866e-27
3.112e-27
-1.34535e-26
2.04359e-26
-1.89328e-26
7.97098e-27
1.08526e-26
-2.90662e-26
3.72787e-26
-3.00709e-26
5.71686e-27
2.53607e-26
-4.99042e-26
5.58164e-26
-3.51218e-26
-3.10086e-27
4.44997e-26
-7.02061e-26
6.46624e-26
-3.15728e-26
-1.79829e-26
6.13596e-26
-7.71868e-26
6.13595e-26
-1.79826e-26
-3.15731e-26
6.46626e-26
-7.02061e-26
4.44995e-26
-3.10064e-27
-3.5122e-26
5.58165e-26
-4.99042e-26
2.53606e-26
5.71702e-27
-3.0071e-26
3.72787e-26
-2.90662e-26
1.08526e-26
7.97107e-27
-1.89328e-26
2.04359e-26
-1.34535e-26
3.11195e-27
5.3487e-27
-9.62396e-27
8.81646e-27
-4.98429e-27
5.96645e-28
2.66719e-27
-3.71897e-27
3.06221e-27
-1.53367e-27
-1.63171e-29
9.12224e-28
-1.13819e-27
8.5426e-28
-3.72469e-28
-1.90616e-29
2.37378e-28
-2.66248e-28
1.84943e-28
-8.03091e-29
-3.95986e-30
4.2435e-29
-4.6023e-29
3.19298e-29
-1.35122e-29
1.01603e-30
4.90545e-30
-5.67512e-30
3.88427e-30
-1.88561e-30
4.15799e-31
2.67687e-31
-4.02217e-31
3.20026e-31
-1.67456e-31
6.61173e-32
-8.75019e-33
-8.74098e-33
1.18475e-32
-6.71367e-33
4.59082e-33
-9.8403e-34
1.14653e-33
2.91146e-34
4.18288e-34
2.97917e-34
2.48923e-34
2.05532e-34
1.8112e-34
1.625e-34
1.57986e-34
1.51216e-34
1.57422e-34
1.57986e-34
1.6551e-34
1.76747e-34
1.93345e-34
2.09896e-34
2.28704e-34
2.46007e-34
2.58045e-34
2.62182e-34
2.7027e-34
2.74031e-34
2.73843e-34
2.70082e-34
2.63311e-34
2.55035e-34
2.40248e-34
2.27388e-34
2.08392e-34
1.84435e-34
1.56482e-34
1.27659e-34
9.25349e-35
4.92767e-35
6.58277e-37
-5.27562e-35
-1.09615e-34
-1.69242e-34
-2.27928e-34
-2.903e-34
-3.54905e-34
-4.20545e-34
-4.94084e-34
-5.57466e-34
-6.30065e-34
-6.90626e-34
-7.50671e-34
-8.02722e-34
-8.53127e-34
-9.01087e-34
-9.40395e-34
-9.75002e-34
-9.99828e-34
-1.02015e-33
-1.03218e-33
-1.02917e-33
-1.0224e-33
-1.00133e-33
-9.71993e-34
-9.40395e-34
-9.04472e-34
-8.66668e-34
-8.30557e-34
-7.90779e-34
-7.53821e-34
-7.14536e-34
-6.86865e-34
-6.62038e-34
-6.42196e-34
-6.35801e-34
-6.36175e-34
-6.47865e-34
-6.75714e-34
-7.07624e-34
-7.43885e-34
-7.80666e-34
-8.25207e-34
-8.67986e-34
-9.14629e-34
-9.60892e-34
-1.00857e-33
-1.056e-33
-1.10732e-33
-1.15767e-33
-1.20789e-33
-1.25739e-33
-1.2999e-33
-1.3297e-33
-1.36361e-33
-1.40013e-33
-1.4381e-33
-1.47501e-33
-1.51817e-33
-1.55918e-33
-1.59792e-33
-1.64682e-33
-1.70926e-33
-1.78149e-33
-1.85672e-33
-1.94624e-33
-2.03351e-33
-2.1221e-33
-2.20523e-33
-2.28836e-33
-2.36829e-33
-2.44726e-33
-2.52703e-33
-2.59982e-33
-2.6664e-33
-2.72865e-33
-2.7896e-33
-2.843e-33
-2.88231e-33
-2.9156e-33
-2.93963e-33
-2.94444e-33
-2.93728e-33
-2.91644e-33
-2.883e-33
-2.83809e-33
-2.78344e-33
-2.71906e-33
-2.64409e-33
-2.56457e-33
-2.47156e-33
-2.37292e-33
-2.26857e-33
-2.16123e-33
-2.05134e-33
-1.92971e-33
-1.80457e-33
-1.67315e-33
-1.5336e-33
-1.39329e-33
-1.25938e-33
-1.12095e-33
-9.85534e-34
-8.55948e-34
-7.31252e-34
-6.22918e-34
-5.17594e-34
-4.22802e-34
-3.37038e-34
-2.62841e-34
-1.98988e-34
-1.42235e-34
-8.83384e-35
-3.35515e-35
1.60337e-35
6.44994e-35
1.12095e-34
1.55635e-34
2.08015e-34
2.58797e-34
3.25753e-34
4.04746e-34
4.89006e-34
5.85208e-34
6.78589e-34
7.72817e-34
8.77389e-34
9.87039e-34
1.11042e-33
1.23681e-33
1.37373e-33
1.50614e-33
1.6329e-33
1.7529e-33
1.87176e-33
1.98748e-33
2.10799e-33
2.22159e-33
2.33143e-33
2.42848e-33
2.51245e-33
2.58872e-33
2.6529e-33
2.70352e-33
2.75009e-33
2.78808e-33
2.81818e-33
2.83943e-33
2.86482e-33
2.88513e-33
2.90907e-33
2.93629e-33
2.96911e-33
3.00475e-33
3.03484e-33
3.05892e-33
3.07679e-33
3.0955e-33
3.11173e-33
3.1327e-33
3.14939e-33
3.15983e-33
3.16391e-33
3.16829e-33
3.17628e-33
3.17929e-33
3.18305e-33
3.18756e-33
3.18832e-33
3.19687e-33
3.20741e-33
3.21916e-33
3.23604e-33
3.25838e-33
3.28452e-33
3.32251e-33
3.37038e-33
3.41702e-33
3.46667e-33
3.512e-33
3.55846e-33
3.6066e-33
3.65306e-33
3.69707e-33
3.72545e-33
3.74293e-33
3.74164e-33
3.73383e-33
3.72184e-33
3.70234e-33
3.67563e-33
3.64121e-33
3.6051e-33
3.55093e-33
3.49752e-33
3.43959e-33
3.38317e-33
3.33276e-33
3.28963e-33
3.2485e-33
3.21013e-33
3.18437e-33
3.16123e-33
3.1507e-33
3.14496e-33
3.14591e-33
3.15063e-33
3.15084e-33
3.15607e-33
3.15271e-33
3.14821e-33
3.13931e-33
3.11799e-33
3.08845e-33
3.05166e-33
3.00188e-33
2.95612e-33
2.90077e-33
2.84515e-33
2.78753e-33
2.72918e-33
2.6747e-33
2.61057e-33
2.54949e-33
2.49128e-33
2.43552e-33
2.38608e-33
2.34032e-33
2.30152e-33
2.26955e-33
2.23889e-33
2.21783e-33
2.21783e-33
2.21783e-33
2.22987e-33
2.25244e-33
2.2735e-33
2.29908e-33
2.31713e-33
2.3255e-33
2.32061e-33
2.30693e-33
2.27616e-33
2.24227e-33
2.20211e-33
2.15997e-33
2.10907e-33
2.05138e-33
1.98612e-33
1.91465e-33
1.83734e-33
1.75365e-33
1.66262e-33
1.57761e-33
1.48959e-33
1.40683e-33
1.32558e-33
1.23925e-33
1.15927e-33
1.08409e-33
1.01262e-33
9.56194e-34
9.03532e-34
8.57641e-34
8.26984e-34
7.93694e-34
7.786e-34
7.65341e-34
7.5683e-34
7.70278e-34
7.77895e-34
8.12502e-34
8.34386e-34
8.71182e-34
9.55442e-34
9.66162e-34
1.08296e-33
1.13374e-33
1.17352e-33
1.36997e-33
1.29699e-33
1.53322e-33
1.58513e-33
1.53341e-33
1.9801e-33
1.65547e-33
2.09294e-33
2.20429e-33
1.84092e-33
2.80501e-33
1.96956e-33
2.61129e-33
2.95912e-33
1.87703e-33
3.76149e-33
2.16818e-33
3.05591e-33
3.80677e-33
1.88681e-33
4.5959e-33
2.44051e-33
2.91748e-33
3.17177e-33
)
;

boundaryField
{
    left
    {
        type            calculated;
        value           uniform 0;
    }
    right
    {
        type            calculated;
        value           uniform 0;
    }
    empty
    {
        type            empty;
        value           nonuniform 0();
    }
}


// ************************************************************************* //
