/*--------------------------------*- C++ -*----------------------------------*\
| =========                 |                                                 |
| \\      /  F ield         | OpenFOAM: The Open Source CFD Toolbox           |
|  \\    /   O peration     | Version:  2106                                  |
|   \\  /    A nd           | Website:  www.openfoam.com                      |
|    \\/     M anipulation  |                                                 |
\*---------------------------------------------------------------------------*/
FoamFile
{
    version     2.0;
    format      ascii;
    arch        "LSB;label=32;scalar=64";
    class       surfaceScalarField;
    location    "0.076";
    object      phi;
}
// * * * * * * * * * * * * * * * * * * * * * * * * * * * * * * * * * * * * * //

dimensions      [0 3 -1 0 0 0 0];

oriented        oriented;

internalField   nonuniform List<scalar> 
799
(
1.7708e-32
4.54083e-32
5.8467e-32
4.74892e-32
2.21123e-32
-4.48426e-32
-1.04539e-31
-1.50731e-31
-1.61098e-31
-1.23649e-31
-6.81648e-32
-6.20332e-33
3.19493e-32
4.13643e-32
1.94454e-32
-2.01209e-32
-7.13557e-32
-1.24058e-31
-1.64384e-31
-1.92361e-31
-1.84197e-31
-1.48069e-31
-8.68579e-32
-1.60469e-32
2.45827e-32
3.37177e-32
-7.91813e-33
-7.85238e-32
-1.44805e-31
-1.97388e-31
-2.00235e-31
-1.72938e-31
-1.26617e-31
-7.15867e-32
-4.67255e-32
-3.56829e-32
-5.29249e-32
-9.08755e-32
-1.20813e-31
-1.5757e-31
-1.66601e-31
-1.54187e-31
-1.30789e-31
-8.41443e-32
-5.89667e-32
-4.87275e-32
-6.46898e-32
-1.13701e-31
-1.53704e-31
-1.90043e-31
-1.92019e-31
-1.58217e-31
-1.15075e-31
-6.08024e-32
-3.64128e-32
-4.25872e-32
-7.57026e-32
-1.34799e-31
-1.80203e-31
-2.05347e-31
-1.9217e-31
-1.39012e-31
-7.68967e-32
-2.19473e-32
-9.11206e-33
-4.98327e-32
-1.23603e-31
-2.0709e-31
-2.52479e-31
-2.34918e-31
-1.63489e-31
-6.16824e-32
1.48221e-32
3.14288e-32
-1.55579e-32
-1.09233e-31
-1.95626e-31
-2.40133e-31
-2.28494e-31
-1.69094e-31
-1.02692e-31
-5.3519e-32
-3.79794e-32
-5.28036e-32
-7.67366e-32
-1.02488e-31
-1.21871e-31
-1.3981e-31
-1.59911e-31
-1.7197e-31
-1.69796e-31
-1.3847e-31
-8.57141e-32
-3.21104e-32
7.46298e-34
-1.79518e-32
-7.63528e-32
-1.57942e-31
-2.27115e-31
-2.4029e-31
-2.04826e-31
-1.18867e-31
-2.78538e-32
2.55667e-32
3.47856e-32
-2.29786e-32
-1.02064e-31
-1.75664e-31
-2.1941e-31
-2.02229e-31
-1.58213e-31
-9.52778e-32
-4.84642e-32
-3.97163e-32
-5.09884e-32
-8.14473e-32
-9.81337e-32
-9.54859e-32
-8.25997e-32
-6.85634e-32
-7.83425e-32
-1.08696e-31
-1.5009e-31
-1.80775e-31
-1.79215e-31
-1.44409e-31
-8.49087e-32
-2.53185e-32
1.26194e-32
1.81037e-32
-1.17214e-32
-6.39785e-32
-1.24825e-31
-1.80041e-31
-2.11801e-31
-2.14436e-31
-1.8062e-31
-1.16383e-31
-4.25451e-32
2.23268e-32
4.77055e-32
2.52299e-32
-3.78915e-32
-1.22004e-31
-1.86767e-31
-2.13189e-31
-1.89626e-31
-1.29314e-31
-6.6519e-32
-2.31473e-32
-2.23084e-32
-5.68285e-32
-1.03782e-31
-1.40831e-31
-1.41314e-31
-1.08385e-31
-5.75507e-32
-1.57926e-32
-1.29444e-32
-5.2951e-32
-1.2403e-31
-1.90837e-31
-2.17744e-31
-1.86806e-31
-1.06584e-31
-1.71949e-32
4.09192e-32
3.30259e-32
-3.346e-32
-1.23402e-31
-1.94155e-31
-2.01038e-31
-1.54637e-31
-7.71608e-32
-1.44716e-32
-8.0558e-33
-4.40237e-32
-1.129e-31
-1.62512e-31
-1.64687e-31
-1.28463e-31
-5.75183e-32
-8.09192e-33
5.3075e-33
-2.38153e-32
-9.12379e-32
-1.47263e-31
-1.83781e-31
-1.76171e-31
-1.29191e-31
-7.39497e-32
-1.81347e-32
4.75313e-33
-3.94891e-33
-3.56816e-32
-8.44332e-32
-1.22269e-31
-1.46758e-31
-1.50834e-31
-1.33548e-31
-1.07455e-31
-7.24232e-32
-3.91963e-32
-1.72649e-32
-1.06513e-32
-2.98288e-32
-6.95213e-32
-1.15887e-31
-1.52477e-31
-1.55567e-31
-1.21523e-31
-6.33819e-32
-6.11633e-33
1.49907e-32
-1.34052e-32
-8.11102e-32
-1.56263e-31
-1.93368e-31
-1.67194e-31
-8.43949e-32
1.87703e-32
8.58107e-32
7.62819e-32
-9.82977e-33
-1.38459e-31
-2.42679e-31
-2.67072e-31
-1.99464e-31
-6.25976e-32
7.20764e-32
1.41253e-31
1.16999e-31
4.37716e-33
-1.31226e-31
-2.30226e-31
-2.50672e-31
-1.80056e-31
-6.65747e-32
4.39067e-32
1.02844e-31
8.5995e-32
1.796e-32
-7.2218e-32
-1.39427e-31
-1.54964e-31
-1.21599e-31
-5.63696e-32
6.42629e-33
3.77618e-32
2.82209e-32
-7.94897e-33
-4.65925e-32
-5.71822e-32
-2.89883e-32
1.916e-32
6.52713e-32
7.32636e-32
3.56651e-32
-2.29366e-32
-7.47908e-32
-7.63112e-32
-1.97543e-32
6.90341e-32
1.57489e-31
1.98786e-31
1.80589e-31
1.25373e-31
6.0748e-32
2.87896e-32
4.38608e-32
8.83144e-32
1.49577e-31
1.96943e-31
2.23581e-31
2.43516e-31
2.54037e-31
2.73361e-31
2.9454e-31
3.07893e-31
3.23636e-31
3.33962e-31
3.55319e-31
3.89464e-31
4.25059e-31
4.61178e-31
4.84548e-31
5.06135e-31
5.42364e-31
6.05072e-31
6.96023e-31
7.91562e-31
8.60573e-31
8.78704e-31
8.53594e-31
8.17139e-31
8.21057e-31
9.00357e-31
1.04863e-30
1.23241e-30
1.38557e-30
1.4699e-30
1.48294e-30
1.45701e-30
1.45964e-30
1.52534e-30
1.66597e-30
1.85094e-30
2.02466e-30
2.16112e-30
2.24656e-30
2.31199e-30
2.39671e-30
2.51876e-30
2.68714e-30
2.87001e-30
3.04226e-30
3.19179e-30
3.31824e-30
3.45557e-30
3.62151e-30
3.82742e-30
4.06731e-30
4.30635e-30
4.5307e-30
4.72599e-30
4.90399e-30
5.09996e-30
5.32851e-30
5.61212e-30
5.93489e-30
6.26491e-30
6.58251e-30
6.85549e-30
7.10182e-30
7.34645e-30
7.61999e-30
7.96484e-30
8.36897e-30
8.81947e-30
9.27281e-30
9.6764e-30
1.00156e-29
1.02931e-29
1.05124e-29
1.08922e-29
1.13817e-29
1.26987e-29
1.50798e-29
1.86542e-29
2.54906e-29
2.81345e-29
3.08836e-29
1.3775e-29
-2.90113e-29
-8.04177e-29
-1.86039e-28
-1.76703e-28
-1.15931e-28
1.72073e-28
8.16293e-28
1.18165e-27
1.82413e-27
1.06253e-27
-7.55332e-28
-3.03061e-27
-7.53699e-27
-7.20737e-27
-5.92502e-27
1.75436e-27
1.68824e-26
2.2674e-26
3.30548e-26
1.66544e-26
-1.3605e-26
-4.10013e-26
-9.04896e-26
-7.13164e-26
-4.21888e-26
3.15762e-26
1.54631e-25
1.62741e-25
1.92004e-25
5.43173e-26
-1.45594e-25
-2.41556e-25
-4.15705e-25
-2.36518e-25
-3.16373e-26
2.1916e-25
5.89201e-25
4.55162e-25
3.8304e-25
-3.7078e-26
-5.43996e-25
-5.80043e-25
-7.54246e-25
-2.54572e-25
2.23634e-25
5.06854e-25
9.15299e-25
5.06865e-25
2.2365e-25
-2.54558e-25
-7.54241e-25
-5.80049e-25
-5.44008e-25
-3.7092e-26
3.83031e-25
4.55161e-25
5.89206e-25
2.19168e-25
-3.16315e-26
-2.36516e-25
-4.15707e-25
-2.41561e-25
-1.45599e-25
5.43136e-26
1.92002e-25
1.62741e-25
1.54631e-25
3.15766e-26
-4.21891e-26
-7.1317e-26
-9.04902e-26
-4.10022e-26
-1.36058e-26
1.66535e-26
3.30539e-26
2.26732e-26
1.68815e-26
1.75366e-27
-5.92563e-27
-7.2079e-27
-7.53746e-27
-3.03111e-27
-7.5584e-28
1.06197e-27
1.82354e-27
1.18105e-27
8.15708e-28
1.71562e-28
-1.16361e-28
-1.77032e-28
-1.863e-28
-8.06779e-29
-2.93154e-29
1.33656e-29
3.0392e-29
2.76107e-29
2.50082e-29
1.82999e-29
1.48621e-29
1.26012e-29
1.13318e-29
1.08016e-29
1.03371e-29
1.0007e-29
9.65307e-30
9.29783e-30
8.93245e-30
8.57637e-30
8.23868e-30
7.93336e-30
7.65266e-30
7.37306e-30
7.07347e-30
6.7395e-30
6.38013e-30
6.03082e-30
5.71849e-30
5.46975e-30
5.27771e-30
5.11286e-30
4.94934e-30
4.75118e-30
4.52044e-30
4.26474e-30
4.00443e-30
3.77102e-30
3.57041e-30
3.41624e-30
3.29708e-30
3.19308e-30
3.08711e-30
2.9521e-30
2.78329e-30
2.59057e-30
2.39646e-30
2.23519e-30
2.12919e-30
2.07216e-30
2.04546e-30
2.00586e-30
1.91831e-30
1.7838e-30
1.60901e-30
1.44513e-30
1.32833e-30
1.26907e-30
1.27201e-30
1.28521e-30
1.27784e-30
1.22251e-30
1.10615e-30
9.68272e-31
8.3441e-31
7.46145e-31
7.25131e-31
7.53176e-31
8.06155e-31
8.34706e-31
8.01968e-31
7.02579e-31
5.56658e-31
4.14429e-31
3.3092e-31
3.30815e-31
4.05968e-31
5.09335e-31
5.75763e-31
5.65989e-31
4.70614e-31
3.28145e-31
1.9624e-31
1.22793e-31
1.28684e-31
1.91134e-31
2.72647e-31
3.25112e-31
3.28714e-31
2.84187e-31
2.09826e-31
1.41792e-31
9.15298e-32
7.84869e-32
9.24268e-32
1.18495e-31
1.4831e-31
1.52735e-31
1.42237e-31
1.10226e-31
7.33612e-32
5.73984e-32
5.26501e-32
7.67995e-32
9.79465e-32
9.99701e-32
8.42948e-32
3.51497e-32
-3.99424e-33
-2.40816e-32
-1.32152e-32
3.54815e-32
7.80237e-32
1.07237e-31
1.00967e-31
6.03724e-32
1.90396e-32
-1.84152e-32
-3.09407e-32
-2.65929e-32
-2.54742e-32
-2.31947e-32
-2.65011e-32
-1.45981e-32
2.58661e-32
7.82039e-32
1.27855e-31
1.30375e-31
6.71743e-32
-4.06236e-32
-1.60883e-31
-2.19712e-31
-1.83782e-31
-6.17588e-32
1.08335e-31
2.30045e-31
2.53005e-31
1.57359e-31
-2.61148e-32
-1.9616e-31
-2.89875e-31
-2.52748e-31
-9.95284e-32
8.37708e-32
2.29673e-31
2.55267e-31
1.57255e-31
-7.85456e-33
-1.76318e-31
-2.52441e-31
-2.18879e-31
-9.80095e-32
5.72532e-32
1.57845e-31
1.80363e-31
1.17493e-31
6.46992e-33
-8.80466e-32
-1.462e-31
-1.42587e-31
-9.82924e-32
-4.28271e-32
1.459e-32
4.69761e-32
6.44156e-32
6.34955e-32
4.27892e-32
1.50335e-32
-2.62431e-32
-6.2109e-32
-8.80097e-32
-9.71669e-32
-8.34718e-32
-5.72167e-32
-1.7869e-32
1.95241e-32
5.19422e-32
6.72883e-32
5.93608e-32
3.17598e-32
-1.85911e-32
-6.45803e-32
-1.01574e-31
-1.11269e-31
-8.73951e-32
-5.17609e-32
-4.15279e-34
3.50216e-32
5.2617e-32
5.48529e-32
2.91568e-32
1.59491e-33
-3.60375e-32
-6.94458e-32
-8.39465e-32
-8.71724e-32
-6.1351e-32
-2.43557e-32
1.48101e-32
4.63653e-32
4.95799e-32
3.37709e-32
-1.45648e-33
-4.02203e-32
-6.67965e-32
-7.79234e-32
-6.60367e-32
-4.00022e-32
-7.5274e-33
2.02794e-32
3.36316e-32
2.78872e-32
7.6977e-33
-1.7055e-32
-3.60269e-32
-3.61593e-32
-2.75073e-32
-1.3635e-32
-9.13124e-33
-2.20248e-32
-3.2977e-32
-3.97389e-32
-1.9488e-32
2.00142e-32
5.34762e-32
6.77265e-32
3.32524e-32
-2.80143e-32
-9.0135e-32
-1.20128e-31
-8.78277e-32
-1.68338e-32
6.80876e-32
1.16641e-31
1.02567e-31
3.84659e-32
-5.08822e-32
-1.09367e-31
-1.14616e-31
-6.41199e-32
1.62403e-32
7.60238e-32
9.402e-32
5.67454e-32
-9.2234e-33
-6.39619e-32
-8.44286e-32
-5.22318e-32
7.14867e-33
6.27206e-32
8.74799e-32
6.03583e-32
2.43412e-33
-6.16618e-32
-1.00989e-31
-8.98401e-32
-4.0311e-32
3.11835e-32
9.3859e-32
1.16386e-31
9.87438e-32
4.28008e-32
-2.87678e-32
-8.48267e-32
-1.15805e-31
-1.04642e-31
-5.86107e-32
4.09867e-33
7.34261e-32
1.18742e-31
1.30989e-31
1.03779e-31
3.67981e-32
-4.12751e-32
-1.11606e-31
-1.42553e-31
-1.17038e-31
-4.55964e-32
5.31316e-32
1.34072e-31
1.64183e-31
1.30035e-31
4.15134e-32
-5.83075e-32
-1.26768e-31
-1.32635e-31
-7.23681e-32
2.18781e-32
1.06407e-31
1.42321e-31
1.11866e-31
3.60638e-32
-4.85485e-32
-1.01196e-31
-9.23205e-32
-3.50828e-32
4.73583e-32
1.12662e-31
1.24803e-31
9.0624e-32
1.66616e-32
-5.17895e-32
-8.02744e-32
-6.75941e-32
-5.25719e-33
5.9775e-32
1.02706e-31
1.11305e-31
6.89408e-32
1.78299e-32
-3.04225e-32
-5.27509e-32
-3.31109e-32
5.9433e-35
4.52089e-32
7.60178e-32
8.16609e-32
7.35991e-32
4.92694e-32
2.73373e-32
1.43331e-32
7.1771e-33
9.29562e-33
1.18229e-32
1.00991e-32
1.13581e-32
1.15624e-32
2.14657e-32
4.43942e-32
6.84209e-32
9.76943e-32
1.06382e-31
9.25375e-32
5.75439e-32
-3.89512e-34
-4.39067e-32
-6.95829e-32
-5.45835e-32
-9.38891e-34
6.33657e-32
1.26829e-31
1.50551e-31
1.35525e-31
8.3884e-32
2.04096e-32
-2.84327e-32
-4.87794e-32
-2.73219e-32
3.56222e-33
5.25282e-32
7.31191e-32
7.39602e-32
6.71488e-32
2.25367e-32
1.33438e-32
-1.8929e-32
-2.49382e-32
-4.82284e-33
)
;

boundaryField
{
    left
    {
        type            calculated;
        value           uniform 0;
    }
    right
    {
        type            calculated;
        value           uniform 0;
    }
    empty
    {
        type            empty;
        value           nonuniform List<scalar> 0();
    }
}


// ************************************************************************* //
