/*--------------------------------*- C++ -*----------------------------------*\
| =========                 |                                                 |
| \\      /  F ield         | OpenFOAM: The Open Source CFD Toolbox           |
|  \\    /   O peration     | Version:  2106                                  |
|   \\  /    A nd           | Website:  www.openfoam.com                      |
|    \\/     M anipulation  |                                                 |
\*---------------------------------------------------------------------------*/
FoamFile
{
    version     2.0;
    format      ascii;
    arch        "LSB;label=32;scalar=64";
    class       surfaceScalarField;
    location    "0.094";
    object      phi;
}
// * * * * * * * * * * * * * * * * * * * * * * * * * * * * * * * * * * * * * //

dimensions      [0 3 -1 0 0 0 0];

oriented        oriented;

internalField   nonuniform List<scalar> 
799
(
1.72025e-32
4.43972e-32
5.69504e-32
4.54692e-32
1.95894e-32
-4.78684e-32
-1.08065e-31
-1.54754e-31
-1.65616e-31
-1.28663e-31
-7.36753e-32
-1.22072e-32
2.5455e-32
3.43833e-32
1.19804e-32
-2.80645e-32
-7.97741e-32
-1.32946e-31
-1.73736e-31
-2.02174e-31
-1.94465e-31
-1.58782e-31
-9.80178e-32
-2.76461e-32
1.25516e-32
2.12603e-32
-2.07948e-32
-9.18127e-32
-1.58496e-31
-2.11481e-31
-2.14725e-31
-1.87819e-31
-1.41878e-31
-8.72239e-32
-6.27296e-32
-5.2045e-32
-6.96362e-32
-1.07928e-31
-1.382e-31
-1.75286e-31
-1.8464e-31
-1.72539e-31
-1.49447e-31
-1.031e-31
-7.82151e-32
-6.82562e-32
-8.44908e-32
-1.33768e-31
-1.74029e-31
-2.10618e-31
-2.12839e-31
-1.79273e-31
-1.36358e-31
-8.23057e-32
-5.81278e-32
-6.45067e-32
-9.78177e-32
-1.57103e-31
-2.02691e-31
-2.28013e-31
-2.15011e-31
-1.6201e-31
-1.00045e-31
-4.52422e-32
-3.25482e-32
-7.34013e-32
-1.47298e-31
-2.30907e-31
-2.76412e-31
-2.58959e-31
-1.87631e-31
-8.59183e-32
-9.49799e-33
7.02814e-33
-4.00383e-32
-1.33785e-31
-2.20242e-31
-2.64809e-31
-2.53226e-31
-1.93878e-31
-1.27522e-31
-7.83891e-32
-6.28865e-32
-7.77444e-32
-1.01704e-31
-1.27479e-31
-1.46879e-31
-1.64834e-31
-1.84946e-31
-1.97015e-31
-1.94849e-31
-1.63523e-31
-1.1076e-31
-5.7149e-32
-2.42833e-32
-4.29708e-32
-1.01359e-31
-1.82932e-31
-2.52088e-31
-2.6524e-31
-2.29751e-31
-1.43766e-31
-5.2725e-32
7.25985e-34
9.97421e-33
-4.77508e-32
-1.26793e-31
-2.00357e-31
-2.4406e-31
-2.26837e-31
-1.82778e-31
-1.198e-31
-7.29401e-32
-6.41425e-32
-7.53706e-32
-1.0578e-31
-1.22418e-31
-1.19721e-31
-1.06784e-31
-9.26943e-32
-1.0242e-31
-1.32719e-31
-1.7406e-31
-2.04686e-31
-2.03076e-31
-1.68216e-31
-1.08658e-31
-4.90119e-32
-1.1017e-32
-5.47498e-33
-3.52439e-32
-8.74447e-32
-1.48235e-31
-2.03393e-31
-2.35096e-31
-2.37672e-31
-2.03798e-31
-1.39503e-31
-6.56074e-32
-6.77344e-34
2.47589e-32
2.34205e-33
-6.07216e-32
-1.44775e-31
-2.09481e-31
-2.35845e-31
-2.12222e-31
-1.51854e-31
-8.90006e-32
-4.55723e-32
-4.46744e-32
-7.91362e-32
-1.26031e-31
-1.63018e-31
-1.63442e-31
-1.30447e-31
-7.95496e-32
-3.77302e-32
-3.48202e-32
-7.47652e-32
-1.45777e-31
-2.12516e-31
-2.39354e-31
-2.08348e-31
-1.28056e-31
-3.85993e-32
1.95828e-32
1.1764e-32
-5.46483e-32
-1.44514e-31
-2.15187e-31
-2.21991e-31
-1.75507e-31
-9.7944e-32
-3.51663e-32
-2.86557e-32
-6.4525e-32
-1.33306e-31
-1.8281e-31
-1.84873e-31
-1.48533e-31
-7.74685e-32
-2.79139e-32
-1.43839e-32
-4.33665e-32
-1.1064e-31
-1.6651e-31
-2.02867e-31
-1.95086e-31
-1.47926e-31
-9.24838e-32
-3.64671e-32
-1.33641e-32
-2.18326e-32
-5.33174e-32
-1.01806e-31
-1.39364e-31
-1.63558e-31
-1.67319e-31
-1.49701e-31
-1.23256e-31
-8.78495e-32
-5.42234e-32
-3.18651e-32
-2.47971e-32
-4.34932e-32
-8.26742e-32
-1.28496e-31
-1.64505e-31
-1.66981e-31
-1.32278e-31
-7.34268e-32
-1.54104e-32
6.4955e-33
-2.10566e-32
-8.7863e-32
-1.62061e-31
-1.98148e-31
-1.70894e-31
-8.69452e-32
1.74425e-32
8.57791e-32
7.7621e-32
-7.02889e-33
-1.34112e-31
-2.36694e-31
-2.59348e-31
-1.89894e-31
-5.10748e-32
8.56678e-32
1.57034e-31
1.35101e-31
2.49338e-32
-1.08075e-31
-2.04333e-31
-2.21882e-31
-1.48202e-31
-3.14905e-32
8.24027e-32
1.44942e-31
1.31888e-31
6.78537e-32
-1.81053e-32
-8.0869e-32
-9.17284e-32
-5.34441e-32
1.69632e-32
8.51998e-32
1.22256e-31
1.18731e-31
8.88772e-32
5.68691e-32
5.3241e-32
8.87252e-32
1.44523e-31
1.98656e-31
2.15048e-31
1.86244e-31
1.36843e-31
9.46166e-32
1.03165e-31
1.70243e-31
2.70032e-31
3.69968e-31
4.23247e-31
4.17557e-31
3.75382e-31
3.24354e-31
3.06557e-31
3.36381e-31
3.96195e-31
4.73443e-31
5.37429e-31
5.81346e-31
6.19238e-31
6.48413e-31
6.87108e-31
7.28384e-31
7.62586e-31
7.9994e-31
8.32666e-31
8.77223e-31
9.35393e-31
9.95851e-31
1.05769e-30
1.10765e-30
1.15672e-30
1.22134e-30
1.31336e-30
1.43457e-30
1.56132e-30
1.66251e-30
1.7138e-30
1.72285e-30
1.72157e-30
1.76168e-30
1.87821e-30
2.06476e-30
2.28788e-30
2.48145e-30
2.60726e-30
2.66287e-30
2.68061e-30
2.72799e-30
2.83955e-30
3.02714e-30
3.26019e-30
3.48311e-30
3.66988e-30
3.80674e-30
3.9247e-30
4.06306e-30
4.23986e-30
4.46408e-30
4.70389e-30
4.93414e-30
5.14277e-30
5.32936e-30
5.52789e-30
5.75606e-30
6.02522e-30
6.32935e-30
6.63362e-30
6.92415e-30
7.18656e-30
7.43259e-30
7.69747e-30
7.99579e-30
8.35001e-30
8.74418e-30
9.14637e-30
9.53687e-30
9.88345e-30
1.0204e-29
1.05235e-29
1.08725e-29
1.12934e-29
1.1774e-29
1.23014e-29
1.28321e-29
1.33133e-29
1.37305e-29
1.40863e-29
1.4384e-29
1.48424e-29
1.54106e-29
1.68062e-29
1.9266e-29
2.2919e-29
2.98339e-29
3.25561e-29
3.53833e-29
1.83524e-29
-2.43565e-29
-7.56861e-29
-1.81231e-28
-1.71819e-28
-1.10972e-28
1.77107e-28
8.214e-28
1.18683e-27
1.82939e-27
1.06786e-27
-7.49939e-28
-3.02515e-27
-7.53146e-27
-7.20177e-27
-5.91936e-27
1.76009e-27
1.68882e-26
2.26799e-26
3.30608e-26
1.66603e-26
-1.3599e-26
-4.09952e-26
-9.04834e-26
-7.13102e-26
-4.21826e-26
3.15825e-26
1.54637e-25
1.62748e-25
1.9201e-25
5.43237e-26
-1.45588e-25
-2.4155e-25
-4.15698e-25
-2.36511e-25
-3.16307e-26
2.19167e-25
5.89208e-25
4.55169e-25
3.83047e-25
-3.70713e-26
-5.43989e-25
-5.80036e-25
-7.54239e-25
-2.54565e-25
2.23641e-25
5.06861e-25
9.15305e-25
5.06871e-25
2.23657e-25
-2.54552e-25
-7.54234e-25
-5.80042e-25
-5.44001e-25
-3.70853e-26
3.83038e-25
4.55167e-25
5.89212e-25
2.19174e-25
-3.16249e-26
-2.36509e-25
-4.157e-25
-2.41555e-25
-1.45592e-25
5.432e-26
1.92008e-25
1.62748e-25
1.54637e-25
3.15828e-26
-4.21829e-26
-7.13109e-26
-9.04841e-26
-4.09962e-26
-1.35998e-26
1.66594e-26
3.30598e-26
2.2679e-26
1.68873e-26
1.75933e-27
-5.92002e-27
-7.20235e-27
-7.53198e-27
-3.0257e-27
-7.50499e-28
1.06724e-27
1.82874e-27
1.18618e-27
8.2076e-28
1.7654e-28
-1.11457e-28
-1.72204e-28
-1.81548e-28
-7.60019e-29
-2.47163e-29
1.78874e-29
3.48363e-29
3.19771e-29
2.92965e-29
2.251e-29
1.8994e-29
1.66547e-29
1.53071e-29
1.46987e-29
1.41561e-29
1.37481e-29
1.33166e-29
1.2884e-29
1.24416e-29
1.2009e-29
1.15951e-29
1.12141e-29
1.08583e-29
1.05041e-29
1.01305e-29
9.7232e-30
9.29119e-30
8.86995e-30
8.48644e-30
8.16731e-30
7.90569e-30
7.67212e-30
7.44075e-30
7.17563e-30
6.87886e-30
6.55807e-30
6.23364e-30
5.93709e-30
5.67434e-30
5.45907e-30
5.27984e-30
5.11681e-30
4.95288e-30
4.76097e-30
4.53634e-30
4.2889e-30
4.04115e-30
3.82734e-30
3.66989e-30
3.56253e-30
3.48659e-30
3.39886e-30
3.26428e-30
3.08383e-30
2.8642e-30
2.65657e-30
2.4971e-30
2.39625e-30
2.35867e-30
2.33241e-30
2.28663e-30
2.19393e-30
2.04124e-30
1.86803e-30
1.69986e-30
1.57827e-30
1.52491e-30
1.52157e-30
1.54412e-30
1.54317e-30
1.48185e-30
1.35479e-30
1.18208e-30
1.01393e-30
9.05353e-31
8.81014e-31
9.32758e-31
1.01352e-30
1.05811e-30
1.02728e-30
9.11594e-31
7.49546e-31
5.98766e-31
5.07147e-31
4.95539e-31
5.41144e-31
6.06462e-31
6.43354e-31
6.31985e-31
5.73081e-31
4.84917e-31
4.03627e-31
3.4065e-31
3.15415e-31
3.17667e-31
3.32533e-31
3.51618e-31
3.45777e-31
3.25454e-31
2.84046e-31
2.38198e-31
2.13646e-31
2.00692e-31
2.17005e-31
2.30672e-31
2.2556e-31
2.03078e-31
1.47446e-31
1.02121e-31
7.61436e-32
8.13984e-32
1.24757e-31
1.62219e-31
1.86603e-31
1.75743e-31
1.30782e-31
8.53006e-32
4.39112e-32
2.76521e-32
2.84541e-32
2.62137e-32
2.53064e-32
1.89809e-32
2.8021e-32
6.57768e-32
1.1555e-31
1.62775e-31
1.63e-31
9.76296e-32
-1.22206e-32
-1.34414e-31
-1.95076e-31
-1.60875e-31
-4.04833e-32
1.28071e-31
2.48328e-31
2.69918e-31
1.72983e-31
-1.17064e-32
-1.82889e-31
-2.77678e-31
-2.41556e-31
-8.92894e-32
9.31067e-32
2.38167e-31
2.6297e-31
1.64213e-31
-1.5919e-33
-1.70707e-31
-2.47438e-31
-2.14446e-31
-9.41129e-32
6.06465e-32
1.60767e-31
1.82846e-31
1.19566e-31
8.15812e-33
-8.67135e-32
-1.452e-31
-1.41899e-31
-9.78974e-32
-4.27045e-32
1.44576e-32
4.66e-32
6.38145e-32
6.2689e-32
4.17877e-32
1.38539e-32
-2.75882e-32
-6.36124e-32
-8.96558e-32
-9.89431e-32
-8.53668e-32
-5.92193e-32
-1.99778e-32
1.73258e-32
4.96634e-32
6.49347e-32
5.69428e-32
2.92802e-32
-2.1125e-32
-6.7163e-32
-1.042e-31
-1.13934e-31
-9.00959e-32
-5.45031e-32
-3.19509e-33
3.22099e-32
4.97702e-32
5.19911e-32
2.62935e-32
-1.26239e-33
-3.88842e-32
-7.22878e-32
-8.67797e-32
-8.99936e-32
-6.41581e-32
-2.71498e-32
1.20295e-32
4.35997e-32
4.68234e-32
3.10289e-32
-4.17611e-33
-4.29046e-32
-6.94542e-32
-8.0552e-32
-6.86325e-32
-4.25631e-32
-1.00552e-32
1.77878e-32
3.1176e-32
2.54702e-32
5.32038e-33
-1.93887e-32
-3.8317e-32
-3.84073e-32
-2.97065e-32
-1.5786e-32
-1.12366e-32
-2.40832e-32
-3.49902e-32
-4.17024e-32
-2.13989e-32
1.81605e-32
5.16856e-32
6.60007e-32
3.15883e-32
-2.96152e-32
-9.16728e-32
-1.21603e-31
-8.92368e-32
-1.81835e-32
6.68027e-32
1.1542e-31
1.01412e-31
3.73751e-32
-5.19038e-32
-1.10323e-31
-1.15505e-31
-6.49384e-32
1.54872e-32
7.53355e-32
9.33971e-32
5.61923e-32
-9.70488e-33
-6.43712e-32
-8.47608e-32
-5.24876e-32
6.96932e-33
6.26183e-32
8.74541e-32
6.04087e-32
2.56164e-33
-6.14548e-32
-1.007e-31
-8.94677e-32
-3.98566e-32
3.17192e-32
9.44774e-32
1.17085e-31
9.95254e-32
4.36629e-32
-2.78252e-32
-8.38065e-32
-1.14704e-31
-1.03462e-31
-5.73536e-32
5.43361e-33
7.48382e-32
1.20233e-31
1.32556e-31
1.05424e-31
3.85216e-32
-3.94786e-32
-1.09736e-31
-1.40609e-31
-1.15023e-31
-4.3511e-32
5.52907e-32
1.36305e-31
1.66488e-31
1.32409e-31
4.395e-32
-5.58098e-32
-1.24207e-31
-1.30014e-31
-6.96864e-32
2.46162e-32
1.09199e-31
1.45167e-31
1.14763e-31
3.90091e-32
-4.55528e-32
-9.81547e-32
-8.9233e-32
-3.19516e-32
5.05256e-32
1.15868e-31
1.28047e-31
9.38966e-32
1.99597e-32
-4.84697e-32
-7.69349e-32
-6.42328e-32
-1.88079e-33
6.31622e-32
1.06101e-31
1.14703e-31
7.23416e-32
2.12334e-32
-2.70232e-32
-4.9361e-32
-2.9733e-32
3.41777e-33
4.8553e-32
7.93491e-32
8.49802e-32
7.69003e-32
5.2547e-32
3.05883e-32
1.75561e-32
1.03669e-32
1.24433e-32
1.49224e-32
1.31527e-32
1.43644e-32
1.45144e-32
2.43606e-32
4.72289e-32
7.11932e-32
1.00401e-31
1.0902e-31
9.51045e-32
6.00371e-32
2.02524e-33
-4.1567e-32
-6.73225e-32
-5.2406e-32
1.14954e-33
6.53609e-32
1.28728e-31
1.5235e-31
1.37226e-31
8.54827e-32
2.19067e-32
-2.70376e-32
-4.749e-32
-2.614e-32
4.63728e-33
5.34957e-32
7.39753e-32
7.4699e-32
6.77747e-32
2.30567e-32
1.37561e-32
-1.86236e-32
-2.47384e-32
-4.72292e-33
)
;

boundaryField
{
    left
    {
        type            calculated;
        value           uniform 0;
    }
    right
    {
        type            calculated;
        value           uniform 0;
    }
    empty
    {
        type            empty;
        value           nonuniform List<scalar> 0();
    }
}


// ************************************************************************* //
