/*--------------------------------*- C++ -*----------------------------------*\
| =========                 |                                                 |
| \\      /  F ield         | OpenFOAM: The Open Source CFD Toolbox           |
|  \\    /   O peration     | Version:  2106                                  |
|   \\  /    A nd           | Website:  www.openfoam.com                      |
|    \\/     M anipulation  |                                                 |
\*---------------------------------------------------------------------------*/
FoamFile
{
    version     2.0;
    format      ascii;
    arch        "LSB;label=32;scalar=64";
    class       surfaceScalarField;
    location    "0.038";
    object      phi;
}
// * * * * * * * * * * * * * * * * * * * * * * * * * * * * * * * * * * * * * //

dimensions      [0 3 -1 0 0 0 0];

oriented        oriented;

internalField   nonuniform List<scalar> 
799
(
1.91367e-32
4.82658e-32
6.27522e-32
5.31993e-32
2.92358e-32
-3.63128e-32
-9.46075e-32
-1.39404e-31
-1.48382e-31
-1.09557e-31
-5.27086e-32
1.0604e-32
5.0096e-32
6.08366e-32
4.02278e-32
1.95414e-33
-4.80053e-32
-9.94517e-32
-1.3854e-31
-1.653e-31
-1.55943e-31
-1.18644e-31
-5.62853e-32
1.56497e-32
5.73837e-32
6.76005e-32
2.70217e-32
-4.2545e-32
-1.0782e-31
-1.59429e-31
-1.61324e-31
-1.33103e-31
-8.58814e-32
-2.99802e-32
-4.27222e-33
7.5905e-33
-8.85726e-33
-4.60397e-32
-7.52377e-32
-1.11281e-31
-1.19629e-31
-1.06555e-31
-8.25238e-32
-3.52686e-32
-9.51116e-33
1.2827e-33
-1.41511e-32
-6.26601e-32
-1.02187e-31
-1.38071e-31
-1.39618e-31
-1.05412e-31
-6.18872e-32
-7.25581e-33
1.74712e-32
1.1612e-32
-2.12048e-32
-8.00307e-32
-1.25185e-31
-1.501e-31
-1.36714e-31
-8.33612e-32
-2.10708e-32
3.40361e-32
4.70107e-32
6.4135e-33
-6.72496e-32
-1.50645e-31
-1.95959e-31
-1.78338e-31
-1.06863e-31
-5.02397e-33
7.15028e-32
8.81203e-32
4.11291e-32
-5.25604e-32
-1.3898e-31
-1.83523e-31
-1.71926e-31
-1.12584e-31
-4.62478e-32
2.8509e-33
1.83082e-32
3.3937e-33
-2.06367e-32
-4.64932e-32
-6.59827e-32
-8.4036e-32
-1.04259e-31
-1.16445e-31
-1.14409e-31
-8.32182e-32
-3.05964e-32
2.28659e-32
5.55721e-32
3.67251e-32
-2.18279e-32
-1.03571e-31
-1.72899e-31
-1.86233e-31
-1.50928e-31
-6.5134e-32
2.57123e-32
7.89691e-32
8.80225e-32
3.00953e-32
-4.91495e-32
-1.22918e-31
-1.66822e-31
-1.49807e-31
-1.05954e-31
-4.31856e-32
3.46066e-33
1.20491e-32
6.1389e-34
-3.00054e-32
-4.68498e-32
-4.43559e-32
-3.1623e-32
-1.77384e-32
-2.76675e-32
-5.81698e-32
-9.97116e-32
-1.30539e-31
-1.29128e-31
-9.44654e-32
-3.51023e-32
2.43495e-32
6.21561e-32
6.75084e-32
3.7553e-32
-1.48327e-32
-7.58057e-32
-1.31143e-31
-1.63024e-31
-1.65781e-31
-1.32088e-31
-6.79709e-32
5.74848e-33
7.05046e-32
9.57693e-32
7.31823e-32
9.95061e-33
-7.42711e-32
-1.39141e-31
-1.65668e-31
-1.42206e-31
-8.19995e-32
-1.93102e-32
2.39583e-32
2.46976e-32
-9.92155e-33
-5.69748e-32
-9.41238e-32
-9.47061e-32
-6.18675e-32
-1.11283e-32
3.05305e-32
3.3281e-32
-6.822e-33
-7.79964e-32
-1.449e-31
-1.71904e-31
-1.41065e-31
-6.09393e-32
2.83496e-32
8.63667e-32
7.83748e-32
1.17903e-32
-7.82514e-32
-1.49109e-31
-1.56097e-31
-1.09799e-31
-3.24287e-32
3.01558e-32
3.64693e-32
3.97975e-34
-6.85872e-32
-1.18302e-31
-1.20589e-31
-8.44765e-32
-1.36453e-32
3.56673e-32
4.89515e-32
1.97152e-32
-4.78248e-32
-1.0397e-31
-1.40612e-31
-1.33128e-31
-8.62787e-32
-3.11609e-32
2.45223e-32
4.72786e-32
3.84445e-32
6.57374e-33
-4.23193e-32
-8.03002e-32
-1.04939e-31
-1.09168e-31
-9.20401e-32
-6.61121e-32
-3.12512e-32
1.80194e-33
2.35535e-32
2.99821e-32
1.06099e-32
-2.92862e-32
-7.58651e-32
-1.12677e-31
-1.16007e-31
-8.22101e-32
-2.43259e-32
3.26656e-32
5.34807e-32
2.47727e-32
-4.32642e-32
-1.18769e-31
-1.56246e-31
-1.3047e-31
-4.80986e-32
5.46129e-32
1.21167e-31
1.11117e-31
2.44484e-32
-1.04781e-31
-2.09647e-31
-2.34729e-31
-1.67861e-31
-3.1791e-32
1.02029e-31
1.70282e-31
1.45032e-31
3.13411e-32
-1.05415e-31
-2.05656e-31
-2.2744e-31
-1.5826e-31
-4.63284e-32
6.24874e-32
1.19638e-31
1.00862e-31
3.07547e-32
-6.16494e-32
-1.31251e-31
-1.49357e-31
-1.18757e-31
-5.64929e-32
3.11685e-33
3.10376e-32
1.78359e-32
-2.22565e-32
-6.50994e-32
-8.01874e-32
-5.6821e-32
-1.38336e-32
2.67637e-32
2.88589e-32
-1.50441e-32
-8.03805e-32
-1.39422e-31
-1.48613e-31
-1.00245e-31
-2.01741e-32
5.89868e-32
9.03803e-32
6.16508e-32
-4.77448e-33
-8.13194e-32
-1.2595e-31
-1.24339e-31
-9.4178e-32
-4.80835e-32
-1.68086e-32
-7.22976e-33
-5.37276e-33
-1.39985e-32
-1.4938e-32
-1.51938e-32
-2.4509e-32
-3.27245e-32
-4.77019e-32
-5.30579e-32
-4.7095e-32
-4.12137e-32
-3.64129e-32
-4.60324e-32
-5.91781e-32
-5.9493e-32
-3.52077e-32
1.53568e-32
6.84785e-32
9.29607e-32
6.43727e-32
-9.72595e-33
-9.7517e-32
-1.47362e-31
-1.24338e-31
-3.49316e-32
8.73116e-32
1.76174e-31
1.93366e-31
1.36353e-31
3.7357e-32
-3.61684e-32
-4.97849e-32
8.27962e-33
1.07362e-31
1.91802e-31
2.35506e-31
2.24645e-31
1.90152e-31
1.71271e-31
1.85973e-31
2.43187e-31
3.11033e-31
3.64327e-31
3.90946e-31
3.90457e-31
3.96796e-31
4.27663e-31
4.94388e-31
5.90942e-31
6.82494e-31
7.55182e-31
7.94634e-31
8.12629e-31
8.44427e-31
9.04671e-31
1.01586e-30
1.16212e-30
1.31159e-30
1.44466e-30
1.52918e-30
1.58317e-30
1.63169e-30
1.70541e-30
1.84684e-30
2.04405e-30
2.28423e-30
2.524e-30
2.71088e-30
2.83035e-30
2.88541e-30
2.87951e-30
3.03155e-30
3.29106e-30
4.37584e-30
6.5228e-30
9.86135e-30
1.64604e-29
1.88656e-29
2.1375e-29
4.02579e-30
-3.90017e-29
-9.06497e-29
-1.96512e-28
-1.87418e-28
-1.26887e-28
1.60876e-28
8.04856e-28
1.16998e-27
1.81222e-27
1.05039e-27
-7.67711e-28
-3.04322e-27
-7.54983e-27
-7.22043e-27
-5.9383e-27
1.74086e-27
1.68687e-26
2.26601e-26
3.30407e-26
1.664e-26
-1.36195e-26
-4.1016e-26
-9.05045e-26
-7.13315e-26
-4.22041e-26
3.15608e-26
1.54615e-25
1.62726e-25
1.91988e-25
5.43012e-26
-1.4561e-25
-2.41573e-25
-4.15721e-25
-2.36534e-25
-3.16539e-26
2.19143e-25
5.89185e-25
4.55145e-25
3.83023e-25
-3.7095e-26
-5.44013e-25
-5.8006e-25
-7.54263e-25
-2.54589e-25
2.23617e-25
5.06837e-25
9.15281e-25
5.06847e-25
2.23633e-25
-2.54576e-25
-7.54258e-25
-5.80066e-25
-5.44025e-25
-3.7109e-26
3.83014e-25
4.55144e-25
5.89189e-25
2.19151e-25
-3.1648e-26
-2.36532e-25
-4.15723e-25
-2.41578e-25
-1.45615e-25
5.42977e-26
1.91986e-25
1.62726e-25
1.54615e-25
3.15613e-26
-4.22042e-26
-7.1332e-26
-9.0505e-26
-4.10167e-26
-1.36201e-26
1.66393e-26
3.304e-26
2.26594e-26
1.6868e-26
1.74035e-27
-5.93872e-27
-7.22076e-27
-7.5501e-27
-3.04352e-27
-7.68018e-28
1.05003e-27
1.81183e-27
1.16958e-27
8.04471e-28
1.60563e-28
-1.27121e-28
-1.87552e-28
-1.96581e-28
-9.07186e-29
-3.91168e-29
3.80285e-30
2.10672e-29
1.85227e-29
1.61558e-29
9.68157e-30
6.47623e-30
4.44582e-30
3.4049e-30
3.10083e-30
2.86011e-30
2.75106e-30
2.6155e-30
2.4757e-30
2.3227e-30
2.1758e-30
2.04399e-30
1.94112e-30
1.85934e-30
1.77504e-30
1.66703e-30
1.52085e-30
1.34542e-30
1.17613e-30
1.03985e-30
9.63152e-31
9.39097e-31
9.3817e-31
9.34481e-31
8.92038e-31
8.12918e-31
7.04714e-31
5.87805e-31
4.93706e-31
4.28345e-31
4.05395e-31
4.13461e-31
4.32712e-31
4.46066e-31
4.26491e-31
3.69296e-31
2.84433e-31
1.94456e-31
1.33663e-31
1.24549e-31
1.60893e-31
2.24111e-31
2.71051e-31
2.66744e-31
2.12249e-31
1.14323e-31
2.42306e-32
-2.1769e-32
-1.31264e-32
5.48761e-32
1.30384e-31
1.82653e-31
1.84373e-31
1.22566e-31
3.68033e-32
-4.72827e-32
-8.8047e-32
-6.37513e-32
7.49157e-33
1.01623e-31
1.69372e-31
1.73934e-31
1.10034e-31
-2.15012e-33
-1.12323e-31
-1.65383e-31
-1.36588e-31
-3.40175e-32
9.53512e-32
1.86418e-31
1.9999e-31
1.26721e-31
5.17293e-33
-1.06946e-31
-1.61685e-31
-1.38113e-31
-5.89605e-32
3.8317e-32
1.05658e-31
1.2329e-31
9.19955e-32
3.01069e-32
-2.61776e-32
-6.53778e-32
-6.80102e-32
-4.42776e-32
-9.00071e-33
2.94726e-32
4.20334e-32
3.91761e-32
1.43422e-32
-1.57917e-32
-2.54388e-32
-2.42667e-32
5.43172e-33
3.17835e-32
3.86931e-32
2.75927e-32
-1.72679e-32
-5.24e-32
-6.87356e-32
-5.43609e-32
-2.37807e-33
4.32354e-32
7.53212e-32
7.17364e-32
3.36472e-32
-5.34596e-33
-4.061e-32
-5.10877e-32
-4.48275e-32
-4.19258e-32
-3.79837e-32
-3.97404e-32
-2.63947e-32
1.54167e-32
6.90107e-32
1.19836e-31
1.23448e-31
6.12671e-32
-4.55783e-32
-1.64945e-31
-2.22941e-31
-1.86231e-31
-6.3485e-32
1.07288e-31
2.29628e-31
2.53176e-31
1.58079e-31
-2.48799e-32
-1.94441e-31
-2.87702e-31
-2.50151e-31
-9.65387e-32
8.71273e-32
2.33376e-31
2.59295e-31
1.61583e-31
-3.24549e-33
-1.71448e-31
-2.47323e-31
-2.13525e-31
-9.24345e-32
6.30355e-32
1.63821e-31
1.86523e-31
1.23825e-31
1.29609e-32
-8.14036e-32
-1.39413e-31
-1.35668e-31
-9.12507e-32
-3.56703e-32
2.18508e-32
5.43323e-32
7.1865e-32
7.10307e-32
5.04039e-32
2.272e-32
-1.84882e-32
-5.42921e-32
-8.01375e-32
-8.9245e-32
-7.55044e-32
-4.92075e-32
-9.82826e-33
2.7598e-32
6.00416e-32
7.54069e-32
6.74963e-32
3.99059e-32
-1.0439e-32
-5.64282e-32
-9.34253e-32
-1.03129e-31
-7.92761e-32
-4.36675e-32
7.64429e-33
4.30457e-32
6.06021e-32
6.28004e-32
3.70681e-32
9.47016e-33
-2.82058e-32
-6.16645e-32
-7.62172e-32
-7.94988e-32
-5.37357e-32
-1.68041e-32
2.22926e-32
5.37726e-32
5.69075e-32
4.10173e-32
5.70406e-33
-3.31395e-32
-5.98054e-32
-7.10292e-32
-5.9237e-32
-3.3299e-32
-9.23845e-34
2.67795e-32
4.00247e-32
3.4167e-32
1.38637e-32
-1.10034e-32
-3.00912e-32
-3.03424e-32
-2.18113e-32
-8.06544e-33
-3.69049e-33
-1.6712e-32
-2.77951e-32
-3.46968e-32
-1.45859e-32
2.47779e-32
5.81044e-32
7.22179e-32
3.75978e-32
-2.38158e-32
-8.60846e-32
-1.16228e-31
-8.40781e-32
-1.32393e-32
7.15242e-32
1.19919e-31
1.0569e-31
4.14286e-32
-4.8079e-32
-1.06728e-31
-1.12141e-31
-6.18118e-32
1.83806e-32
7.79979e-32
9.58255e-32
5.83836e-32
-7.75036e-33
-6.26589e-32
-8.32947e-32
-5.12674e-32
7.94191e-33
6.33375e-32
8.79181e-32
6.06156e-32
2.50879e-33
-6.1775e-32
-1.01294e-31
-9.03366e-32
-4.10022e-32
3.02973e-32
9.27787e-32
1.15111e-31
9.72715e-32
4.11254e-32
-3.06396e-32
-8.68956e-32
-1.18064e-31
-1.07094e-31
-6.12574e-32
1.25552e-33
7.03845e-32
1.15506e-31
1.27556e-31
1.00148e-31
3.29688e-32
-4.53045e-32
-1.15843e-31
-1.47003e-31
-1.21702e-31
-5.04744e-32
4.80459e-32
1.28772e-31
1.58676e-31
1.24316e-31
3.55773e-32
-6.446e-32
-1.33136e-31
-1.39218e-31
-7.91648e-32
1.48675e-32
9.91845e-32
1.34889e-31
1.04224e-31
2.82179e-32
-5.65953e-32
-1.09438e-31
-1.00752e-31
-4.37036e-32
3.85472e-32
1.0367e-31
1.15637e-31
8.12848e-32
7.15302e-33
-6.14601e-32
-9.01012e-32
-7.75683e-32
-1.53743e-32
4.95242e-32
9.23243e-32
1.00804e-31
5.83312e-32
7.12143e-33
-4.12197e-32
-6.36287e-32
-4.40526e-32
-1.09349e-32
3.4177e-32
6.49588e-32
7.05883e-32
6.2525e-32
3.82075e-32
1.63003e-32
3.33427e-33
-3.77061e-33
-1.58852e-33
1.01842e-33
-6.10881e-34
7.55866e-34
1.08108e-33
1.11198e-32
3.42026e-32
5.83971e-32
8.78525e-32
9.67355e-32
8.31017e-32
4.83318e-32
-9.35957e-33
-5.26215e-32
-7.80306e-32
-6.27494e-32
-8.81263e-33
5.57967e-32
1.19575e-31
1.43622e-31
1.28938e-31
7.76481e-32
1.4534e-32
-3.39372e-32
-5.39012e-32
-3.20472e-32
-7.59087e-34
4.86177e-32
6.96269e-32
7.08878e-32
6.45036e-32
2.03267e-32
1.15691e-32
-2.02644e-32
-2.58313e-32
-5.26821e-33
)
;

boundaryField
{
    left
    {
        type            calculated;
        value           uniform 0;
    }
    right
    {
        type            calculated;
        value           uniform 0;
    }
    empty
    {
        type            empty;
        value           nonuniform List<scalar> 0();
    }
}


// ************************************************************************* //
