/*--------------------------------*- C++ -*----------------------------------*\
| =========                 |                                                 |
| \\      /  F ield         | OpenFOAM: The Open Source CFD Toolbox           |
|  \\    /   O peration     | Version:  2106                                  |
|   \\  /    A nd           | Website:  www.openfoam.com                      |
|    \\/     M anipulation  |                                                 |
\*---------------------------------------------------------------------------*/
FoamFile
{
    version     2.0;
    format      ascii;
    arch        "LSB;label=32;scalar=64";
    class       surfaceScalarField;
    location    "0.024";
    object      phi;
}
// * * * * * * * * * * * * * * * * * * * * * * * * * * * * * * * * * * * * * //

dimensions      [0 3 -1 0 0 0 0];

oriented        oriented;

internalField   nonuniform List<scalar> 
799
(
1.99206e-32
4.98306e-32
6.50979e-32
5.63199e-32
3.31335e-32
-3.16424e-32
-8.91751e-32
-1.33217e-31
-1.41448e-31
-1.01889e-31
-4.43175e-32
1.97061e-32
5.98941e-32
7.13145e-32
5.13708e-32
1.37469e-32
-3.55785e-32
-8.64081e-32
-1.24898e-31
-1.51077e-31
-1.41159e-31
-1.03311e-31
-4.04265e-32
3.20171e-32
7.42371e-32
8.4916e-32
4.47824e-32
-2.43615e-32
-8.92279e-32
-1.40453e-31
-1.41977e-31
-1.13409e-31
-6.58623e-32
-9.65109e-33
1.6349e-32
2.8485e-32
1.22928e-32
-2.46527e-32
-5.36281e-32
-8.94702e-32
-9.76317e-32
-8.43888e-32
-6.02034e-32
-1.28104e-32
1.30739e-32
2.39838e-32
8.64788e-33
-3.97725e-32
-7.92234e-32
-1.15043e-31
-1.16534e-31
-8.22836e-32
-3.87249e-32
1.59316e-32
4.06742e-32
3.48225e-32
2.00267e-33
-5.68307e-32
-1.02002e-31
-1.26938e-31
-1.13579e-31
-6.02605e-32
1.99298e-33
5.70538e-32
6.9979e-32
2.93283e-32
-4.43927e-32
-1.27847e-31
-1.73224e-31
-1.55672e-31
-8.42677e-32
1.74981e-32
9.395e-32
1.10488e-31
6.34127e-32
-3.03629e-32
-1.16871e-31
-1.61501e-31
-1.4999e-31
-9.07369e-32
-2.44923e-32
2.45129e-32
3.98756e-32
2.48641e-32
7.38775e-34
-2.52131e-32
-4.48034e-32
-6.29568e-32
-8.32799e-32
-9.55668e-32
-9.36264e-32
-6.25355e-32
-1.0013e-32
4.335e-32
7.59599e-32
5.7012e-32
-1.64118e-33
-8.34838e-32
-1.52913e-31
-1.66343e-31
-1.31136e-31
-4.54354e-32
4.53177e-32
9.84797e-32
1.07441e-31
4.94244e-32
-2.99119e-32
-1.03767e-31
-1.47766e-31
-1.30834e-31
-8.70667e-32
-2.43752e-32
2.21978e-32
3.07096e-32
1.91985e-32
-1.14939e-32
-2.84105e-32
-2.59849e-32
-1.33192e-32
5.01231e-34
-9.48986e-33
-4.00519e-32
-8.16508e-32
-1.12533e-31
-1.11173e-31
-7.65557e-32
-1.72423e-32
4.21628e-32
7.9923e-32
8.52331e-32
5.52387e-32
2.81517e-33
-5.81932e-32
-1.13565e-31
-1.45478e-31
-1.48263e-31
-1.14594e-31
-5.05011e-32
2.31958e-32
8.79312e-32
1.13175e-31
9.05694e-32
2.732e-32
-5.69167e-32
-1.21802e-31
-1.48346e-31
-1.249e-31
-6.47052e-32
-2.03281e-33
4.12209e-32
4.19467e-32
7.31252e-33
-3.9754e-32
-7.69168e-32
-7.75112e-32
-4.46906e-32
6.03057e-33
4.76743e-32
5.04052e-32
1.02812e-32
-6.09115e-32
-1.27836e-31
-1.5486e-31
-1.24045e-31
-4.39454e-32
4.53159e-32
1.03304e-31
9.52854e-32
2.86723e-32
-6.14056e-32
-1.32295e-31
-1.39315e-31
-9.30533e-32
-1.57188e-32
4.68212e-32
5.3094e-32
1.69802e-32
-5.20498e-32
-1.01813e-31
-1.0414e-31
-6.80718e-32
2.71285e-33
5.19775e-32
6.52124e-32
3.59216e-32
-3.16695e-32
-8.7866e-32
-1.2456e-31
-1.1713e-31
-7.03356e-32
-1.5272e-32
4.03558e-32
6.30531e-32
5.41634e-32
2.22362e-32
-2.67133e-32
-6.47483e-32
-8.94429e-32
-9.37249e-32
-7.66516e-32
-5.07746e-32
-1.59642e-32
1.7036e-32
3.87323e-32
4.51036e-32
2.5677e-32
-1.42699e-32
-6.09e-32
-9.77605e-32
-1.01135e-31
-6.73835e-32
-9.54492e-33
4.74004e-32
6.81749e-32
3.94285e-32
-2.86452e-32
-1.04186e-31
-1.41697e-31
-1.15955e-31
-3.3612e-32
6.90687e-32
1.35593e-31
1.25516e-31
3.88218e-32
-9.04281e-32
-1.95316e-31
-2.20414e-31
-1.53567e-31
-1.75169e-32
1.16286e-31
1.84527e-31
1.59269e-31
4.55709e-32
-9.11899e-32
-1.91433e-31
-2.13215e-31
-1.44032e-31
-3.20946e-32
7.67272e-32
1.33883e-31
1.15117e-31
4.50224e-32
-4.73698e-32
-1.16955e-31
-1.35047e-31
-1.04427e-31
-4.21418e-32
1.74891e-32
4.54324e-32
3.22518e-32
-7.8271e-33
-5.0655e-32
-6.57309e-32
-4.23494e-32
6.5602e-34
4.12653e-32
4.33635e-32
-5.37154e-34
-6.58758e-32
-1.24932e-31
-1.34147e-31
-8.58092e-32
-5.78983e-33
7.33091e-32
1.04629e-31
7.57914e-32
9.23666e-33
-6.74617e-32
-1.12276e-31
-1.10882e-31
-8.09763e-32
-3.5179e-32
-4.25214e-33
4.92165e-33
6.314e-33
-2.84376e-33
-4.39353e-33
-5.35047e-33
-1.54601e-32
-2.45793e-32
-4.05802e-32
-4.7092e-32
-4.24321e-32
-3.80227e-32
-3.48684e-32
-4.63322e-32
-6.15397e-32
-6.41538e-32
-4.24299e-32
5.2869e-33
5.52473e-32
7.62262e-32
4.37607e-32
-3.46198e-32
-1.27135e-31
-1.82187e-31
-1.64891e-31
-8.17738e-32
3.35631e-32
1.14864e-31
1.23777e-31
5.77267e-32
-5.11274e-32
-1.35399e-31
-1.60708e-31
-1.15346e-31
-3.00475e-32
3.94455e-32
6.69721e-32
3.8623e-32
-1.47477e-32
-5.39787e-32
-6.11904e-32
-2.75377e-32
1.50035e-32
4.11625e-32
3.87159e-32
7.14221e-33
-1.97272e-32
-2.42833e-32
4.70179e-33
6.11064e-32
1.09999e-31
1.3743e-31
1.28928e-31
9.61857e-32
7.43684e-32
7.80453e-32
1.2962e-31
2.13161e-31
2.96731e-31
3.60642e-31
3.72704e-31
3.50901e-31
3.20211e-31
3.11312e-31
3.6667e-31
4.74341e-31
6.21513e-31
7.64822e-31
8.51808e-31
8.67985e-31
8.16375e-31
7.00531e-31
7.39374e-31
8.82554e-31
1.84794e-30
3.87259e-30
7.08599e-30
1.35572e-29
1.58321e-29
1.82087e-29
7.2463e-31
-4.24398e-29
-9.42265e-29
-2.0023e-28
-1.91277e-28
-1.30889e-28
1.56731e-28
8.00566e-28
1.16554e-27
1.80764e-27
1.04566e-27
-7.72581e-28
-3.04824e-27
-7.55499e-27
-7.22573e-27
-5.94374e-27
1.73528e-27
1.6863e-26
2.26543e-26
3.30347e-26
1.66339e-26
-1.36258e-26
-4.10224e-26
-9.05109e-26
-7.13381e-26
-4.22108e-26
3.1554e-26
1.54608e-25
1.62719e-25
1.91981e-25
5.4294e-26
-1.45618e-25
-2.4158e-25
-4.15729e-25
-2.36542e-25
-3.16615e-26
2.19136e-25
5.89177e-25
4.55138e-25
3.83016e-25
-3.71029e-26
-5.44021e-25
-5.80068e-25
-7.54271e-25
-2.54597e-25
2.23609e-25
5.06829e-25
9.15273e-25
5.0684e-25
2.23625e-25
-2.54583e-25
-7.54266e-25
-5.80074e-25
-5.44033e-25
-3.71168e-26
3.83007e-25
4.55136e-25
5.89181e-25
2.19143e-25
-3.16555e-26
-2.3654e-25
-4.1573e-25
-2.41585e-25
-1.45622e-25
5.42906e-26
1.91979e-25
1.62719e-25
1.54609e-25
3.15546e-26
-4.22107e-26
-7.13384e-26
-9.05113e-26
-4.1023e-26
-1.36262e-26
1.66334e-26
3.30341e-26
2.26537e-26
1.68624e-26
1.73492e-27
-5.94401e-27
-7.22591e-27
-7.55511e-27
-3.04839e-27
-7.7275e-28
1.04544e-27
1.80738e-27
1.16527e-27
8.00307e-28
1.5654e-28
-1.31003e-28
-1.91295e-28
-2.00186e-28
-9.4187e-29
-4.24504e-29
6.02247e-31
1.79975e-29
1.55817e-29
1.3341e-29
6.99053e-30
3.90625e-30
1.99409e-30
1.0685e-30
8.76755e-31
7.45263e-31
7.42262e-31
7.09535e-31
6.69267e-31
6.12483e-31
5.58459e-31
5.16167e-31
4.99439e-31
5.00451e-31
4.95584e-31
4.6371e-31
3.90378e-31
2.84562e-31
1.81692e-31
1.08704e-31
9.22223e-32
1.25397e-31
1.78765e-31
2.26532e-31
2.32774e-31
1.9967e-31
1.34889e-31
5.89098e-32
3.32524e-33
-2.58255e-32
-1.47845e-32
2.51394e-32
7.42153e-32
1.15459e-31
1.21932e-31
8.90276e-32
2.6781e-32
-4.21523e-32
-8.33973e-32
-7.43725e-32
-2.12183e-32
5.75664e-32
1.18893e-31
1.27871e-31
8.56234e-32
-1.016e-33
-8.07311e-32
-1.17191e-31
-9.97933e-32
-2.37669e-32
5.90869e-32
1.18077e-31
1.25936e-31
6.97261e-32
-1.09342e-32
-9.03735e-32
-1.26908e-31
-9.87701e-32
-2.40403e-32
7.32546e-32
1.43862e-31
1.51018e-31
8.94534e-32
-2.0618e-32
-1.28882e-31
-1.80222e-31
-1.49882e-31
-4.59173e-32
8.47029e-32
1.76894e-31
1.91474e-31
1.19108e-31
-1.63102e-33
-1.13025e-31
-1.67109e-31
-1.42955e-31
-6.32818e-32
3.44681e-32
1.0224e-31
1.20256e-31
8.93067e-32
2.77274e-32
-2.82766e-32
-6.72244e-32
-6.96207e-32
-4.56714e-32
-1.01984e-32
2.8459e-32
4.11923e-32
3.84998e-32
1.3817e-32
-1.61712e-32
-2.56841e-32
-2.43841e-32
5.43699e-33
3.19015e-32
3.89136e-32
2.79087e-32
-1.68587e-32
-5.19029e-32
-6.81531e-32
-5.36966e-32
-1.63779e-33
4.40479e-32
7.62071e-32
7.26933e-32
3.46737e-32
-4.25059e-33
-3.9447e-32
-4.98617e-32
-4.35396e-32
-4.05739e-32
-3.65693e-32
-3.82628e-32
-2.48535e-32
1.70211e-32
7.06776e-32
1.21564e-31
1.25239e-31
6.31193e-32
-4.36644e-32
-1.6297e-31
-2.20907e-31
-1.84143e-31
-6.13503e-32
1.09471e-31
2.31859e-31
2.55457e-31
1.60405e-31
-2.25086e-32
-1.92023e-31
-2.85241e-31
-2.47645e-31
-9.39869e-32
8.97194e-32
2.36011e-31
2.61971e-31
1.64303e-31
-4.82987e-34
-1.68641e-31
-2.4447e-31
-2.10634e-31
-8.95057e-32
6.60015e-32
1.66825e-31
1.8956e-31
1.26897e-31
1.60665e-32
-7.8268e-32
-1.36245e-31
-1.32469e-31
-8.8021e-32
-3.24053e-32
2.5149e-32
5.7659e-32
7.52196e-32
7.44101e-32
5.38031e-32
2.61422e-32
-1.50456e-32
-5.08303e-32
-7.66558e-32
-8.57464e-32
-7.19873e-32
-4.56761e-32
-6.28485e-33
3.11549e-32
6.36076e-32
7.89853e-32
7.10819e-32
4.34989e-32
-6.84293e-33
-5.28292e-32
-8.98243e-32
-9.953e-32
-7.56815e-32
-4.00842e-32
1.12185e-32
4.66062e-32
6.41485e-32
6.63332e-32
4.05912e-32
1.29805e-32
-2.47121e-32
-5.81881e-32
-7.2761e-32
-7.60682e-32
-5.0332e-32
-1.3432e-32
2.56314e-32
5.70767e-32
6.01725e-32
4.42408e-32
8.88787e-33
-2.99979e-32
-5.67083e-32
-6.79733e-32
-5.62331e-32
-3.03424e-32
1.97949e-33
2.96262e-32
4.28143e-32
3.68953e-32
1.65329e-32
-8.39585e-33
-2.75498e-32
-2.78658e-32
-1.94028e-32
-5.72422e-33
-1.41793e-33
-1.45122e-32
-2.56735e-32
-3.2649e-32
-1.26058e-32
2.66931e-32
5.99521e-32
7.39993e-32
3.93176e-32
-2.21607e-32
-8.44957e-32
-1.14707e-31
-8.26262e-32
-1.1855e-32
7.28453e-32
1.21177e-31
1.06883e-31
4.25585e-32
-4.70107e-32
-1.05721e-31
-1.11195e-31
-6.09226e-32
1.92112e-32
7.87683e-32
9.65357e-32
5.90348e-32
-7.16055e-33
-6.21248e-32
-8.28174e-32
-5.08461e-32
8.30543e-33
6.36475e-32
8.81751e-32
6.08203e-32
2.66395e-33
-6.16643e-32
-1.01226e-31
-9.03126e-32
-4.10197e-32
3.02356e-32
9.26733e-32
1.14959e-31
9.70729e-32
4.08824e-32
-3.09322e-32
-8.72341e-32
-1.18459e-31
-1.07541e-31
-6.17577e-32
6.98197e-34
6.97676e-32
1.14823e-31
1.26805e-31
9.93298e-32
3.20833e-32
-4.6266e-32
-1.16878e-31
-1.48118e-31
-1.22897e-31
-5.17533e-32
4.66782e-32
1.27316e-31
1.57126e-31
1.22671e-31
3.3835e-32
-6.63062e-32
-1.35089e-31
-1.41279e-31
-8.13402e-32
1.25732e-32
9.67676e-32
1.32346e-31
1.01554e-31
2.54125e-32
-5.95368e-32
-1.12519e-31
-1.0398e-31
-4.70747e-32
3.50316e-32
1.00008e-31
1.11827e-31
7.73201e-32
3.03033e-33
-6.57405e-32
-9.45368e-32
-8.21605e-32
-2.01199e-32
4.46252e-32
8.72747e-32
9.56044e-32
5.29856e-32
1.63704e-33
-4.68459e-32
-6.93907e-32
-4.99493e-32
-1.69632e-32
2.8026e-32
5.86912e-32
6.42125e-32
5.60491e-32
3.16332e-32
9.64056e-33
-3.39897e-33
-1.057e-32
-8.44701e-33
-5.88843e-33
-7.54874e-33
-6.19916e-33
-5.8786e-33
4.16962e-33
2.72692e-32
5.14961e-32
8.09989e-32
8.99466e-32
7.63919e-32
4.17174e-32
-1.58692e-32
-5.90057e-32
-8.42752e-32
-6.88342e-32
-1.47206e-32
5.00772e-32
1.14061e-31
1.38327e-31
1.23873e-31
7.2834e-32
9.98023e-33
-3.82212e-32
-5.79043e-32
-3.57621e-32
-4.1731e-33
4.55197e-32
6.68463e-32
6.84322e-32
6.23821e-32
1.85452e-32
1.01367e-32
-2.13425e-32
-2.65536e-32
-5.63172e-33
)
;

boundaryField
{
    left
    {
        type            calculated;
        value           uniform 0;
    }
    right
    {
        type            calculated;
        value           uniform 0;
    }
    empty
    {
        type            empty;
        value           nonuniform List<scalar> 0();
    }
}


// ************************************************************************* //
