/*--------------------------------*- C++ -*----------------------------------*\
| =========                 |                                                 |
| \\      /  F ield         | OpenFOAM: The Open Source CFD Toolbox           |
|  \\    /   O peration     | Version:  v1706                                 |
|   \\  /    A nd           | Web:      www.OpenFOAM.com                      |
|    \\/     M anipulation  |                                                 |
\*---------------------------------------------------------------------------*/
FoamFile
{
    version     2.0;
    format      ascii;
    class       surfaceScalarField;
    location    "0.1504";
    object      phi;
}
// * * * * * * * * * * * * * * * * * * * * * * * * * * * * * * * * * * * * * //

dimensions      [0 3 -1 0 0 0 0];
oriented        oriented;


internalField   nonuniform List<scalar> 
799
(
1.44144e-33
2.14711e-33
2.78855e-33
3.86437e-33
3.95013e-33
4.91761e-33
5.28076e-33
5.63767e-33
6.37334e-33
6.44647e-33
7.0231e-33
7.30307e-33
7.50617e-33
7.94547e-33
8.03085e-33
8.3328e-33
8.52064e-33
8.62343e-33
8.83972e-33
8.89358e-33
9.01952e-33
9.09964e-33
9.1224e-33
9.18391e-33
9.17497e-33
9.17375e-33
9.15118e-33
9.10242e-33
9.05789e-33
8.99304e-33
8.92247e-33
8.84633e-33
8.76449e-33
8.68201e-33
8.59898e-33
8.51472e-33
8.42745e-33
8.34319e-33
8.26147e-33
8.18624e-33
8.1206e-33
8.05984e-33
8.00473e-33
7.96094e-33
7.92112e-33
7.88781e-33
7.85932e-33
7.84309e-33
7.83476e-33
7.83312e-33
7.83838e-33
7.84892e-33
7.85719e-33
7.87525e-33
7.89631e-33
7.92866e-33
7.96252e-33
8.00314e-33
8.04932e-33
8.08985e-33
8.13649e-33
8.18496e-33
8.23783e-33
8.29109e-33
8.34417e-33
8.39827e-33
8.44908e-33
8.50112e-33
8.55259e-33
8.61289e-33
8.68269e-33
8.76107e-33
8.84783e-33
8.94419e-33
9.04581e-33
9.15738e-33
9.27343e-33
9.40095e-33
9.52602e-33
9.65372e-33
9.78162e-33
9.91403e-33
1.00449e-32
1.01758e-32
1.02947e-32
1.04104e-32
1.0524e-32
1.06383e-32
1.07514e-32
1.08624e-32
1.09725e-32
1.10846e-32
1.11929e-32
1.13052e-32
1.14187e-32
1.15338e-32
1.16459e-32
1.17527e-32
1.18565e-32
1.19435e-32
1.20204e-32
1.20877e-32
1.21435e-32
1.21889e-32
1.22258e-32
1.2256e-32
1.22785e-32
1.2299e-32
1.23177e-32
1.23335e-32
1.235e-32
1.23616e-32
1.23771e-32
1.23897e-32
1.24064e-32
1.24225e-32
1.24373e-32
1.24467e-32
1.24612e-32
1.24794e-32
1.2501e-32
1.25333e-32
1.25699e-32
1.26118e-32
1.26554e-32
1.27011e-32
1.27504e-32
1.28017e-32
1.28584e-32
1.29188e-32
1.29781e-32
1.30369e-32
1.31016e-32
1.3167e-32
1.32363e-32
1.33044e-32
1.33732e-32
1.34459e-32
1.35206e-32
1.35936e-32
1.36722e-32
1.37546e-32
1.38374e-32
1.39232e-32
1.40075e-32
1.40922e-32
1.41747e-32
1.42539e-32
1.43315e-32
1.44076e-32
1.44761e-32
1.45423e-32
1.46075e-32
1.46672e-32
1.47258e-32
1.47802e-32
1.48325e-32
1.48855e-32
1.49311e-32
1.49728e-32
1.50132e-32
1.50506e-32
1.50839e-32
1.5117e-32
1.515e-32
1.51832e-32
1.52148e-32
1.52482e-32
1.5269e-32
1.52903e-32
1.53073e-32
1.5323e-32
1.53328e-32
1.5336e-32
1.53327e-32
1.53277e-32
1.53194e-32
1.52999e-32
1.5275e-32
1.52396e-32
1.51938e-32
1.51381e-32
1.50798e-32
1.50102e-32
1.49335e-32
1.48619e-32
1.4786e-32
1.47126e-32
1.4642e-32
1.45725e-32
1.45132e-32
1.44556e-32
1.44031e-32
1.43583e-32
1.43173e-32
1.42801e-32
1.42496e-32
1.42145e-32
1.41848e-32
1.4156e-32
1.41252e-32
1.4097e-32
1.40707e-32
1.40565e-32
1.40542e-32
1.40694e-32
1.41034e-32
1.41557e-32
1.42267e-32
1.43121e-32
1.44102e-32
1.45107e-32
1.4625e-32
1.47544e-32
1.48883e-32
1.50271e-32
1.51713e-32
1.53142e-32
1.54511e-32
1.55714e-32
1.56835e-32
1.57832e-32
1.58852e-32
1.59912e-32
1.60952e-32
1.61957e-32
1.62964e-32
1.63979e-32
1.6496e-32
1.65916e-32
1.66728e-32
1.67526e-32
1.68263e-32
1.68867e-32
1.69384e-32
1.6977e-32
1.70039e-32
1.70168e-32
1.70112e-32
1.69916e-32
1.69515e-32
1.6893e-32
1.68181e-32
1.67409e-32
1.66512e-32
1.65533e-32
1.64444e-32
1.63246e-32
1.61921e-32
1.60427e-32
1.58793e-32
1.56983e-32
1.55048e-32
1.52968e-32
1.50775e-32
1.48484e-32
1.46132e-32
1.43724e-32
1.4127e-32
1.38787e-32
1.36223e-32
1.33672e-32
1.31219e-32
1.28812e-32
1.26449e-32
1.2426e-32
1.22184e-32
1.20175e-32
1.18221e-32
1.16377e-32
1.14578e-32
1.1284e-32
1.11131e-32
1.09506e-32
1.07935e-32
1.06402e-32
1.04873e-32
1.03323e-32
1.01743e-32
1.00094e-32
9.85092e-33
9.69538e-33
9.54351e-33
9.39775e-33
9.25801e-33
9.12485e-33
8.99471e-33
8.87301e-33
8.75471e-33
8.64223e-33
8.53409e-33
8.42627e-33
8.31934e-33
8.21362e-33
8.10884e-33
8.00927e-33
7.91191e-33
7.81591e-33
7.72657e-33
7.64504e-33
7.56228e-33
7.48329e-33
7.41483e-33
7.34411e-33
7.27189e-33
7.20681e-33
7.15453e-33
7.1124e-33
7.08795e-33
7.07202e-33
7.06876e-33
7.07478e-33
7.09133e-33
7.11212e-33
7.1376e-33
7.1724e-33
7.21671e-33
7.26767e-33
7.33183e-33
7.40535e-33
7.48988e-33
7.59042e-33
7.69612e-33
7.81199e-33
7.92779e-33
8.05048e-33
8.17294e-33
8.30115e-33
8.4235e-33
8.5465e-33
8.65991e-33
8.76919e-33
8.86379e-33
8.94166e-33
9.06842e-33
8.93752e-33
9.76958e-33
7.61946e-33
1.31685e-32
1.83095e-33
2.03441e-32
-3.02431e-34
-3.88195e-34
7.43988e-32
-1.59267e-31
3.28148e-31
-3.94204e-31
2.75613e-31
4.2359e-31
-1.87797e-30
3.89176e-30
-5.66787e-30
4.91256e-30
1.0229e-30
-1.35056e-29
3.19363e-29
-4.6017e-29
4.24409e-29
-3.9542e-30
-8.0304e-29
1.84948e-28
-2.66244e-28
2.37382e-28
-1.90566e-29
-3.72467e-28
8.54265e-28
-1.13819e-27
9.12225e-28
-1.63101e-29
-1.53368e-27
3.06221e-27
-3.71896e-27
2.66718e-27
5.96664e-28
-4.9843e-27
8.81646e-27
-9.62394e-27
5.34866e-27
3.112e-27
-1.34535e-26
2.04359e-26
-1.89328e-26
7.97098e-27
1.08526e-26
-2.90662e-26
3.72787e-26
-3.00709e-26
5.71686e-27
2.53607e-26
-4.99042e-26
5.58164e-26
-3.51218e-26
-3.10086e-27
4.44997e-26
-7.02061e-26
6.46624e-26
-3.15728e-26
-1.79829e-26
6.13596e-26
-7.71868e-26
6.13595e-26
-1.79826e-26
-3.15731e-26
6.46626e-26
-7.02061e-26
4.44995e-26
-3.10064e-27
-3.5122e-26
5.58165e-26
-4.99042e-26
2.53606e-26
5.71702e-27
-3.0071e-26
3.72787e-26
-2.90662e-26
1.08526e-26
7.97107e-27
-1.89328e-26
2.04359e-26
-1.34535e-26
3.11195e-27
5.3487e-27
-9.62396e-27
8.81646e-27
-4.98429e-27
5.96645e-28
2.66719e-27
-3.71897e-27
3.06221e-27
-1.53368e-27
-1.63175e-29
9.12224e-28
-1.13819e-27
8.5426e-28
-3.7247e-28
-1.9062e-29
2.37377e-28
-2.66249e-28
1.84942e-28
-8.03094e-29
-3.96021e-30
4.24346e-29
-4.60233e-29
3.19295e-29
-1.35126e-29
1.01572e-30
4.90514e-30
-5.67542e-30
3.88398e-30
-1.8859e-30
4.15533e-31
2.6743e-31
-4.02456e-31
3.19805e-31
-1.67661e-31
6.59277e-32
-8.92699e-33
-8.9046e-33
1.16955e-32
-6.85511e-33
4.46086e-33
-1.10139e-33
1.03669e-33
1.88831e-34
3.21991e-34
2.07639e-34
1.66074e-34
1.27894e-34
1.07957e-34
9.62965e-35
9.40395e-35
9.40395e-35
1.03255e-34
1.08334e-34
1.21875e-34
1.39414e-34
1.56482e-34
1.77171e-34
2.00116e-34
2.19676e-34
2.36227e-34
2.42998e-34
2.54659e-34
2.57198e-34
2.60678e-34
2.61806e-34
2.5654e-34
2.51462e-34
2.40248e-34
2.27388e-34
2.12906e-34
1.88056e-34
1.625e-34
1.33677e-34
1.00058e-34
6.03734e-35
1.1943e-35
-3.91675e-35
-9.52856e-35
-1.53114e-34
-2.10625e-34
-2.7168e-34
-3.3384e-34
-3.97975e-34
-4.7001e-34
-5.3264e-34
-6.04486e-34
-6.63543e-34
-7.22976e-34
-7.74134e-34
-8.23034e-34
-8.68173e-34
-9.05789e-34
-9.38891e-34
-9.62683e-34
-9.81779e-34
-9.92117e-34
-9.88544e-34
-9.78764e-34
-9.57699e-34
-9.28358e-34
-8.94504e-34
-8.57076e-34
-8.1852e-34
-7.794e-34
-7.38963e-34
-6.99654e-34
-6.60369e-34
-6.30441e-34
-6.0411e-34
-5.83045e-34
-5.75193e-34
-5.73719e-34
-5.83683e-34
-6.09733e-34
-6.39834e-34
-6.74245e-34
-7.09152e-34
-7.51768e-34
-7.92599e-34
-8.37251e-34
-8.81506e-34
-9.27103e-34
-9.72385e-34
-1.02153e-33
-1.06962e-33
-1.11771e-33
-1.16498e-33
-1.20548e-33
-1.23307e-33
-1.26522e-33
-1.2997e-33
-1.33611e-33
-1.37119e-33
-1.41285e-33
-1.45272e-33
-1.48959e-33
-1.53623e-33
-1.59792e-33
-1.66864e-33
-1.74086e-33
-1.827e-33
-1.91314e-33
-2.00022e-33
-2.08034e-33
-2.16122e-33
-2.23814e-33
-2.31244e-33
-2.39011e-33
-2.46384e-33
-2.53004e-33
-2.59399e-33
-2.65599e-33
-2.7106e-33
-2.75066e-33
-2.78526e-33
-2.81061e-33
-2.81702e-33
-2.81178e-33
-2.79299e-33
-2.76169e-33
-2.71897e-33
-2.66658e-33
-2.60451e-33
-2.53195e-33
-2.45496e-33
-2.36467e-33
-2.26892e-33
-2.1676e-33
-2.06337e-33
-1.9568e-33
-1.83888e-33
-1.71768e-33
-1.59096e-33
-1.45648e-33
-1.32107e-33
-1.19092e-33
-1.05625e-33
-9.19331e-34
-7.94634e-34
-6.74075e-34
-5.68751e-34
-4.72455e-34
-3.83681e-34
-3.03936e-34
-2.36933e-34
-1.79051e-34
-1.28129e-34
-7.98748e-35
-3.03777e-35
1.38708e-35
5.69292e-35
9.92587e-35
1.37298e-34
1.84223e-34
2.28704e-34
2.89642e-34
3.64121e-34
4.45371e-34
5.35367e-34
6.24329e-34
7.13948e-34
8.14806e-34
9.19331e-34
1.03519e-33
1.15706e-33
1.28646e-33
1.41435e-33
1.53661e-33
1.65133e-33
1.76644e-33
1.87734e-33
1.99514e-33
2.10498e-33
2.2088e-33
2.30209e-33
2.38127e-33
2.45359e-33
2.5133e-33
2.56016e-33
2.60283e-33
2.63762e-33
2.6632e-33
2.68295e-33
2.70232e-33
2.72e-33
2.74172e-33
2.76552e-33
2.7958e-33
2.8257e-33
2.85429e-33
2.8762e-33
2.89134e-33
2.90756e-33
2.92109e-33
2.93993e-33
2.95486e-33
2.96364e-33
2.96643e-33
2.96939e-33
2.97551e-33
2.97616e-33
2.97842e-33
2.98369e-33
2.98519e-33
2.99027e-33
2.99939e-33
3.00894e-33
3.02501e-33
3.04622e-33
3.0719e-33
3.10885e-33
3.15521e-33
3.20336e-33
3.25189e-33
3.29816e-33
3.3463e-33
3.39445e-33
3.44194e-33
3.48633e-33
3.51539e-33
3.53337e-33
3.53238e-33
3.52497e-33
3.51301e-33
3.49319e-33
3.46686e-33
3.4332e-33
3.39144e-33
3.33878e-33
3.28537e-33
3.22556e-33
3.16706e-33
3.11459e-33
3.07176e-33
3.03108e-33
2.99347e-33
2.9677e-33
2.94607e-33
2.93855e-33
2.93441e-33
2.9377e-33
2.9445e-33
2.94661e-33
2.95354e-33
2.95185e-33
2.94896e-33
2.94147e-33
2.92166e-33
2.89355e-33
2.85829e-33
2.81002e-33
2.76592e-33
2.71228e-33
2.65858e-33
2.60301e-33
2.54697e-33
2.49501e-33
2.43354e-33
2.37523e-33
2.31997e-33
2.26728e-33
2.22083e-33
2.17753e-33
2.14147e-33
2.11062e-33
2.08542e-33
2.06586e-33
2.07037e-33
2.07338e-33
2.09294e-33
2.11401e-33
2.13808e-33
2.16517e-33
2.18473e-33
2.19343e-33
2.18962e-33
2.17744e-33
2.1483e-33
2.1159e-33
2.07722e-33
2.03685e-33
1.98748e-33
1.93157e-33
1.87026e-33
1.80029e-33
1.72299e-33
1.6408e-33
1.55052e-33
1.46702e-33
1.37975e-33
1.29605e-33
1.21574e-33
1.13148e-33
1.05353e-33
9.78952e-34
9.08798e-34
8.53879e-34
8.01217e-34
7.5683e-34
7.24669e-34
6.91849e-34
6.77038e-34
6.64248e-34
6.5602e-34
6.7069e-34
6.78589e-34
7.16205e-34
7.38692e-34
7.76391e-34
8.62155e-34
8.73439e-34
9.91929e-34
1.04497e-33
1.08559e-33
1.2842e-33
1.21123e-33
1.44896e-33
1.50388e-33
1.45395e-33
1.90637e-33
1.58391e-33
2.02223e-33
2.13808e-33
1.77923e-33
2.74595e-33
1.91295e-33
2.55788e-33
2.91158e-33
1.83264e-33
3.72058e-33
2.13084e-33
3.02055e-33
3.77668e-33
1.85822e-33
4.57408e-33
2.42547e-33
2.90846e-33
3.168e-33
)
;

boundaryField
{
    left
    {
        type            calculated;
        value           uniform 0;
    }
    right
    {
        type            calculated;
        value           uniform 0;
    }
    empty
    {
        type            empty;
        value           nonuniform 0();
    }
}


// ************************************************************************* //
