/*--------------------------------*- C++ -*----------------------------------*\
| =========                 |                                                 |
| \\      /  F ield         | OpenFOAM: The Open Source CFD Toolbox           |
|  \\    /   O peration     | Version:  2106                                  |
|   \\  /    A nd           | Website:  www.openfoam.com                      |
|    \\/     M anipulation  |                                                 |
\*---------------------------------------------------------------------------*/
FoamFile
{
    version     2.0;
    format      ascii;
    arch        "LSB;label=32;scalar=64";
    class       surfaceScalarField;
    location    "0.144";
    object      phi;
}
// * * * * * * * * * * * * * * * * * * * * * * * * * * * * * * * * * * * * * //

dimensions      [0 3 -1 0 0 0 0];

oriented        oriented;

internalField   nonuniform List<scalar> 
799
(
1.60612e-32
4.21149e-32
5.35303e-32
4.09147e-32
1.3903e-32
-5.46799e-32
-1.15997e-31
-1.63806e-31
-1.75785e-31
-1.39946e-31
-8.60635e-32
-2.56984e-32
1.08703e-32
1.87118e-32
-4.77147e-33
-4.58925e-32
-9.86723e-32
-1.52907e-31
-1.94753e-31
-2.2424e-31
-2.17573e-31
-1.82928e-31
-1.23189e-31
-5.38343e-32
-1.46446e-32
-6.93391e-33
-4.99749e-32
-1.21967e-31
-1.89617e-31
-2.43556e-31
-2.47741e-31
-2.21762e-31
-1.76739e-31
-1.22991e-31
-9.93915e-32
-8.95894e-32
-1.0805e-31
-1.47199e-31
-1.78313e-31
-2.16229e-31
-2.26398e-31
-2.151e-31
-1.92796e-31
-1.47222e-31
-1.23094e-31
-1.13879e-31
-1.30847e-31
-1.80841e-31
-2.21804e-31
-2.59081e-31
-2.61972e-31
-2.29065e-31
-1.86793e-31
-1.33368e-31
-1.09805e-31
-1.16782e-31
-1.50677e-31
-2.1053e-31
-2.56671e-31
-2.82529e-31
-2.70048e-31
-2.17561e-31
-1.56093e-31
-1.01772e-31
-8.95437e-32
-1.30849e-31
-2.05182e-31
-2.89214e-31
-3.3513e-31
-3.18076e-31
-2.4713e-31
-1.45788e-31
-6.97232e-32
-5.35378e-32
-1.00935e-31
-1.94998e-31
-2.81764e-31
-3.2662e-31
-3.15313e-31
-2.56233e-31
-1.9013e-31
-1.41239e-31
-1.25964e-31
-1.41041e-31
-1.65204e-31
-1.91174e-31
-2.10754e-31
-2.28882e-31
-2.4916e-31
-2.61377e-31
-2.59352e-31
-2.28158e-31
-1.75518e-31
-1.22017e-31
-8.92488e-32
-1.08025e-31
-1.66495e-31
-2.4814e-31
-3.17357e-31
-3.30565e-31
-2.95121e-31
-2.0917e-31
-1.18157e-31
-6.47278e-32
-5.54901e-32
-1.1322e-31
-1.92258e-31
-2.6581e-31
-3.09498e-31
-2.92246e-31
-2.48156e-31
-1.85137e-31
-1.38229e-31
-1.29377e-31
-1.40544e-31
-1.70889e-31
-1.8745e-31
-1.84667e-31
-1.71639e-31
-1.57452e-31
-1.67073e-31
-1.97262e-31
-2.38484e-31
-2.68989e-31
-2.67248e-31
-2.32243e-31
-1.72538e-31
-1.12736e-31
-7.4578e-32
-6.88667e-32
-9.84562e-32
-1.50472e-31
-2.11068e-31
-2.66021e-31
-2.9751e-31
-2.99863e-31
-2.65761e-31
-2.01226e-31
-1.2708e-31
-6.18889e-32
-3.61796e-32
-5.83121e-32
-1.21078e-31
-2.04823e-31
-2.69204e-31
-2.95231e-31
-2.71255e-31
-2.10519e-31
-1.47282e-31
-1.03453e-31
-1.02137e-31
-1.3616e-31
-1.826e-31
-2.19111e-31
-2.19035e-31
-1.85517e-31
-1.34067e-31
-9.16743e-32
-8.8164e-32
-1.27479e-31
-1.97833e-31
-2.63881e-31
-2.89995e-31
-2.58231e-31
-1.77148e-31
-8.68594e-32
-2.77988e-32
-3.47006e-32
-1.00148e-31
-1.89007e-31
-2.58625e-31
-2.64317e-31
-2.16666e-31
-1.37876e-31
-7.38113e-32
-6.59481e-32
-1.00398e-31
-1.67688e-31
-2.15632e-31
-2.16055e-31
-1.77997e-31
-1.05128e-31
-5.36808e-32
-3.81596e-32
-6.50543e-32
-1.30139e-31
-1.8371e-31
-2.17653e-31
-2.07335e-31
-1.57517e-31
-9.92937e-32
-4.03527e-32
-1.41827e-32
-1.94384e-32
-4.75584e-32
-9.25221e-32
-1.26383e-31
-1.46703e-31
-1.46405e-31
-1.24535e-31
-9.36348e-32
-5.35657e-32
-1.50572e-32
1.24064e-32
2.48137e-32
1.17074e-32
-2.1627e-32
-6.13349e-32
-9.09483e-32
-8.67421e-32
-4.50547e-32
2.10852e-32
8.6718e-32
1.16576e-31
9.73285e-32
3.91912e-32
-2.59632e-32
-5.26155e-32
-1.55248e-32
7.86818e-32
1.93761e-31
2.7324e-31
2.76699e-31
2.04142e-31
8.96554e-32
1.86574e-34
-8.81414e-33
7.48389e-32
2.28436e-31
3.80549e-31
4.67893e-31
4.62562e-31
3.69649e-31
2.54565e-31
1.76923e-31
1.78701e-31
2.72443e-31
4.09973e-31
5.45462e-31
6.30397e-31
6.40563e-31
6.00597e-31
5.39577e-31
5.02644e-31
5.18539e-31
5.84521e-31
6.83598e-31
7.81499e-31
8.49237e-31
8.77437e-31
8.80382e-31
8.82269e-31
9.13657e-31
9.85306e-31
1.07845e-30
1.17113e-30
1.2273e-30
1.23953e-30
1.23244e-30
1.23385e-30
1.28737e-30
1.40078e-30
1.54829e-30
1.69737e-30
1.80123e-30
1.84758e-30
1.85896e-30
1.863e-30
1.90182e-30
1.98983e-30
2.10943e-30
2.24807e-30
2.3751e-30
2.48373e-30
2.58803e-30
2.68531e-30
2.79385e-30
2.90671e-30
3.01428e-30
3.12679e-30
3.23648e-30
3.35983e-30
3.49864e-30
3.64159e-30
3.78779e-30
3.92401e-30
4.06122e-30
4.2159e-30
4.3999e-30
4.61501e-30
4.83759e-30
5.03656e-30
5.18757e-30
5.29828e-30
5.40061e-30
5.54628e-30
5.77031e-30
6.06631e-30
6.40081e-30
6.70769e-30
6.94873e-30
7.12149e-30
7.25826e-30
7.42656e-30
7.66091e-30
7.97314e-30
8.33266e-30
8.68384e-30
9.00066e-30
9.26933e-30
9.52081e-30
9.7944e-30
1.01081e-29
1.04708e-29
1.08507e-29
1.12226e-29
1.15744e-29
1.19057e-29
1.22502e-29
1.26258e-29
1.30437e-29
1.34979e-29
1.39534e-29
1.43963e-29
1.48121e-29
1.52127e-29
1.56331e-29
1.60878e-29
1.65992e-29
1.71514e-29
1.77123e-29
1.82621e-29
1.87686e-29
1.92495e-29
1.97298e-29
2.02399e-29
2.0822e-29
2.14641e-29
2.2153e-29
2.28452e-29
2.34878e-29
2.40662e-29
2.45829e-29
2.50411e-29
2.56595e-29
2.63872e-29
2.79416e-29
3.05594e-29
3.43696e-29
4.14407e-29
4.43181e-29
4.72993e-29
3.04212e-29
-1.21364e-29
-6.3316e-29
-1.68712e-28
-1.59154e-28
-9.81613e-29
1.9006e-28
8.34495e-28
1.20006e-27
1.84276e-27
1.08136e-27
-7.36301e-28
-3.01138e-27
-7.51757e-27
-7.18775e-27
-5.90522e-27
1.77435e-27
1.69026e-26
2.26944e-26
3.30754e-26
1.6675e-26
-1.35842e-26
-4.09803e-26
-9.04684e-26
-7.12951e-26
-4.21674e-26
3.15978e-26
1.54652e-25
1.62763e-25
1.92026e-25
5.43393e-26
-1.45572e-25
-2.41534e-25
-4.15683e-25
-2.36495e-25
-3.16148e-26
2.19183e-25
5.89224e-25
4.55185e-25
3.83063e-25
-3.70552e-26
-5.43973e-25
-5.8002e-25
-7.54223e-25
-2.54549e-25
2.23657e-25
5.06877e-25
9.15322e-25
5.06888e-25
2.23673e-25
-2.54535e-25
-7.54218e-25
-5.80026e-25
-5.43985e-25
-3.70693e-26
3.83054e-25
4.55183e-25
5.89228e-25
2.1919e-25
-3.16091e-26
-2.36493e-25
-4.15684e-25
-2.41539e-25
-1.45577e-25
5.43356e-26
1.92024e-25
1.62763e-25
1.54652e-25
3.1598e-26
-4.21677e-26
-7.12959e-26
-9.04692e-26
-4.09813e-26
-1.35851e-26
1.6674e-26
3.30743e-26
2.26934e-26
1.69016e-26
1.77351e-27
-5.90596e-27
-7.18841e-27
-7.51817e-27
-3.01202e-27
-7.36951e-28
1.08066e-27
1.84202e-27
1.19932e-27
8.33761e-28
1.89399e-28
-9.87429e-29
-1.59635e-28
-1.69127e-28
-6.37296e-29
-1.25944e-29
2.98574e-29
4.66532e-29
4.36398e-29
4.08039e-29
3.38611e-29
3.01878e-29
2.76907e-29
2.61844e-29
2.54167e-29
2.47145e-29
2.41463e-29
2.35544e-29
2.29612e-29
2.2358e-29
2.17645e-29
2.11899e-29
2.06483e-29
2.0132e-29
1.96177e-29
1.90844e-29
1.85178e-29
1.7927e-29
1.73476e-29
1.68066e-29
1.63307e-29
1.59132e-29
1.55246e-29
1.51392e-29
1.4721e-29
1.42722e-29
1.38006e-29
1.33265e-29
1.28816e-29
1.24717e-29
1.21107e-29
1.17871e-29
1.14812e-29
1.11759e-29
1.08441e-29
1.04811e-29
1.0097e-29
9.71417e-30
9.36697e-30
9.07784e-30
8.84052e-30
8.6364e-30
8.42227e-30
8.1631e-30
7.8599e-30
7.51936e-30
7.19268e-30
6.91604e-30
6.69993e-30
6.54898e-30
6.41127e-30
6.25595e-30
6.05564e-30
5.79727e-30
5.52032e-30
5.25034e-30
5.02887e-30
4.87756e-30
4.7782e-30
4.70664e-30
4.61351e-30
4.46191e-30
4.24647e-30
3.98727e-30
3.7345e-30
3.54317e-30
3.43792e-30
3.41058e-30
3.41408e-30
3.38322e-30
3.27871e-30
3.09112e-30
2.8589e-30
2.63969e-30
2.48134e-30
2.40468e-30
2.3869e-30
2.39047e-30
2.36723e-30
2.29732e-30
2.18143e-30
2.03783e-30
1.90264e-30
1.78724e-30
1.71105e-30
1.66379e-30
1.63057e-30
1.60295e-30
1.55177e-30
1.48745e-30
1.40335e-30
1.31609e-30
1.25138e-30
1.19951e-30
1.17811e-30
1.15524e-30
1.11474e-30
1.05801e-30
9.69223e-31
8.91815e-31
8.34802e-31
8.10051e-31
8.244e-31
8.33829e-31
8.31124e-31
7.94095e-31
7.23871e-31
6.54004e-31
5.89079e-31
5.50111e-31
5.29014e-31
5.05652e-31
4.84386e-31
4.58442e-31
4.48585e-31
4.68138e-31
5.00384e-31
5.30738e-31
5.14726e-31
4.33736e-31
3.08863e-31
1.72224e-31
9.76808e-32
1.18541e-31
2.26114e-31
3.82354e-31
4.90786e-31
5.0103e-31
3.93205e-31
1.98068e-31
1.68617e-32
-8.75335e-32
-6.06248e-32
8.28135e-32
2.56758e-31
3.93719e-31
4.10768e-31
3.0459e-31
1.3168e-31
-4.42339e-32
-1.27469e-31
-1.00693e-31
1.37001e-32
1.62787e-31
2.57488e-31
2.74382e-31
2.06146e-31
9.00101e-32
-9.37386e-33
-7.21577e-32
-7.29601e-32
-3.28695e-32
1.85958e-32
7.22066e-32
1.00968e-31
1.14963e-31
1.10771e-31
8.69555e-32
5.62492e-32
1.21747e-32
-2.63529e-32
-5.47754e-32
-6.63227e-32
-5.48939e-32
-3.07833e-32
6.52258e-33
4.19898e-32
7.25854e-32
8.62072e-32
7.6649e-32
4.75073e-32
-4.29897e-33
-5.16608e-32
-8.99526e-32
-1.00871e-31
-7.81551e-32
-4.36103e-32
6.7069e-33
4.11775e-32
5.78652e-32
5.92615e-32
3.27875e-32
4.50337e-33
-3.38106e-32
-6.78545e-32
-8.29459e-32
-8.67225e-32
-6.14103e-32
-2.48894e-32
1.38366e-32
4.49885e-32
4.78293e-32
3.16765e-32
-3.86164e-33
-4.29016e-32
-6.97348e-32
-8.10892e-32
-6.94041e-32
-4.35426e-32
-1.12252e-32
1.64456e-32
2.96804e-32
2.38356e-32
3.56598e-33
-2.12454e-32
-4.0258e-32
-4.0419e-32
-3.1778e-32
-1.79045e-32
-1.33877e-32
-2.62558e-32
-3.7175e-32
-4.38916e-32
-2.35806e-32
1.59993e-32
4.95521e-32
6.39033e-32
2.95344e-32
-3.16218e-32
-9.36228e-32
-1.23485e-31
-9.10461e-32
-1.99078e-32
6.51656e-32
1.13878e-31
9.99673e-32
3.60345e-32
-5.31391e-32
-1.11448e-31
-1.16516e-31
-6.58337e-32
1.47153e-32
7.46915e-32
9.2884e-32
5.58101e-32
-9.95465e-33
-6.44871e-32
-8.47434e-32
-5.23341e-32
7.25941e-33
6.30486e-32
8.80294e-32
6.11295e-32
3.42962e-33
-6.04401e-32
-9.95412e-32
-8.8167e-32
-3.84143e-32
3.33035e-32
9.62062e-32
1.18953e-31
1.01533e-31
4.58078e-32
-2.55404e-32
-8.13796e-32
-1.12135e-31
-1.00749e-31
-5.44986e-32
8.42844e-33
7.79738e-32
1.2351e-31
1.35974e-31
1.08979e-31
4.2214e-32
-3.56508e-32
-1.0578e-31
-1.36535e-31
-1.10826e-31
-3.91957e-32
5.97234e-32
1.40847e-31
1.7114e-31
1.37171e-31
4.88184e-32
-5.08385e-32
-1.1914e-31
-1.24851e-31
-6.44357e-32
2.99535e-32
1.14621e-31
1.50668e-31
1.20342e-31
4.46598e-32
-3.98352e-32
-9.23724e-32
-8.3392e-32
-2.60557e-32
5.64719e-32
1.21858e-31
1.34072e-31
9.99543e-32
2.60452e-32
-4.23621e-32
-7.08058e-32
-5.80894e-32
4.27316e-33
6.93228e-32
1.12261e-31
1.2086e-31
7.84922e-32
2.73723e-32
-2.09012e-32
-4.32597e-32
-2.36588e-32
9.46264e-33
5.45542e-32
8.53006e-32
9.0873e-32
8.27322e-32
5.83109e-32
3.62794e-32
2.31683e-32
1.58979e-32
1.78935e-32
2.02886e-32
1.84272e-32
1.95427e-32
1.95933e-32
2.93355e-32
5.20972e-32
7.59478e-32
1.0504e-31
1.13534e-31
9.94902e-32
6.42907e-32
6.14191e-33
-3.75948e-32
-6.34959e-32
-4.87274e-32
4.67715e-33
6.87343e-32
1.31944e-31
1.55406e-31
1.40117e-31
8.82031e-32
2.4451e-32
-2.46711e-32
-4.53015e-32
-2.41321e-32
6.46465e-33
5.51433e-32
7.54423e-32
7.59885e-32
6.88821e-32
2.39812e-32
1.44979e-32
-1.80676e-32
-2.43664e-32
-4.53757e-33
)
;

boundaryField
{
    left
    {
        type            calculated;
        value           uniform 0;
    }
    right
    {
        type            calculated;
        value           uniform 0;
    }
    empty
    {
        type            empty;
        value           nonuniform List<scalar> 0();
    }
}


// ************************************************************************* //
