/*--------------------------------*- C++ -*----------------------------------*\
| =========                 |                                                 |
| \\      /  F ield         | OpenFOAM: The Open Source CFD Toolbox           |
|  \\    /   O peration     | Version:  2106                                  |
|   \\  /    A nd           | Website:  www.openfoam.com                      |
|    \\/     M anipulation  |                                                 |
\*---------------------------------------------------------------------------*/
FoamFile
{
    version     2.0;
    format      ascii;
    arch        "LSB;label=32;scalar=64";
    class       surfaceScalarField;
    location    "0.065";
    object      phi;
}
// * * * * * * * * * * * * * * * * * * * * * * * * * * * * * * * * * * * * * //

dimensions      [0 3 -1 0 0 0 0];

oriented        oriented;

internalField   nonuniform List<scalar> 
799
(
1.80571e-32
4.61065e-32
5.95173e-32
4.8893e-32
2.38601e-32
-4.27526e-32
-1.02101e-31
-1.47951e-31
-1.57968e-31
-1.20178e-31
-6.43556e-32
-2.05871e-33
3.64297e-32
4.618e-32
2.45929e-32
-1.4644e-32
-6.55538e-32
-1.17935e-31
-1.57945e-31
-1.8561e-31
-1.7714e-31
-1.40707e-31
-7.92009e-32
-8.09944e-33
3.28175e-32
4.22382e-32
8.86981e-34
-6.94328e-32
-1.35441e-31
-1.87765e-31
-1.9036e-31
-1.62813e-31
-1.16247e-31
-6.09786e-32
-3.5884e-32
-2.46114e-32
-4.16281e-32
-7.93575e-32
-1.09078e-31
-1.45627e-31
-1.54461e-31
-1.41852e-31
-1.18266e-31
-7.14354e-32
-4.60785e-32
-3.56651e-32
-5.14611e-32
-1.00312e-31
-1.40161e-31
-1.7635e-31
-1.78183e-31
-1.44245e-31
-1.0097e-31
-4.65722e-32
-2.20618e-32
-2.81221e-32
-6.11257e-32
-1.20118e-31
-1.65426e-31
-1.90477e-31
-1.77216e-31
-1.23973e-31
-6.1775e-32
-6.75223e-33
6.15094e-33
-3.45035e-32
-1.08213e-31
-1.91642e-31
-2.36984e-31
-2.19381e-31
-1.47908e-31
-4.60621e-32
3.04805e-32
4.71191e-32
1.57986e-34
-9.34943e-32
-1.79873e-31
-2.24359e-31
-2.12699e-31
-1.53286e-31
-8.68762e-32
-3.76978e-32
-2.21561e-32
-3.69831e-32
-6.09199e-32
-8.66759e-32
-1.06063e-31
-1.24013e-31
-1.44127e-31
-1.56203e-31
-1.54052e-31
-1.22745e-31
-7.00045e-32
-1.64186e-32
1.6411e-32
-2.31112e-33
-6.07385e-32
-1.42354e-31
-2.11559e-31
-2.24764e-31
-1.8933e-31
-1.03401e-31
-1.24192e-32
4.09674e-32
5.01494e-32
-7.64805e-33
-8.6763e-32
-1.60404e-31
-2.04187e-31
-1.87042e-31
-1.43062e-31
-8.01634e-32
-3.33908e-32
-2.4679e-32
-3.59933e-32
-6.64912e-32
-8.32197e-32
-8.06126e-32
-6.77673e-32
-5.37712e-32
-6.35897e-32
-9.39824e-32
-1.35416e-31
-1.66139e-31
-1.64622e-31
-1.29856e-31
-7.03912e-32
-1.08409e-32
2.70601e-32
3.25057e-32
2.64185e-33
-4.96544e-32
-1.10539e-31
-1.65786e-31
-1.97581e-31
-2.00252e-31
-1.66475e-31
-1.02277e-31
-2.84769e-32
3.63579e-32
6.17004e-32
3.91889e-32
-2.39683e-32
-1.08116e-31
-1.72914e-31
-1.99369e-31
-1.7584e-31
-1.15562e-31
-5.27997e-32
-9.46564e-33
-8.66194e-33
-4.32146e-32
-9.02061e-32
-1.27292e-31
-1.27813e-31
-9.49032e-32
-4.40993e-32
-2.37281e-33
4.43867e-34
-3.95914e-32
-1.10699e-31
-1.77538e-31
-2.04475e-31
-1.7357e-31
-9.33768e-32
-4.02405e-33
5.40592e-32
4.61381e-32
-2.03787e-32
-1.10354e-31
-1.8114e-31
-1.88058e-31
-1.41691e-31
-6.42498e-32
-1.59491e-33
4.79226e-33
-3.12091e-32
-1.00121e-31
-1.49766e-31
-1.51974e-31
-1.15786e-31
-4.48791e-32
4.50938e-33
1.78694e-32
-1.12923e-32
-7.8754e-32
-1.34818e-31
-1.71381e-31
-1.63815e-31
-1.16886e-31
-6.16869e-32
-5.92188e-33
1.69136e-32
8.15925e-33
-2.36303e-32
-7.24443e-32
-1.10341e-31
-1.34896e-31
-1.39037e-31
-1.21825e-31
-9.58105e-32
-6.08654e-32
-2.77226e-32
-5.87935e-33
6.34203e-34
-1.86487e-32
-5.84568e-32
-1.04945e-31
-1.41666e-31
-1.44899e-31
-1.11e-31
-5.30084e-32
4.0926e-33
2.50205e-32
-3.57153e-33
-7.14851e-32
-1.46864e-31
-1.84211e-31
-1.58297e-31
-7.57733e-32
2.70932e-32
9.38078e-32
8.39284e-32
-2.55261e-33
-1.31581e-31
-2.3623e-31
-2.61081e-31
-1.93967e-31
-5.76293e-32
7.64775e-32
1.45045e-31
1.20136e-31
6.81495e-33
-1.29538e-31
-2.2934e-31
-2.50646e-31
-1.80949e-31
-6.84585e-32
4.09681e-32
9.87808e-32
8.07281e-32
1.14059e-32
-8.01419e-32
-1.48809e-31
-1.65898e-31
-1.34189e-31
-7.07207e-32
-9.80494e-33
1.95316e-32
7.86923e-33
-3.05591e-32
-7.15964e-32
-8.47302e-32
-5.92434e-32
-1.39555e-32
2.91229e-32
3.39024e-32
-7.10488e-33
-6.93094e-32
-1.24973e-31
-1.30524e-31
-7.82259e-32
6.06668e-33
8.97776e-32
1.2607e-31
1.02595e-31
4.18222e-32
-2.86512e-32
-6.67756e-32
-5.81872e-32
-2.05473e-32
3.35578e-32
7.34023e-32
9.21482e-32
1.03802e-31
1.05646e-31
1.15878e-31
1.27532e-31
1.30915e-31
1.36225e-31
1.35645e-31
1.45603e-31
1.67846e-31
1.91015e-31
2.14172e-31
2.24029e-31
2.3153e-31
2.53095e-31
3.00542e-31
3.75613e-31
4.54644e-31
5.06502e-31
5.06814e-31
4.63206e-31
4.07563e-31
3.91588e-31
4.50275e-31
5.77201e-31
7.38888e-31
8.69193e-31
9.29893e-31
9.18523e-31
8.67379e-31
8.43982e-31
8.82841e-31
9.95797e-31
1.15226e-30
1.29663e-30
1.40288e-30
1.45726e-30
1.49075e-30
1.54268e-30
1.63105e-30
1.76488e-30
1.91232e-30
2.04825e-30
2.1606e-30
2.24899e-30
2.34738e-30
2.47351e-30
2.63876e-30
2.83712e-30
3.03379e-30
3.21492e-30
3.36617e-30
3.49932e-30
3.64962e-30
3.83173e-30
4.06813e-30
4.34294e-30
4.62427e-30
4.89247e-30
5.11537e-30
5.31096e-30
5.50421e-30
5.72576e-30
6.01804e-30
6.36904e-30
6.7659e-30
7.16511e-30
7.51413e-30
7.7983e-30
8.02052e-30
8.18413e-30
8.50789e-30
8.94119e-30
1.02017e-29
1.25262e-29
1.60438e-29
2.28234e-29
2.54105e-29
2.81028e-29
1.09375e-29
-3.19054e-29
-8.33683e-29
-1.89046e-28
-1.79766e-28
-1.19049e-28
1.68899e-28
8.13064e-28
1.17837e-27
1.8208e-27
1.05914e-27
-7.58775e-28
-3.03411e-27
-7.54054e-27
-7.21097e-27
-5.92867e-27
1.75067e-27
1.68787e-26
2.26702e-26
3.3051e-26
1.66505e-26
-1.36089e-26
-4.10052e-26
-9.04936e-26
-7.13204e-26
-4.21929e-26
3.15721e-26
1.54627e-25
1.62737e-25
1.92e-25
5.4313e-26
-1.45598e-25
-2.41561e-25
-4.15709e-25
-2.36522e-25
-3.16417e-26
2.19156e-25
5.89197e-25
4.55158e-25
3.83036e-25
-3.70824e-26
-5.44e-25
-5.80048e-25
-7.5425e-25
-2.54576e-25
2.2363e-25
5.0685e-25
9.15294e-25
5.0686e-25
2.23645e-25
-2.54563e-25
-7.54245e-25
-5.80053e-25
-5.44013e-25
-3.70965e-26
3.83027e-25
4.55156e-25
5.89201e-25
2.19163e-25
-3.16359e-26
-2.3652e-25
-4.15711e-25
-2.41566e-25
-1.45603e-25
5.43094e-26
1.91998e-25
1.62737e-25
1.54627e-25
3.15725e-26
-4.21931e-26
-7.13211e-26
-9.04942e-26
-4.10061e-26
-1.36097e-26
1.66496e-26
3.30501e-26
2.26694e-26
1.68778e-26
1.75e-27
-5.92924e-27
-7.21145e-27
-7.54097e-27
-3.03456e-27
-7.5924e-28
1.05862e-27
1.82025e-27
1.17781e-27
8.12522e-28
1.68431e-28
-1.19437e-28
-1.80052e-28
-1.89264e-28
-8.35857e-29
-3.2167e-29
1.05704e-29
2.76533e-29
2.49285e-29
2.23825e-29
1.57306e-29
1.23492e-29
1.01444e-29
8.93093e-30
8.45638e-30
8.04733e-30
7.77223e-30
7.47304e-30
7.1721e-30
6.86059e-30
6.5579e-30
6.2731e-30
6.02012e-30
5.7912e-30
5.56277e-30
5.31374e-30
5.02966e-30
4.71952e-30
4.41874e-30
4.15422e-30
3.95254e-30
3.80681e-30
3.68749e-30
3.56872e-30
3.4145e-30
3.22689e-30
3.01348e-30
2.79464e-30
2.60183e-30
2.44098e-30
2.32572e-30
2.24461e-30
2.17779e-30
2.10813e-30
2.00855e-30
1.87431e-30
1.71531e-30
1.55403e-30
1.42474e-30
1.34985e-30
1.32309e-30
1.32581e-30
1.3148e-30
1.255e-30
1.14743e-30
9.98761e-31
8.60196e-31
7.67922e-31
7.32418e-31
7.5834e-31
7.93762e-31
8.07875e-31
7.73295e-31
6.76978e-31
5.58431e-31
4.43219e-31
3.72929e-31
3.69231e-31
4.13947e-31
4.82963e-31
5.26946e-31
5.09038e-31
4.239e-31
2.9166e-31
1.62557e-31
9.16412e-32
1.03606e-31
1.90325e-31
3.04767e-31
3.81789e-31
3.82156e-31
2.96477e-31
1.6327e-31
4.02098e-32
-2.47933e-32
-1.08484e-32
5.92795e-32
1.48115e-31
2.07554e-31
2.1779e-31
1.79577e-31
1.11222e-31
4.89006e-32
4.06401e-33
-3.82252e-33
1.50098e-32
4.5716e-32
7.99295e-32
8.85206e-32
8.19739e-32
5.37018e-32
2.03724e-32
7.75488e-33
6.16749e-33
3.3305e-32
5.72708e-32
6.1957e-32
4.87945e-32
2.01621e-33
-3.48958e-32
-5.28792e-32
-4.00338e-32
1.05264e-32
5.48222e-32
8.56863e-32
8.09688e-32
4.18292e-32
1.86274e-33
-3.43056e-32
-4.56253e-32
-4.01466e-32
-3.79679e-32
-3.46976e-32
-3.70726e-32
-2.43004e-32
1.69777e-32
7.00765e-32
1.20439e-31
1.23624e-31
6.10445e-32
-4.61712e-32
-1.65882e-31
-2.24201e-31
-1.87793e-31
-6.53308e-32
1.05175e-31
2.27264e-31
2.50578e-31
1.55259e-31
-2.7906e-32
-1.97659e-31
-2.91103e-31
-2.53719e-31
-1.00263e-31
8.32513e-32
2.29356e-31
2.55138e-31
1.57298e-31
-7.64767e-33
-1.75958e-31
-2.51937e-31
-2.18241e-31
-9.72399e-32
5.81409e-32
1.58841e-31
1.81462e-31
1.18684e-31
7.74585e-33
-8.66894e-32
-1.44767e-31
-1.41083e-31
-9.67246e-32
-4.11976e-32
1.62703e-32
4.8702e-32
6.6185e-32
6.53101e-32
4.46381e-32
1.69173e-32
-2.43254e-32
-6.01614e-32
-8.60326e-32
-9.51605e-32
-8.14394e-32
-5.51568e-32
-1.57941e-32
2.16156e-32
5.40479e-32
6.94038e-32
6.14898e-32
3.38949e-32
-1.64521e-32
-6.24377e-32
-9.9431e-32
-1.09127e-31
-8.52593e-32
-4.96393e-32
1.6897e-33
3.71089e-32
5.46814e-32
5.69022e-32
3.12046e-32
3.64121e-33
-3.39957e-32
-6.74104e-32
-8.19197e-32
-8.51562e-32
-5.93493e-32
-2.23728e-32
1.67721e-32
4.83032e-32
5.14938e-32
3.56583e-32
4.05499e-34
-3.83757e-32
-6.49764e-32
-7.61269e-32
-6.42607e-32
-3.82448e-32
-5.79166e-33
2.19917e-32
3.53152e-32
2.95382e-32
9.3197e-33
-1.54616e-32
-3.44606e-32
-3.46246e-32
-2.60002e-32
-1.21556e-32
-7.68566e-33
-2.0615e-32
-3.16033e-32
-3.84042e-32
-1.8191e-32
2.12727e-32
5.46979e-32
6.89137e-32
3.44004e-32
-2.69069e-32
-8.90682e-32
-1.19101e-31
-8.68406e-32
-1.58934e-32
6.89844e-32
1.17492e-31
1.03372e-31
3.92243e-32
-5.0169e-32
-1.08701e-31
-1.13997e-31
-6.35467e-32
1.67616e-32
7.64933e-32
9.44398e-32
5.71155e-32
-8.8999e-33
-6.36911e-32
-8.42077e-32
-5.20603e-32
7.26663e-33
6.27883e-32
8.74962e-32
6.03245e-32
2.34873e-33
-6.18003e-32
-1.0118e-31
-9.00869e-32
-4.06131e-32
3.08224e-32
9.34422e-32
1.1591e-31
9.82081e-32
4.22034e-32
-2.94216e-32
-8.55354e-32
-1.16563e-31
-1.05451e-31
-5.94721e-32
3.18634e-33
7.24616e-32
1.17729e-31
1.29927e-31
1.0267e-31
3.56417e-32
-4.24833e-32
-1.12868e-31
-1.43868e-31
-1.18403e-31
-4.70107e-32
5.16661e-32
1.32558e-31
1.62621e-31
1.28431e-31
3.98589e-32
-6.00123e-32
-1.2852e-31
-1.34431e-31
-7.42093e-32
1.99898e-32
1.04473e-31
1.40343e-31
1.09844e-31
3.39994e-32
-5.0652e-32
-1.03337e-31
-9.44985e-32
-3.72961e-32
4.51029e-32
1.10372e-31
1.22486e-31
8.82768e-32
1.4285e-32
-5.41945e-32
-8.27006e-32
-7.00452e-32
-7.72779e-33
5.72905e-32
1.00209e-31
1.08795e-31
6.64231e-32
1.53111e-32
-3.2948e-32
-5.52795e-32
-3.56402e-32
-2.47061e-33
4.26812e-32
7.3496e-32
7.91489e-32
7.11014e-32
4.67854e-32
2.48705e-32
1.18866e-32
4.75313e-33
6.89912e-33
9.45281e-33
7.7609e-33
9.05601e-33
9.29637e-33
1.92352e-32
4.22034e-32
6.62723e-32
9.55923e-32
1.04325e-31
9.05316e-32
5.55902e-32
-2.28648e-33
-4.57438e-32
-7.13572e-32
-5.62879e-32
-2.57744e-33
6.17953e-32
1.25329e-31
1.49121e-31
1.34171e-31
8.26021e-32
1.92021e-32
-2.9563e-32
-4.98312e-32
-2.82946e-32
2.67298e-33
5.17218e-32
7.23939e-32
7.33132e-32
6.6583e-32
2.20624e-32
1.29594e-32
-1.92194e-32
-2.51332e-32
-4.92034e-33
)
;

boundaryField
{
    left
    {
        type            calculated;
        value           uniform 0;
    }
    right
    {
        type            calculated;
        value           uniform 0;
    }
    empty
    {
        type            empty;
        value           nonuniform List<scalar> 0();
    }
}


// ************************************************************************* //
