/*--------------------------------*- C++ -*----------------------------------*\
| =========                 |                                                 |
| \\      /  F ield         | OpenFOAM: The Open Source CFD Toolbox           |
|  \\    /   O peration     | Version:  v1706                                 |
|   \\  /    A nd           | Web:      www.OpenFOAM.com                      |
|    \\/     M anipulation  |                                                 |
\*---------------------------------------------------------------------------*/
FoamFile
{
    version     2.0;
    format      ascii;
    class       vectorField;
    location    "constant/polyMesh";
    object      points;
}
// * * * * * * * * * * * * * * * * * * * * * * * * * * * * * * * * * * * * * //


3204
(
(-400 -200 -1)
(-399 -200 -1)
(-398 -200 -1)
(-397 -200 -1)
(-396 -200 -1)
(-395 -200 -1)
(-394 -200 -1)
(-393 -200 -1)
(-392 -200 -1)
(-391 -200 -1)
(-390 -200 -1)
(-389 -200 -1)
(-388 -200 -1)
(-387 -200 -1)
(-386 -200 -1)
(-385 -200 -1)
(-384 -200 -1)
(-383 -200 -1)
(-382 -200 -1)
(-381 -200 -1)
(-380 -200 -1)
(-379 -200 -1)
(-378 -200 -1)
(-377 -200 -1)
(-376 -200 -1)
(-375 -200 -1)
(-374 -200 -1)
(-373 -200 -1)
(-372 -200 -1)
(-371 -200 -1)
(-370 -200 -1)
(-369 -200 -1)
(-368 -200 -1)
(-367 -200 -1)
(-366 -200 -1)
(-365 -200 -1)
(-364 -200 -1)
(-363 -200 -1)
(-362 -200 -1)
(-361 -200 -1)
(-360 -200 -1)
(-359 -200 -1)
(-358 -200 -1)
(-357 -200 -1)
(-356 -200 -1)
(-355 -200 -1)
(-354 -200 -1)
(-353 -200 -1)
(-352 -200 -1)
(-351 -200 -1)
(-350 -200 -1)
(-349 -200 -1)
(-348 -200 -1)
(-347 -200 -1)
(-346 -200 -1)
(-345 -200 -1)
(-344 -200 -1)
(-343 -200 -1)
(-342 -200 -1)
(-341 -200 -1)
(-340 -200 -1)
(-339 -200 -1)
(-338 -200 -1)
(-337 -200 -1)
(-336 -200 -1)
(-335 -200 -1)
(-334 -200 -1)
(-333 -200 -1)
(-332 -200 -1)
(-331 -200 -1)
(-330 -200 -1)
(-329 -200 -1)
(-328 -200 -1)
(-327 -200 -1)
(-326 -200 -1)
(-325 -200 -1)
(-324 -200 -1)
(-323 -200 -1)
(-322 -200 -1)
(-321 -200 -1)
(-320 -200 -1)
(-319 -200 -1)
(-318 -200 -1)
(-317 -200 -1)
(-316 -200 -1)
(-315 -200 -1)
(-314 -200 -1)
(-313 -200 -1)
(-312 -200 -1)
(-311 -200 -1)
(-310 -200 -1)
(-309 -200 -1)
(-308 -200 -1)
(-307 -200 -1)
(-306 -200 -1)
(-305 -200 -1)
(-304 -200 -1)
(-303 -200 -1)
(-302 -200 -1)
(-301 -200 -1)
(-300 -200 -1)
(-299 -200 -1)
(-298 -200 -1)
(-297 -200 -1)
(-296 -200 -1)
(-295 -200 -1)
(-294 -200 -1)
(-293 -200 -1)
(-292 -200 -1)
(-291 -200 -1)
(-290 -200 -1)
(-289 -200 -1)
(-288 -200 -1)
(-287 -200 -1)
(-286 -200 -1)
(-285 -200 -1)
(-284 -200 -1)
(-283 -200 -1)
(-282 -200 -1)
(-281 -200 -1)
(-280 -200 -1)
(-279 -200 -1)
(-278 -200 -1)
(-277 -200 -1)
(-276 -200 -1)
(-275 -200 -1)
(-274 -200 -1)
(-273 -200 -1)
(-272 -200 -1)
(-271 -200 -1)
(-270 -200 -1)
(-269 -200 -1)
(-268 -200 -1)
(-267 -200 -1)
(-266 -200 -1)
(-265 -200 -1)
(-264 -200 -1)
(-263 -200 -1)
(-262 -200 -1)
(-261 -200 -1)
(-260 -200 -1)
(-259 -200 -1)
(-258 -200 -1)
(-257 -200 -1)
(-256 -200 -1)
(-255 -200 -1)
(-254 -200 -1)
(-253 -200 -1)
(-252 -200 -1)
(-251 -200 -1)
(-250 -200 -1)
(-249 -200 -1)
(-248 -200 -1)
(-247 -200 -1)
(-246 -200 -1)
(-245 -200 -1)
(-244 -200 -1)
(-243 -200 -1)
(-242 -200 -1)
(-241 -200 -1)
(-240 -200 -1)
(-239 -200 -1)
(-238 -200 -1)
(-237 -200 -1)
(-236 -200 -1)
(-235 -200 -1)
(-234 -200 -1)
(-233 -200 -1)
(-232 -200 -1)
(-231 -200 -1)
(-230 -200 -1)
(-229 -200 -1)
(-228 -200 -1)
(-227 -200 -1)
(-226 -200 -1)
(-225 -200 -1)
(-224 -200 -1)
(-223 -200 -1)
(-222 -200 -1)
(-221 -200 -1)
(-220 -200 -1)
(-219 -200 -1)
(-218 -200 -1)
(-217 -200 -1)
(-216 -200 -1)
(-215 -200 -1)
(-214 -200 -1)
(-213 -200 -1)
(-212 -200 -1)
(-211 -200 -1)
(-210 -200 -1)
(-209 -200 -1)
(-208 -200 -1)
(-207 -200 -1)
(-206 -200 -1)
(-205 -200 -1)
(-204 -200 -1)
(-203 -200 -1)
(-202 -200 -1)
(-201 -200 -1)
(-200 -200 -1)
(-199 -200 -1)
(-198 -200 -1)
(-197 -200 -1)
(-196 -200 -1)
(-195 -200 -1)
(-194 -200 -1)
(-193 -200 -1)
(-192 -200 -1)
(-191 -200 -1)
(-190 -200 -1)
(-189 -200 -1)
(-188 -200 -1)
(-187 -200 -1)
(-186 -200 -1)
(-185 -200 -1)
(-184 -200 -1)
(-183 -200 -1)
(-182 -200 -1)
(-181 -200 -1)
(-180 -200 -1)
(-179 -200 -1)
(-178 -200 -1)
(-177 -200 -1)
(-176 -200 -1)
(-175 -200 -1)
(-174 -200 -1)
(-173 -200 -1)
(-172 -200 -1)
(-171 -200 -1)
(-170 -200 -1)
(-169 -200 -1)
(-168 -200 -1)
(-167 -200 -1)
(-166 -200 -1)
(-165 -200 -1)
(-164 -200 -1)
(-163 -200 -1)
(-162 -200 -1)
(-161 -200 -1)
(-160 -200 -1)
(-159 -200 -1)
(-158 -200 -1)
(-157 -200 -1)
(-156 -200 -1)
(-155 -200 -1)
(-154 -200 -1)
(-153 -200 -1)
(-152 -200 -1)
(-151 -200 -1)
(-150 -200 -1)
(-149 -200 -1)
(-148 -200 -1)
(-147 -200 -1)
(-146 -200 -1)
(-145 -200 -1)
(-144 -200 -1)
(-143 -200 -1)
(-142 -200 -1)
(-141 -200 -1)
(-140 -200 -1)
(-139 -200 -1)
(-138 -200 -1)
(-137 -200 -1)
(-136 -200 -1)
(-135 -200 -1)
(-134 -200 -1)
(-133 -200 -1)
(-132 -200 -1)
(-131 -200 -1)
(-130 -200 -1)
(-129 -200 -1)
(-128 -200 -1)
(-127 -200 -1)
(-126 -200 -1)
(-125 -200 -1)
(-124 -200 -1)
(-123 -200 -1)
(-122 -200 -1)
(-121 -200 -1)
(-120 -200 -1)
(-119 -200 -1)
(-118 -200 -1)
(-117 -200 -1)
(-116 -200 -1)
(-115 -200 -1)
(-114 -200 -1)
(-113 -200 -1)
(-112 -200 -1)
(-111 -200 -1)
(-110 -200 -1)
(-109 -200 -1)
(-108 -200 -1)
(-107 -200 -1)
(-106 -200 -1)
(-105 -200 -1)
(-104 -200 -1)
(-103 -200 -1)
(-102 -200 -1)
(-101 -200 -1)
(-100 -200 -1)
(-99 -200 -1)
(-98 -200 -1)
(-97 -200 -1)
(-96 -200 -1)
(-95 -200 -1)
(-94 -200 -1)
(-93 -200 -1)
(-92 -200 -1)
(-91 -200 -1)
(-90 -200 -1)
(-89 -200 -1)
(-88 -200 -1)
(-87 -200 -1)
(-86 -200 -1)
(-85 -200 -1)
(-84 -200 -1)
(-83 -200 -1)
(-82 -200 -1)
(-81 -200 -1)
(-80 -200 -1)
(-79 -200 -1)
(-78 -200 -1)
(-77 -200 -1)
(-76 -200 -1)
(-75 -200 -1)
(-74 -200 -1)
(-73 -200 -1)
(-72 -200 -1)
(-71 -200 -1)
(-70 -200 -1)
(-69 -200 -1)
(-68 -200 -1)
(-67 -200 -1)
(-66 -200 -1)
(-65 -200 -1)
(-64 -200 -1)
(-63 -200 -1)
(-62 -200 -1)
(-61 -200 -1)
(-60 -200 -1)
(-59 -200 -1)
(-58 -200 -1)
(-57 -200 -1)
(-56 -200 -1)
(-55 -200 -1)
(-54 -200 -1)
(-53 -200 -1)
(-52 -200 -1)
(-51 -200 -1)
(-50 -200 -1)
(-49 -200 -1)
(-48 -200 -1)
(-47 -200 -1)
(-46 -200 -1)
(-45 -200 -1)
(-44 -200 -1)
(-43 -200 -1)
(-42 -200 -1)
(-41 -200 -1)
(-40 -200 -1)
(-39 -200 -1)
(-38 -200 -1)
(-37 -200 -1)
(-36 -200 -1)
(-35 -200 -1)
(-34 -200 -1)
(-33 -200 -1)
(-32 -200 -1)
(-31 -200 -1)
(-30 -200 -1)
(-29 -200 -1)
(-28 -200 -1)
(-27 -200 -1)
(-26 -200 -1)
(-25 -200 -1)
(-24 -200 -1)
(-23 -200 -1)
(-22 -200 -1)
(-21 -200 -1)
(-20 -200 -1)
(-19 -200 -1)
(-18 -200 -1)
(-17 -200 -1)
(-16 -200 -1)
(-15 -200 -1)
(-14 -200 -1)
(-13 -200 -1)
(-12 -200 -1)
(-11 -200 -1)
(-10 -200 -1)
(-9 -200 -1)
(-8 -200 -1)
(-7 -200 -1)
(-6 -200 -1)
(-5 -200 -1)
(-4 -200 -1)
(-3 -200 -1)
(-2 -200 -1)
(-1 -200 -1)
(0 -200 -1)
(1 -200 -1)
(2 -200 -1)
(3 -200 -1)
(4 -200 -1)
(5 -200 -1)
(6 -200 -1)
(7 -200 -1)
(8 -200 -1)
(9 -200 -1)
(10 -200 -1)
(11 -200 -1)
(12 -200 -1)
(13 -200 -1)
(14 -200 -1)
(15 -200 -1)
(16 -200 -1)
(17 -200 -1)
(18 -200 -1)
(19 -200 -1)
(20 -200 -1)
(21 -200 -1)
(22 -200 -1)
(23 -200 -1)
(24 -200 -1)
(25 -200 -1)
(26 -200 -1)
(27 -200 -1)
(28 -200 -1)
(29 -200 -1)
(30 -200 -1)
(31 -200 -1)
(32 -200 -1)
(33 -200 -1)
(34 -200 -1)
(35 -200 -1)
(36 -200 -1)
(37 -200 -1)
(38 -200 -1)
(39 -200 -1)
(40 -200 -1)
(41 -200 -1)
(42 -200 -1)
(43 -200 -1)
(44 -200 -1)
(45 -200 -1)
(46 -200 -1)
(47 -200 -1)
(48 -200 -1)
(49 -200 -1)
(50 -200 -1)
(51 -200 -1)
(52 -200 -1)
(53 -200 -1)
(54 -200 -1)
(55 -200 -1)
(56 -200 -1)
(57 -200 -1)
(58 -200 -1)
(59 -200 -1)
(60 -200 -1)
(61 -200 -1)
(62 -200 -1)
(63 -200 -1)
(64 -200 -1)
(65 -200 -1)
(66 -200 -1)
(67 -200 -1)
(68 -200 -1)
(69 -200 -1)
(70 -200 -1)
(71 -200 -1)
(72 -200 -1)
(73 -200 -1)
(74 -200 -1)
(75 -200 -1)
(76 -200 -1)
(77 -200 -1)
(78 -200 -1)
(79 -200 -1)
(80 -200 -1)
(81 -200 -1)
(82 -200 -1)
(83 -200 -1)
(84 -200 -1)
(85 -200 -1)
(86 -200 -1)
(87 -200 -1)
(88 -200 -1)
(89 -200 -1)
(90 -200 -1)
(91 -200 -1)
(92 -200 -1)
(93 -200 -1)
(94 -200 -1)
(95 -200 -1)
(96 -200 -1)
(97 -200 -1)
(98 -200 -1)
(99 -200 -1)
(100 -200 -1)
(101 -200 -1)
(102 -200 -1)
(103 -200 -1)
(104 -200 -1)
(105 -200 -1)
(106 -200 -1)
(107 -200 -1)
(108 -200 -1)
(109 -200 -1)
(110 -200 -1)
(111 -200 -1)
(112 -200 -1)
(113 -200 -1)
(114 -200 -1)
(115 -200 -1)
(116 -200 -1)
(117 -200 -1)
(118 -200 -1)
(119 -200 -1)
(120 -200 -1)
(121 -200 -1)
(122 -200 -1)
(123 -200 -1)
(124 -200 -1)
(125 -200 -1)
(126 -200 -1)
(127 -200 -1)
(128 -200 -1)
(129 -200 -1)
(130 -200 -1)
(131 -200 -1)
(132 -200 -1)
(133 -200 -1)
(134 -200 -1)
(135 -200 -1)
(136 -200 -1)
(137 -200 -1)
(138 -200 -1)
(139 -200 -1)
(140 -200 -1)
(141 -200 -1)
(142 -200 -1)
(143 -200 -1)
(144 -200 -1)
(145 -200 -1)
(146 -200 -1)
(147 -200 -1)
(148 -200 -1)
(149 -200 -1)
(150 -200 -1)
(151 -200 -1)
(152 -200 -1)
(153 -200 -1)
(154 -200 -1)
(155 -200 -1)
(156 -200 -1)
(157 -200 -1)
(158 -200 -1)
(159 -200 -1)
(160 -200 -1)
(161 -200 -1)
(162 -200 -1)
(163 -200 -1)
(164 -200 -1)
(165 -200 -1)
(166 -200 -1)
(167 -200 -1)
(168 -200 -1)
(169 -200 -1)
(170 -200 -1)
(171 -200 -1)
(172 -200 -1)
(173 -200 -1)
(174 -200 -1)
(175 -200 -1)
(176 -200 -1)
(177 -200 -1)
(178 -200 -1)
(179 -200 -1)
(180 -200 -1)
(181 -200 -1)
(182 -200 -1)
(183 -200 -1)
(184 -200 -1)
(185 -200 -1)
(186 -200 -1)
(187 -200 -1)
(188 -200 -1)
(189 -200 -1)
(190 -200 -1)
(191 -200 -1)
(192 -200 -1)
(193 -200 -1)
(194 -200 -1)
(195 -200 -1)
(196 -200 -1)
(197 -200 -1)
(198 -200 -1)
(199 -200 -1)
(200 -200 -1)
(201 -200 -1)
(202 -200 -1)
(203 -200 -1)
(204 -200 -1)
(205 -200 -1)
(206 -200 -1)
(207 -200 -1)
(208 -200 -1)
(209 -200 -1)
(210 -200 -1)
(211 -200 -1)
(212 -200 -1)
(213 -200 -1)
(214 -200 -1)
(215 -200 -1)
(216 -200 -1)
(217 -200 -1)
(218 -200 -1)
(219 -200 -1)
(220 -200 -1)
(221 -200 -1)
(222 -200 -1)
(223 -200 -1)
(224 -200 -1)
(225 -200 -1)
(226 -200 -1)
(227 -200 -1)
(228 -200 -1)
(229 -200 -1)
(230 -200 -1)
(231 -200 -1)
(232 -200 -1)
(233 -200 -1)
(234 -200 -1)
(235 -200 -1)
(236 -200 -1)
(237 -200 -1)
(238 -200 -1)
(239 -200 -1)
(240 -200 -1)
(241 -200 -1)
(242 -200 -1)
(243 -200 -1)
(244 -200 -1)
(245 -200 -1)
(246 -200 -1)
(247 -200 -1)
(248 -200 -1)
(249 -200 -1)
(250 -200 -1)
(251 -200 -1)
(252 -200 -1)
(253 -200 -1)
(254 -200 -1)
(255 -200 -1)
(256 -200 -1)
(257 -200 -1)
(258 -200 -1)
(259 -200 -1)
(260 -200 -1)
(261 -200 -1)
(262 -200 -1)
(263 -200 -1)
(264 -200 -1)
(265 -200 -1)
(266 -200 -1)
(267 -200 -1)
(268 -200 -1)
(269 -200 -1)
(270 -200 -1)
(271 -200 -1)
(272 -200 -1)
(273 -200 -1)
(274 -200 -1)
(275 -200 -1)
(276 -200 -1)
(277 -200 -1)
(278 -200 -1)
(279 -200 -1)
(280 -200 -1)
(281 -200 -1)
(282 -200 -1)
(283 -200 -1)
(284 -200 -1)
(285 -200 -1)
(286 -200 -1)
(287 -200 -1)
(288 -200 -1)
(289 -200 -1)
(290 -200 -1)
(291 -200 -1)
(292 -200 -1)
(293 -200 -1)
(294 -200 -1)
(295 -200 -1)
(296 -200 -1)
(297 -200 -1)
(298 -200 -1)
(299 -200 -1)
(300 -200 -1)
(301 -200 -1)
(302 -200 -1)
(303 -200 -1)
(304 -200 -1)
(305 -200 -1)
(306 -200 -1)
(307 -200 -1)
(308 -200 -1)
(309 -200 -1)
(310 -200 -1)
(311 -200 -1)
(312 -200 -1)
(313 -200 -1)
(314 -200 -1)
(315 -200 -1)
(316 -200 -1)
(317 -200 -1)
(318 -200 -1)
(319 -200 -1)
(320 -200 -1)
(321 -200 -1)
(322 -200 -1)
(323 -200 -1)
(324 -200 -1)
(325 -200 -1)
(326 -200 -1)
(327 -200 -1)
(328 -200 -1)
(329 -200 -1)
(330 -200 -1)
(331 -200 -1)
(332 -200 -1)
(333 -200 -1)
(334 -200 -1)
(335 -200 -1)
(336 -200 -1)
(337 -200 -1)
(338 -200 -1)
(339 -200 -1)
(340 -200 -1)
(341 -200 -1)
(342 -200 -1)
(343 -200 -1)
(344 -200 -1)
(345 -200 -1)
(346 -200 -1)
(347 -200 -1)
(348 -200 -1)
(349 -200 -1)
(350 -200 -1)
(351 -200 -1)
(352 -200 -1)
(353 -200 -1)
(354 -200 -1)
(355 -200 -1)
(356 -200 -1)
(357 -200 -1)
(358 -200 -1)
(359 -200 -1)
(360 -200 -1)
(361 -200 -1)
(362 -200 -1)
(363 -200 -1)
(364 -200 -1)
(365 -200 -1)
(366 -200 -1)
(367 -200 -1)
(368 -200 -1)
(369 -200 -1)
(370 -200 -1)
(371 -200 -1)
(372 -200 -1)
(373 -200 -1)
(374 -200 -1)
(375 -200 -1)
(376 -200 -1)
(377 -200 -1)
(378 -200 -1)
(379 -200 -1)
(380 -200 -1)
(381 -200 -1)
(382 -200 -1)
(383 -200 -1)
(384 -200 -1)
(385 -200 -1)
(386 -200 -1)
(387 -200 -1)
(388 -200 -1)
(389 -200 -1)
(390 -200 -1)
(391 -200 -1)
(392 -200 -1)
(393 -200 -1)
(394 -200 -1)
(395 -200 -1)
(396 -200 -1)
(397 -200 -1)
(398 -200 -1)
(399 -200 -1)
(400 -200 -1)
(-400 200 -1)
(-399 200 -1)
(-398 200 -1)
(-397 200 -1)
(-396 200 -1)
(-395 200 -1)
(-394 200 -1)
(-393 200 -1)
(-392 200 -1)
(-391 200 -1)
(-390 200 -1)
(-389 200 -1)
(-388 200 -1)
(-387 200 -1)
(-386 200 -1)
(-385 200 -1)
(-384 200 -1)
(-383 200 -1)
(-382 200 -1)
(-381 200 -1)
(-380 200 -1)
(-379 200 -1)
(-378 200 -1)
(-377 200 -1)
(-376 200 -1)
(-375 200 -1)
(-374 200 -1)
(-373 200 -1)
(-372 200 -1)
(-371 200 -1)
(-370 200 -1)
(-369 200 -1)
(-368 200 -1)
(-367 200 -1)
(-366 200 -1)
(-365 200 -1)
(-364 200 -1)
(-363 200 -1)
(-362 200 -1)
(-361 200 -1)
(-360 200 -1)
(-359 200 -1)
(-358 200 -1)
(-357 200 -1)
(-356 200 -1)
(-355 200 -1)
(-354 200 -1)
(-353 200 -1)
(-352 200 -1)
(-351 200 -1)
(-350 200 -1)
(-349 200 -1)
(-348 200 -1)
(-347 200 -1)
(-346 200 -1)
(-345 200 -1)
(-344 200 -1)
(-343 200 -1)
(-342 200 -1)
(-341 200 -1)
(-340 200 -1)
(-339 200 -1)
(-338 200 -1)
(-337 200 -1)
(-336 200 -1)
(-335 200 -1)
(-334 200 -1)
(-333 200 -1)
(-332 200 -1)
(-331 200 -1)
(-330 200 -1)
(-329 200 -1)
(-328 200 -1)
(-327 200 -1)
(-326 200 -1)
(-325 200 -1)
(-324 200 -1)
(-323 200 -1)
(-322 200 -1)
(-321 200 -1)
(-320 200 -1)
(-319 200 -1)
(-318 200 -1)
(-317 200 -1)
(-316 200 -1)
(-315 200 -1)
(-314 200 -1)
(-313 200 -1)
(-312 200 -1)
(-311 200 -1)
(-310 200 -1)
(-309 200 -1)
(-308 200 -1)
(-307 200 -1)
(-306 200 -1)
(-305 200 -1)
(-304 200 -1)
(-303 200 -1)
(-302 200 -1)
(-301 200 -1)
(-300 200 -1)
(-299 200 -1)
(-298 200 -1)
(-297 200 -1)
(-296 200 -1)
(-295 200 -1)
(-294 200 -1)
(-293 200 -1)
(-292 200 -1)
(-291 200 -1)
(-290 200 -1)
(-289 200 -1)
(-288 200 -1)
(-287 200 -1)
(-286 200 -1)
(-285 200 -1)
(-284 200 -1)
(-283 200 -1)
(-282 200 -1)
(-281 200 -1)
(-280 200 -1)
(-279 200 -1)
(-278 200 -1)
(-277 200 -1)
(-276 200 -1)
(-275 200 -1)
(-274 200 -1)
(-273 200 -1)
(-272 200 -1)
(-271 200 -1)
(-270 200 -1)
(-269 200 -1)
(-268 200 -1)
(-267 200 -1)
(-266 200 -1)
(-265 200 -1)
(-264 200 -1)
(-263 200 -1)
(-262 200 -1)
(-261 200 -1)
(-260 200 -1)
(-259 200 -1)
(-258 200 -1)
(-257 200 -1)
(-256 200 -1)
(-255 200 -1)
(-254 200 -1)
(-253 200 -1)
(-252 200 -1)
(-251 200 -1)
(-250 200 -1)
(-249 200 -1)
(-248 200 -1)
(-247 200 -1)
(-246 200 -1)
(-245 200 -1)
(-244 200 -1)
(-243 200 -1)
(-242 200 -1)
(-241 200 -1)
(-240 200 -1)
(-239 200 -1)
(-238 200 -1)
(-237 200 -1)
(-236 200 -1)
(-235 200 -1)
(-234 200 -1)
(-233 200 -1)
(-232 200 -1)
(-231 200 -1)
(-230 200 -1)
(-229 200 -1)
(-228 200 -1)
(-227 200 -1)
(-226 200 -1)
(-225 200 -1)
(-224 200 -1)
(-223 200 -1)
(-222 200 -1)
(-221 200 -1)
(-220 200 -1)
(-219 200 -1)
(-218 200 -1)
(-217 200 -1)
(-216 200 -1)
(-215 200 -1)
(-214 200 -1)
(-213 200 -1)
(-212 200 -1)
(-211 200 -1)
(-210 200 -1)
(-209 200 -1)
(-208 200 -1)
(-207 200 -1)
(-206 200 -1)
(-205 200 -1)
(-204 200 -1)
(-203 200 -1)
(-202 200 -1)
(-201 200 -1)
(-200 200 -1)
(-199 200 -1)
(-198 200 -1)
(-197 200 -1)
(-196 200 -1)
(-195 200 -1)
(-194 200 -1)
(-193 200 -1)
(-192 200 -1)
(-191 200 -1)
(-190 200 -1)
(-189 200 -1)
(-188 200 -1)
(-187 200 -1)
(-186 200 -1)
(-185 200 -1)
(-184 200 -1)
(-183 200 -1)
(-182 200 -1)
(-181 200 -1)
(-180 200 -1)
(-179 200 -1)
(-178 200 -1)
(-177 200 -1)
(-176 200 -1)
(-175 200 -1)
(-174 200 -1)
(-173 200 -1)
(-172 200 -1)
(-171 200 -1)
(-170 200 -1)
(-169 200 -1)
(-168 200 -1)
(-167 200 -1)
(-166 200 -1)
(-165 200 -1)
(-164 200 -1)
(-163 200 -1)
(-162 200 -1)
(-161 200 -1)
(-160 200 -1)
(-159 200 -1)
(-158 200 -1)
(-157 200 -1)
(-156 200 -1)
(-155 200 -1)
(-154 200 -1)
(-153 200 -1)
(-152 200 -1)
(-151 200 -1)
(-150 200 -1)
(-149 200 -1)
(-148 200 -1)
(-147 200 -1)
(-146 200 -1)
(-145 200 -1)
(-144 200 -1)
(-143 200 -1)
(-142 200 -1)
(-141 200 -1)
(-140 200 -1)
(-139 200 -1)
(-138 200 -1)
(-137 200 -1)
(-136 200 -1)
(-135 200 -1)
(-134 200 -1)
(-133 200 -1)
(-132 200 -1)
(-131 200 -1)
(-130 200 -1)
(-129 200 -1)
(-128 200 -1)
(-127 200 -1)
(-126 200 -1)
(-125 200 -1)
(-124 200 -1)
(-123 200 -1)
(-122 200 -1)
(-121 200 -1)
(-120 200 -1)
(-119 200 -1)
(-118 200 -1)
(-117 200 -1)
(-116 200 -1)
(-115 200 -1)
(-114 200 -1)
(-113 200 -1)
(-112 200 -1)
(-111 200 -1)
(-110 200 -1)
(-109 200 -1)
(-108 200 -1)
(-107 200 -1)
(-106 200 -1)
(-105 200 -1)
(-104 200 -1)
(-103 200 -1)
(-102 200 -1)
(-101 200 -1)
(-100 200 -1)
(-99 200 -1)
(-98 200 -1)
(-97 200 -1)
(-96 200 -1)
(-95 200 -1)
(-94 200 -1)
(-93 200 -1)
(-92 200 -1)
(-91 200 -1)
(-90 200 -1)
(-89 200 -1)
(-88 200 -1)
(-87 200 -1)
(-86 200 -1)
(-85 200 -1)
(-84 200 -1)
(-83 200 -1)
(-82 200 -1)
(-81 200 -1)
(-80 200 -1)
(-79 200 -1)
(-78 200 -1)
(-77 200 -1)
(-76 200 -1)
(-75 200 -1)
(-74 200 -1)
(-73 200 -1)
(-72 200 -1)
(-71 200 -1)
(-70 200 -1)
(-69 200 -1)
(-68 200 -1)
(-67 200 -1)
(-66 200 -1)
(-65 200 -1)
(-64 200 -1)
(-63 200 -1)
(-62 200 -1)
(-61 200 -1)
(-60 200 -1)
(-59 200 -1)
(-58 200 -1)
(-57 200 -1)
(-56 200 -1)
(-55 200 -1)
(-54 200 -1)
(-53 200 -1)
(-52 200 -1)
(-51 200 -1)
(-50 200 -1)
(-49 200 -1)
(-48 200 -1)
(-47 200 -1)
(-46 200 -1)
(-45 200 -1)
(-44 200 -1)
(-43 200 -1)
(-42 200 -1)
(-41 200 -1)
(-40 200 -1)
(-39 200 -1)
(-38 200 -1)
(-37 200 -1)
(-36 200 -1)
(-35 200 -1)
(-34 200 -1)
(-33 200 -1)
(-32 200 -1)
(-31 200 -1)
(-30 200 -1)
(-29 200 -1)
(-28 200 -1)
(-27 200 -1)
(-26 200 -1)
(-25 200 -1)
(-24 200 -1)
(-23 200 -1)
(-22 200 -1)
(-21 200 -1)
(-20 200 -1)
(-19 200 -1)
(-18 200 -1)
(-17 200 -1)
(-16 200 -1)
(-15 200 -1)
(-14 200 -1)
(-13 200 -1)
(-12 200 -1)
(-11 200 -1)
(-10 200 -1)
(-9 200 -1)
(-8 200 -1)
(-7 200 -1)
(-6 200 -1)
(-5 200 -1)
(-4 200 -1)
(-3 200 -1)
(-2 200 -1)
(-1 200 -1)
(0 200 -1)
(1 200 -1)
(2 200 -1)
(3 200 -1)
(4 200 -1)
(5 200 -1)
(6 200 -1)
(7 200 -1)
(8 200 -1)
(9 200 -1)
(10 200 -1)
(11 200 -1)
(12 200 -1)
(13 200 -1)
(14 200 -1)
(15 200 -1)
(16 200 -1)
(17 200 -1)
(18 200 -1)
(19 200 -1)
(20 200 -1)
(21 200 -1)
(22 200 -1)
(23 200 -1)
(24 200 -1)
(25 200 -1)
(26 200 -1)
(27 200 -1)
(28 200 -1)
(29 200 -1)
(30 200 -1)
(31 200 -1)
(32 200 -1)
(33 200 -1)
(34 200 -1)
(35 200 -1)
(36 200 -1)
(37 200 -1)
(38 200 -1)
(39 200 -1)
(40 200 -1)
(41 200 -1)
(42 200 -1)
(43 200 -1)
(44 200 -1)
(45 200 -1)
(46 200 -1)
(47 200 -1)
(48 200 -1)
(49 200 -1)
(50 200 -1)
(51 200 -1)
(52 200 -1)
(53 200 -1)
(54 200 -1)
(55 200 -1)
(56 200 -1)
(57 200 -1)
(58 200 -1)
(59 200 -1)
(60 200 -1)
(61 200 -1)
(62 200 -1)
(63 200 -1)
(64 200 -1)
(65 200 -1)
(66 200 -1)
(67 200 -1)
(68 200 -1)
(69 200 -1)
(70 200 -1)
(71 200 -1)
(72 200 -1)
(73 200 -1)
(74 200 -1)
(75 200 -1)
(76 200 -1)
(77 200 -1)
(78 200 -1)
(79 200 -1)
(80 200 -1)
(81 200 -1)
(82 200 -1)
(83 200 -1)
(84 200 -1)
(85 200 -1)
(86 200 -1)
(87 200 -1)
(88 200 -1)
(89 200 -1)
(90 200 -1)
(91 200 -1)
(92 200 -1)
(93 200 -1)
(94 200 -1)
(95 200 -1)
(96 200 -1)
(97 200 -1)
(98 200 -1)
(99 200 -1)
(100 200 -1)
(101 200 -1)
(102 200 -1)
(103 200 -1)
(104 200 -1)
(105 200 -1)
(106 200 -1)
(107 200 -1)
(108 200 -1)
(109 200 -1)
(110 200 -1)
(111 200 -1)
(112 200 -1)
(113 200 -1)
(114 200 -1)
(115 200 -1)
(116 200 -1)
(117 200 -1)
(118 200 -1)
(119 200 -1)
(120 200 -1)
(121 200 -1)
(122 200 -1)
(123 200 -1)
(124 200 -1)
(125 200 -1)
(126 200 -1)
(127 200 -1)
(128 200 -1)
(129 200 -1)
(130 200 -1)
(131 200 -1)
(132 200 -1)
(133 200 -1)
(134 200 -1)
(135 200 -1)
(136 200 -1)
(137 200 -1)
(138 200 -1)
(139 200 -1)
(140 200 -1)
(141 200 -1)
(142 200 -1)
(143 200 -1)
(144 200 -1)
(145 200 -1)
(146 200 -1)
(147 200 -1)
(148 200 -1)
(149 200 -1)
(150 200 -1)
(151 200 -1)
(152 200 -1)
(153 200 -1)
(154 200 -1)
(155 200 -1)
(156 200 -1)
(157 200 -1)
(158 200 -1)
(159 200 -1)
(160 200 -1)
(161 200 -1)
(162 200 -1)
(163 200 -1)
(164 200 -1)
(165 200 -1)
(166 200 -1)
(167 200 -1)
(168 200 -1)
(169 200 -1)
(170 200 -1)
(171 200 -1)
(172 200 -1)
(173 200 -1)
(174 200 -1)
(175 200 -1)
(176 200 -1)
(177 200 -1)
(178 200 -1)
(179 200 -1)
(180 200 -1)
(181 200 -1)
(182 200 -1)
(183 200 -1)
(184 200 -1)
(185 200 -1)
(186 200 -1)
(187 200 -1)
(188 200 -1)
(189 200 -1)
(190 200 -1)
(191 200 -1)
(192 200 -1)
(193 200 -1)
(194 200 -1)
(195 200 -1)
(196 200 -1)
(197 200 -1)
(198 200 -1)
(199 200 -1)
(200 200 -1)
(201 200 -1)
(202 200 -1)
(203 200 -1)
(204 200 -1)
(205 200 -1)
(206 200 -1)
(207 200 -1)
(208 200 -1)
(209 200 -1)
(210 200 -1)
(211 200 -1)
(212 200 -1)
(213 200 -1)
(214 200 -1)
(215 200 -1)
(216 200 -1)
(217 200 -1)
(218 200 -1)
(219 200 -1)
(220 200 -1)
(221 200 -1)
(222 200 -1)
(223 200 -1)
(224 200 -1)
(225 200 -1)
(226 200 -1)
(227 200 -1)
(228 200 -1)
(229 200 -1)
(230 200 -1)
(231 200 -1)
(232 200 -1)
(233 200 -1)
(234 200 -1)
(235 200 -1)
(236 200 -1)
(237 200 -1)
(238 200 -1)
(239 200 -1)
(240 200 -1)
(241 200 -1)
(242 200 -1)
(243 200 -1)
(244 200 -1)
(245 200 -1)
(246 200 -1)
(247 200 -1)
(248 200 -1)
(249 200 -1)
(250 200 -1)
(251 200 -1)
(252 200 -1)
(253 200 -1)
(254 200 -1)
(255 200 -1)
(256 200 -1)
(257 200 -1)
(258 200 -1)
(259 200 -1)
(260 200 -1)
(261 200 -1)
(262 200 -1)
(263 200 -1)
(264 200 -1)
(265 200 -1)
(266 200 -1)
(267 200 -1)
(268 200 -1)
(269 200 -1)
(270 200 -1)
(271 200 -1)
(272 200 -1)
(273 200 -1)
(274 200 -1)
(275 200 -1)
(276 200 -1)
(277 200 -1)
(278 200 -1)
(279 200 -1)
(280 200 -1)
(281 200 -1)
(282 200 -1)
(283 200 -1)
(284 200 -1)
(285 200 -1)
(286 200 -1)
(287 200 -1)
(288 200 -1)
(289 200 -1)
(290 200 -1)
(291 200 -1)
(292 200 -1)
(293 200 -1)
(294 200 -1)
(295 200 -1)
(296 200 -1)
(297 200 -1)
(298 200 -1)
(299 200 -1)
(300 200 -1)
(301 200 -1)
(302 200 -1)
(303 200 -1)
(304 200 -1)
(305 200 -1)
(306 200 -1)
(307 200 -1)
(308 200 -1)
(309 200 -1)
(310 200 -1)
(311 200 -1)
(312 200 -1)
(313 200 -1)
(314 200 -1)
(315 200 -1)
(316 200 -1)
(317 200 -1)
(318 200 -1)
(319 200 -1)
(320 200 -1)
(321 200 -1)
(322 200 -1)
(323 200 -1)
(324 200 -1)
(325 200 -1)
(326 200 -1)
(327 200 -1)
(328 200 -1)
(329 200 -1)
(330 200 -1)
(331 200 -1)
(332 200 -1)
(333 200 -1)
(334 200 -1)
(335 200 -1)
(336 200 -1)
(337 200 -1)
(338 200 -1)
(339 200 -1)
(340 200 -1)
(341 200 -1)
(342 200 -1)
(343 200 -1)
(344 200 -1)
(345 200 -1)
(346 200 -1)
(347 200 -1)
(348 200 -1)
(349 200 -1)
(350 200 -1)
(351 200 -1)
(352 200 -1)
(353 200 -1)
(354 200 -1)
(355 200 -1)
(356 200 -1)
(357 200 -1)
(358 200 -1)
(359 200 -1)
(360 200 -1)
(361 200 -1)
(362 200 -1)
(363 200 -1)
(364 200 -1)
(365 200 -1)
(366 200 -1)
(367 200 -1)
(368 200 -1)
(369 200 -1)
(370 200 -1)
(371 200 -1)
(372 200 -1)
(373 200 -1)
(374 200 -1)
(375 200 -1)
(376 200 -1)
(377 200 -1)
(378 200 -1)
(379 200 -1)
(380 200 -1)
(381 200 -1)
(382 200 -1)
(383 200 -1)
(384 200 -1)
(385 200 -1)
(386 200 -1)
(387 200 -1)
(388 200 -1)
(389 200 -1)
(390 200 -1)
(391 200 -1)
(392 200 -1)
(393 200 -1)
(394 200 -1)
(395 200 -1)
(396 200 -1)
(397 200 -1)
(398 200 -1)
(399 200 -1)
(400 200 -1)
(-400 -200 1)
(-399 -200 1)
(-398 -200 1)
(-397 -200 1)
(-396 -200 1)
(-395 -200 1)
(-394 -200 1)
(-393 -200 1)
(-392 -200 1)
(-391 -200 1)
(-390 -200 1)
(-389 -200 1)
(-388 -200 1)
(-387 -200 1)
(-386 -200 1)
(-385 -200 1)
(-384 -200 1)
(-383 -200 1)
(-382 -200 1)
(-381 -200 1)
(-380 -200 1)
(-379 -200 1)
(-378 -200 1)
(-377 -200 1)
(-376 -200 1)
(-375 -200 1)
(-374 -200 1)
(-373 -200 1)
(-372 -200 1)
(-371 -200 1)
(-370 -200 1)
(-369 -200 1)
(-368 -200 1)
(-367 -200 1)
(-366 -200 1)
(-365 -200 1)
(-364 -200 1)
(-363 -200 1)
(-362 -200 1)
(-361 -200 1)
(-360 -200 1)
(-359 -200 1)
(-358 -200 1)
(-357 -200 1)
(-356 -200 1)
(-355 -200 1)
(-354 -200 1)
(-353 -200 1)
(-352 -200 1)
(-351 -200 1)
(-350 -200 1)
(-349 -200 1)
(-348 -200 1)
(-347 -200 1)
(-346 -200 1)
(-345 -200 1)
(-344 -200 1)
(-343 -200 1)
(-342 -200 1)
(-341 -200 1)
(-340 -200 1)
(-339 -200 1)
(-338 -200 1)
(-337 -200 1)
(-336 -200 1)
(-335 -200 1)
(-334 -200 1)
(-333 -200 1)
(-332 -200 1)
(-331 -200 1)
(-330 -200 1)
(-329 -200 1)
(-328 -200 1)
(-327 -200 1)
(-326 -200 1)
(-325 -200 1)
(-324 -200 1)
(-323 -200 1)
(-322 -200 1)
(-321 -200 1)
(-320 -200 1)
(-319 -200 1)
(-318 -200 1)
(-317 -200 1)
(-316 -200 1)
(-315 -200 1)
(-314 -200 1)
(-313 -200 1)
(-312 -200 1)
(-311 -200 1)
(-310 -200 1)
(-309 -200 1)
(-308 -200 1)
(-307 -200 1)
(-306 -200 1)
(-305 -200 1)
(-304 -200 1)
(-303 -200 1)
(-302 -200 1)
(-301 -200 1)
(-300 -200 1)
(-299 -200 1)
(-298 -200 1)
(-297 -200 1)
(-296 -200 1)
(-295 -200 1)
(-294 -200 1)
(-293 -200 1)
(-292 -200 1)
(-291 -200 1)
(-290 -200 1)
(-289 -200 1)
(-288 -200 1)
(-287 -200 1)
(-286 -200 1)
(-285 -200 1)
(-284 -200 1)
(-283 -200 1)
(-282 -200 1)
(-281 -200 1)
(-280 -200 1)
(-279 -200 1)
(-278 -200 1)
(-277 -200 1)
(-276 -200 1)
(-275 -200 1)
(-274 -200 1)
(-273 -200 1)
(-272 -200 1)
(-271 -200 1)
(-270 -200 1)
(-269 -200 1)
(-268 -200 1)
(-267 -200 1)
(-266 -200 1)
(-265 -200 1)
(-264 -200 1)
(-263 -200 1)
(-262 -200 1)
(-261 -200 1)
(-260 -200 1)
(-259 -200 1)
(-258 -200 1)
(-257 -200 1)
(-256 -200 1)
(-255 -200 1)
(-254 -200 1)
(-253 -200 1)
(-252 -200 1)
(-251 -200 1)
(-250 -200 1)
(-249 -200 1)
(-248 -200 1)
(-247 -200 1)
(-246 -200 1)
(-245 -200 1)
(-244 -200 1)
(-243 -200 1)
(-242 -200 1)
(-241 -200 1)
(-240 -200 1)
(-239 -200 1)
(-238 -200 1)
(-237 -200 1)
(-236 -200 1)
(-235 -200 1)
(-234 -200 1)
(-233 -200 1)
(-232 -200 1)
(-231 -200 1)
(-230 -200 1)
(-229 -200 1)
(-228 -200 1)
(-227 -200 1)
(-226 -200 1)
(-225 -200 1)
(-224 -200 1)
(-223 -200 1)
(-222 -200 1)
(-221 -200 1)
(-220 -200 1)
(-219 -200 1)
(-218 -200 1)
(-217 -200 1)
(-216 -200 1)
(-215 -200 1)
(-214 -200 1)
(-213 -200 1)
(-212 -200 1)
(-211 -200 1)
(-210 -200 1)
(-209 -200 1)
(-208 -200 1)
(-207 -200 1)
(-206 -200 1)
(-205 -200 1)
(-204 -200 1)
(-203 -200 1)
(-202 -200 1)
(-201 -200 1)
(-200 -200 1)
(-199 -200 1)
(-198 -200 1)
(-197 -200 1)
(-196 -200 1)
(-195 -200 1)
(-194 -200 1)
(-193 -200 1)
(-192 -200 1)
(-191 -200 1)
(-190 -200 1)
(-189 -200 1)
(-188 -200 1)
(-187 -200 1)
(-186 -200 1)
(-185 -200 1)
(-184 -200 1)
(-183 -200 1)
(-182 -200 1)
(-181 -200 1)
(-180 -200 1)
(-179 -200 1)
(-178 -200 1)
(-177 -200 1)
(-176 -200 1)
(-175 -200 1)
(-174 -200 1)
(-173 -200 1)
(-172 -200 1)
(-171 -200 1)
(-170 -200 1)
(-169 -200 1)
(-168 -200 1)
(-167 -200 1)
(-166 -200 1)
(-165 -200 1)
(-164 -200 1)
(-163 -200 1)
(-162 -200 1)
(-161 -200 1)
(-160 -200 1)
(-159 -200 1)
(-158 -200 1)
(-157 -200 1)
(-156 -200 1)
(-155 -200 1)
(-154 -200 1)
(-153 -200 1)
(-152 -200 1)
(-151 -200 1)
(-150 -200 1)
(-149 -200 1)
(-148 -200 1)
(-147 -200 1)
(-146 -200 1)
(-145 -200 1)
(-144 -200 1)
(-143 -200 1)
(-142 -200 1)
(-141 -200 1)
(-140 -200 1)
(-139 -200 1)
(-138 -200 1)
(-137 -200 1)
(-136 -200 1)
(-135 -200 1)
(-134 -200 1)
(-133 -200 1)
(-132 -200 1)
(-131 -200 1)
(-130 -200 1)
(-129 -200 1)
(-128 -200 1)
(-127 -200 1)
(-126 -200 1)
(-125 -200 1)
(-124 -200 1)
(-123 -200 1)
(-122 -200 1)
(-121 -200 1)
(-120 -200 1)
(-119 -200 1)
(-118 -200 1)
(-117 -200 1)
(-116 -200 1)
(-115 -200 1)
(-114 -200 1)
(-113 -200 1)
(-112 -200 1)
(-111 -200 1)
(-110 -200 1)
(-109 -200 1)
(-108 -200 1)
(-107 -200 1)
(-106 -200 1)
(-105 -200 1)
(-104 -200 1)
(-103 -200 1)
(-102 -200 1)
(-101 -200 1)
(-100 -200 1)
(-99 -200 1)
(-98 -200 1)
(-97 -200 1)
(-96 -200 1)
(-95 -200 1)
(-94 -200 1)
(-93 -200 1)
(-92 -200 1)
(-91 -200 1)
(-90 -200 1)
(-89 -200 1)
(-88 -200 1)
(-87 -200 1)
(-86 -200 1)
(-85 -200 1)
(-84 -200 1)
(-83 -200 1)
(-82 -200 1)
(-81 -200 1)
(-80 -200 1)
(-79 -200 1)
(-78 -200 1)
(-77 -200 1)
(-76 -200 1)
(-75 -200 1)
(-74 -200 1)
(-73 -200 1)
(-72 -200 1)
(-71 -200 1)
(-70 -200 1)
(-69 -200 1)
(-68 -200 1)
(-67 -200 1)
(-66 -200 1)
(-65 -200 1)
(-64 -200 1)
(-63 -200 1)
(-62 -200 1)
(-61 -200 1)
(-60 -200 1)
(-59 -200 1)
(-58 -200 1)
(-57 -200 1)
(-56 -200 1)
(-55 -200 1)
(-54 -200 1)
(-53 -200 1)
(-52 -200 1)
(-51 -200 1)
(-50 -200 1)
(-49 -200 1)
(-48 -200 1)
(-47 -200 1)
(-46 -200 1)
(-45 -200 1)
(-44 -200 1)
(-43 -200 1)
(-42 -200 1)
(-41 -200 1)
(-40 -200 1)
(-39 -200 1)
(-38 -200 1)
(-37 -200 1)
(-36 -200 1)
(-35 -200 1)
(-34 -200 1)
(-33 -200 1)
(-32 -200 1)
(-31 -200 1)
(-30 -200 1)
(-29 -200 1)
(-28 -200 1)
(-27 -200 1)
(-26 -200 1)
(-25 -200 1)
(-24 -200 1)
(-23 -200 1)
(-22 -200 1)
(-21 -200 1)
(-20 -200 1)
(-19 -200 1)
(-18 -200 1)
(-17 -200 1)
(-16 -200 1)
(-15 -200 1)
(-14 -200 1)
(-13 -200 1)
(-12 -200 1)
(-11 -200 1)
(-10 -200 1)
(-9 -200 1)
(-8 -200 1)
(-7 -200 1)
(-6 -200 1)
(-5 -200 1)
(-4 -200 1)
(-3 -200 1)
(-2 -200 1)
(-1 -200 1)
(0 -200 1)
(1 -200 1)
(2 -200 1)
(3 -200 1)
(4 -200 1)
(5 -200 1)
(6 -200 1)
(7 -200 1)
(8 -200 1)
(9 -200 1)
(10 -200 1)
(11 -200 1)
(12 -200 1)
(13 -200 1)
(14 -200 1)
(15 -200 1)
(16 -200 1)
(17 -200 1)
(18 -200 1)
(19 -200 1)
(20 -200 1)
(21 -200 1)
(22 -200 1)
(23 -200 1)
(24 -200 1)
(25 -200 1)
(26 -200 1)
(27 -200 1)
(28 -200 1)
(29 -200 1)
(30 -200 1)
(31 -200 1)
(32 -200 1)
(33 -200 1)
(34 -200 1)
(35 -200 1)
(36 -200 1)
(37 -200 1)
(38 -200 1)
(39 -200 1)
(40 -200 1)
(41 -200 1)
(42 -200 1)
(43 -200 1)
(44 -200 1)
(45 -200 1)
(46 -200 1)
(47 -200 1)
(48 -200 1)
(49 -200 1)
(50 -200 1)
(51 -200 1)
(52 -200 1)
(53 -200 1)
(54 -200 1)
(55 -200 1)
(56 -200 1)
(57 -200 1)
(58 -200 1)
(59 -200 1)
(60 -200 1)
(61 -200 1)
(62 -200 1)
(63 -200 1)
(64 -200 1)
(65 -200 1)
(66 -200 1)
(67 -200 1)
(68 -200 1)
(69 -200 1)
(70 -200 1)
(71 -200 1)
(72 -200 1)
(73 -200 1)
(74 -200 1)
(75 -200 1)
(76 -200 1)
(77 -200 1)
(78 -200 1)
(79 -200 1)
(80 -200 1)
(81 -200 1)
(82 -200 1)
(83 -200 1)
(84 -200 1)
(85 -200 1)
(86 -200 1)
(87 -200 1)
(88 -200 1)
(89 -200 1)
(90 -200 1)
(91 -200 1)
(92 -200 1)
(93 -200 1)
(94 -200 1)
(95 -200 1)
(96 -200 1)
(97 -200 1)
(98 -200 1)
(99 -200 1)
(100 -200 1)
(101 -200 1)
(102 -200 1)
(103 -200 1)
(104 -200 1)
(105 -200 1)
(106 -200 1)
(107 -200 1)
(108 -200 1)
(109 -200 1)
(110 -200 1)
(111 -200 1)
(112 -200 1)
(113 -200 1)
(114 -200 1)
(115 -200 1)
(116 -200 1)
(117 -200 1)
(118 -200 1)
(119 -200 1)
(120 -200 1)
(121 -200 1)
(122 -200 1)
(123 -200 1)
(124 -200 1)
(125 -200 1)
(126 -200 1)
(127 -200 1)
(128 -200 1)
(129 -200 1)
(130 -200 1)
(131 -200 1)
(132 -200 1)
(133 -200 1)
(134 -200 1)
(135 -200 1)
(136 -200 1)
(137 -200 1)
(138 -200 1)
(139 -200 1)
(140 -200 1)
(141 -200 1)
(142 -200 1)
(143 -200 1)
(144 -200 1)
(145 -200 1)
(146 -200 1)
(147 -200 1)
(148 -200 1)
(149 -200 1)
(150 -200 1)
(151 -200 1)
(152 -200 1)
(153 -200 1)
(154 -200 1)
(155 -200 1)
(156 -200 1)
(157 -200 1)
(158 -200 1)
(159 -200 1)
(160 -200 1)
(161 -200 1)
(162 -200 1)
(163 -200 1)
(164 -200 1)
(165 -200 1)
(166 -200 1)
(167 -200 1)
(168 -200 1)
(169 -200 1)
(170 -200 1)
(171 -200 1)
(172 -200 1)
(173 -200 1)
(174 -200 1)
(175 -200 1)
(176 -200 1)
(177 -200 1)
(178 -200 1)
(179 -200 1)
(180 -200 1)
(181 -200 1)
(182 -200 1)
(183 -200 1)
(184 -200 1)
(185 -200 1)
(186 -200 1)
(187 -200 1)
(188 -200 1)
(189 -200 1)
(190 -200 1)
(191 -200 1)
(192 -200 1)
(193 -200 1)
(194 -200 1)
(195 -200 1)
(196 -200 1)
(197 -200 1)
(198 -200 1)
(199 -200 1)
(200 -200 1)
(201 -200 1)
(202 -200 1)
(203 -200 1)
(204 -200 1)
(205 -200 1)
(206 -200 1)
(207 -200 1)
(208 -200 1)
(209 -200 1)
(210 -200 1)
(211 -200 1)
(212 -200 1)
(213 -200 1)
(214 -200 1)
(215 -200 1)
(216 -200 1)
(217 -200 1)
(218 -200 1)
(219 -200 1)
(220 -200 1)
(221 -200 1)
(222 -200 1)
(223 -200 1)
(224 -200 1)
(225 -200 1)
(226 -200 1)
(227 -200 1)
(228 -200 1)
(229 -200 1)
(230 -200 1)
(231 -200 1)
(232 -200 1)
(233 -200 1)
(234 -200 1)
(235 -200 1)
(236 -200 1)
(237 -200 1)
(238 -200 1)
(239 -200 1)
(240 -200 1)
(241 -200 1)
(242 -200 1)
(243 -200 1)
(244 -200 1)
(245 -200 1)
(246 -200 1)
(247 -200 1)
(248 -200 1)
(249 -200 1)
(250 -200 1)
(251 -200 1)
(252 -200 1)
(253 -200 1)
(254 -200 1)
(255 -200 1)
(256 -200 1)
(257 -200 1)
(258 -200 1)
(259 -200 1)
(260 -200 1)
(261 -200 1)
(262 -200 1)
(263 -200 1)
(264 -200 1)
(265 -200 1)
(266 -200 1)
(267 -200 1)
(268 -200 1)
(269 -200 1)
(270 -200 1)
(271 -200 1)
(272 -200 1)
(273 -200 1)
(274 -200 1)
(275 -200 1)
(276 -200 1)
(277 -200 1)
(278 -200 1)
(279 -200 1)
(280 -200 1)
(281 -200 1)
(282 -200 1)
(283 -200 1)
(284 -200 1)
(285 -200 1)
(286 -200 1)
(287 -200 1)
(288 -200 1)
(289 -200 1)
(290 -200 1)
(291 -200 1)
(292 -200 1)
(293 -200 1)
(294 -200 1)
(295 -200 1)
(296 -200 1)
(297 -200 1)
(298 -200 1)
(299 -200 1)
(300 -200 1)
(301 -200 1)
(302 -200 1)
(303 -200 1)
(304 -200 1)
(305 -200 1)
(306 -200 1)
(307 -200 1)
(308 -200 1)
(309 -200 1)
(310 -200 1)
(311 -200 1)
(312 -200 1)
(313 -200 1)
(314 -200 1)
(315 -200 1)
(316 -200 1)
(317 -200 1)
(318 -200 1)
(319 -200 1)
(320 -200 1)
(321 -200 1)
(322 -200 1)
(323 -200 1)
(324 -200 1)
(325 -200 1)
(326 -200 1)
(327 -200 1)
(328 -200 1)
(329 -200 1)
(330 -200 1)
(331 -200 1)
(332 -200 1)
(333 -200 1)
(334 -200 1)
(335 -200 1)
(336 -200 1)
(337 -200 1)
(338 -200 1)
(339 -200 1)
(340 -200 1)
(341 -200 1)
(342 -200 1)
(343 -200 1)
(344 -200 1)
(345 -200 1)
(346 -200 1)
(347 -200 1)
(348 -200 1)
(349 -200 1)
(350 -200 1)
(351 -200 1)
(352 -200 1)
(353 -200 1)
(354 -200 1)
(355 -200 1)
(356 -200 1)
(357 -200 1)
(358 -200 1)
(359 -200 1)
(360 -200 1)
(361 -200 1)
(362 -200 1)
(363 -200 1)
(364 -200 1)
(365 -200 1)
(366 -200 1)
(367 -200 1)
(368 -200 1)
(369 -200 1)
(370 -200 1)
(371 -200 1)
(372 -200 1)
(373 -200 1)
(374 -200 1)
(375 -200 1)
(376 -200 1)
(377 -200 1)
(378 -200 1)
(379 -200 1)
(380 -200 1)
(381 -200 1)
(382 -200 1)
(383 -200 1)
(384 -200 1)
(385 -200 1)
(386 -200 1)
(387 -200 1)
(388 -200 1)
(389 -200 1)
(390 -200 1)
(391 -200 1)
(392 -200 1)
(393 -200 1)
(394 -200 1)
(395 -200 1)
(396 -200 1)
(397 -200 1)
(398 -200 1)
(399 -200 1)
(400 -200 1)
(-400 200 1)
(-399 200 1)
(-398 200 1)
(-397 200 1)
(-396 200 1)
(-395 200 1)
(-394 200 1)
(-393 200 1)
(-392 200 1)
(-391 200 1)
(-390 200 1)
(-389 200 1)
(-388 200 1)
(-387 200 1)
(-386 200 1)
(-385 200 1)
(-384 200 1)
(-383 200 1)
(-382 200 1)
(-381 200 1)
(-380 200 1)
(-379 200 1)
(-378 200 1)
(-377 200 1)
(-376 200 1)
(-375 200 1)
(-374 200 1)
(-373 200 1)
(-372 200 1)
(-371 200 1)
(-370 200 1)
(-369 200 1)
(-368 200 1)
(-367 200 1)
(-366 200 1)
(-365 200 1)
(-364 200 1)
(-363 200 1)
(-362 200 1)
(-361 200 1)
(-360 200 1)
(-359 200 1)
(-358 200 1)
(-357 200 1)
(-356 200 1)
(-355 200 1)
(-354 200 1)
(-353 200 1)
(-352 200 1)
(-351 200 1)
(-350 200 1)
(-349 200 1)
(-348 200 1)
(-347 200 1)
(-346 200 1)
(-345 200 1)
(-344 200 1)
(-343 200 1)
(-342 200 1)
(-341 200 1)
(-340 200 1)
(-339 200 1)
(-338 200 1)
(-337 200 1)
(-336 200 1)
(-335 200 1)
(-334 200 1)
(-333 200 1)
(-332 200 1)
(-331 200 1)
(-330 200 1)
(-329 200 1)
(-328 200 1)
(-327 200 1)
(-326 200 1)
(-325 200 1)
(-324 200 1)
(-323 200 1)
(-322 200 1)
(-321 200 1)
(-320 200 1)
(-319 200 1)
(-318 200 1)
(-317 200 1)
(-316 200 1)
(-315 200 1)
(-314 200 1)
(-313 200 1)
(-312 200 1)
(-311 200 1)
(-310 200 1)
(-309 200 1)
(-308 200 1)
(-307 200 1)
(-306 200 1)
(-305 200 1)
(-304 200 1)
(-303 200 1)
(-302 200 1)
(-301 200 1)
(-300 200 1)
(-299 200 1)
(-298 200 1)
(-297 200 1)
(-296 200 1)
(-295 200 1)
(-294 200 1)
(-293 200 1)
(-292 200 1)
(-291 200 1)
(-290 200 1)
(-289 200 1)
(-288 200 1)
(-287 200 1)
(-286 200 1)
(-285 200 1)
(-284 200 1)
(-283 200 1)
(-282 200 1)
(-281 200 1)
(-280 200 1)
(-279 200 1)
(-278 200 1)
(-277 200 1)
(-276 200 1)
(-275 200 1)
(-274 200 1)
(-273 200 1)
(-272 200 1)
(-271 200 1)
(-270 200 1)
(-269 200 1)
(-268 200 1)
(-267 200 1)
(-266 200 1)
(-265 200 1)
(-264 200 1)
(-263 200 1)
(-262 200 1)
(-261 200 1)
(-260 200 1)
(-259 200 1)
(-258 200 1)
(-257 200 1)
(-256 200 1)
(-255 200 1)
(-254 200 1)
(-253 200 1)
(-252 200 1)
(-251 200 1)
(-250 200 1)
(-249 200 1)
(-248 200 1)
(-247 200 1)
(-246 200 1)
(-245 200 1)
(-244 200 1)
(-243 200 1)
(-242 200 1)
(-241 200 1)
(-240 200 1)
(-239 200 1)
(-238 200 1)
(-237 200 1)
(-236 200 1)
(-235 200 1)
(-234 200 1)
(-233 200 1)
(-232 200 1)
(-231 200 1)
(-230 200 1)
(-229 200 1)
(-228 200 1)
(-227 200 1)
(-226 200 1)
(-225 200 1)
(-224 200 1)
(-223 200 1)
(-222 200 1)
(-221 200 1)
(-220 200 1)
(-219 200 1)
(-218 200 1)
(-217 200 1)
(-216 200 1)
(-215 200 1)
(-214 200 1)
(-213 200 1)
(-212 200 1)
(-211 200 1)
(-210 200 1)
(-209 200 1)
(-208 200 1)
(-207 200 1)
(-206 200 1)
(-205 200 1)
(-204 200 1)
(-203 200 1)
(-202 200 1)
(-201 200 1)
(-200 200 1)
(-199 200 1)
(-198 200 1)
(-197 200 1)
(-196 200 1)
(-195 200 1)
(-194 200 1)
(-193 200 1)
(-192 200 1)
(-191 200 1)
(-190 200 1)
(-189 200 1)
(-188 200 1)
(-187 200 1)
(-186 200 1)
(-185 200 1)
(-184 200 1)
(-183 200 1)
(-182 200 1)
(-181 200 1)
(-180 200 1)
(-179 200 1)
(-178 200 1)
(-177 200 1)
(-176 200 1)
(-175 200 1)
(-174 200 1)
(-173 200 1)
(-172 200 1)
(-171 200 1)
(-170 200 1)
(-169 200 1)
(-168 200 1)
(-167 200 1)
(-166 200 1)
(-165 200 1)
(-164 200 1)
(-163 200 1)
(-162 200 1)
(-161 200 1)
(-160 200 1)
(-159 200 1)
(-158 200 1)
(-157 200 1)
(-156 200 1)
(-155 200 1)
(-154 200 1)
(-153 200 1)
(-152 200 1)
(-151 200 1)
(-150 200 1)
(-149 200 1)
(-148 200 1)
(-147 200 1)
(-146 200 1)
(-145 200 1)
(-144 200 1)
(-143 200 1)
(-142 200 1)
(-141 200 1)
(-140 200 1)
(-139 200 1)
(-138 200 1)
(-137 200 1)
(-136 200 1)
(-135 200 1)
(-134 200 1)
(-133 200 1)
(-132 200 1)
(-131 200 1)
(-130 200 1)
(-129 200 1)
(-128 200 1)
(-127 200 1)
(-126 200 1)
(-125 200 1)
(-124 200 1)
(-123 200 1)
(-122 200 1)
(-121 200 1)
(-120 200 1)
(-119 200 1)
(-118 200 1)
(-117 200 1)
(-116 200 1)
(-115 200 1)
(-114 200 1)
(-113 200 1)
(-112 200 1)
(-111 200 1)
(-110 200 1)
(-109 200 1)
(-108 200 1)
(-107 200 1)
(-106 200 1)
(-105 200 1)
(-104 200 1)
(-103 200 1)
(-102 200 1)
(-101 200 1)
(-100 200 1)
(-99 200 1)
(-98 200 1)
(-97 200 1)
(-96 200 1)
(-95 200 1)
(-94 200 1)
(-93 200 1)
(-92 200 1)
(-91 200 1)
(-90 200 1)
(-89 200 1)
(-88 200 1)
(-87 200 1)
(-86 200 1)
(-85 200 1)
(-84 200 1)
(-83 200 1)
(-82 200 1)
(-81 200 1)
(-80 200 1)
(-79 200 1)
(-78 200 1)
(-77 200 1)
(-76 200 1)
(-75 200 1)
(-74 200 1)
(-73 200 1)
(-72 200 1)
(-71 200 1)
(-70 200 1)
(-69 200 1)
(-68 200 1)
(-67 200 1)
(-66 200 1)
(-65 200 1)
(-64 200 1)
(-63 200 1)
(-62 200 1)
(-61 200 1)
(-60 200 1)
(-59 200 1)
(-58 200 1)
(-57 200 1)
(-56 200 1)
(-55 200 1)
(-54 200 1)
(-53 200 1)
(-52 200 1)
(-51 200 1)
(-50 200 1)
(-49 200 1)
(-48 200 1)
(-47 200 1)
(-46 200 1)
(-45 200 1)
(-44 200 1)
(-43 200 1)
(-42 200 1)
(-41 200 1)
(-40 200 1)
(-39 200 1)
(-38 200 1)
(-37 200 1)
(-36 200 1)
(-35 200 1)
(-34 200 1)
(-33 200 1)
(-32 200 1)
(-31 200 1)
(-30 200 1)
(-29 200 1)
(-28 200 1)
(-27 200 1)
(-26 200 1)
(-25 200 1)
(-24 200 1)
(-23 200 1)
(-22 200 1)
(-21 200 1)
(-20 200 1)
(-19 200 1)
(-18 200 1)
(-17 200 1)
(-16 200 1)
(-15 200 1)
(-14 200 1)
(-13 200 1)
(-12 200 1)
(-11 200 1)
(-10 200 1)
(-9 200 1)
(-8 200 1)
(-7 200 1)
(-6 200 1)
(-5 200 1)
(-4 200 1)
(-3 200 1)
(-2 200 1)
(-1 200 1)
(0 200 1)
(1 200 1)
(2 200 1)
(3 200 1)
(4 200 1)
(5 200 1)
(6 200 1)
(7 200 1)
(8 200 1)
(9 200 1)
(10 200 1)
(11 200 1)
(12 200 1)
(13 200 1)
(14 200 1)
(15 200 1)
(16 200 1)
(17 200 1)
(18 200 1)
(19 200 1)
(20 200 1)
(21 200 1)
(22 200 1)
(23 200 1)
(24 200 1)
(25 200 1)
(26 200 1)
(27 200 1)
(28 200 1)
(29 200 1)
(30 200 1)
(31 200 1)
(32 200 1)
(33 200 1)
(34 200 1)
(35 200 1)
(36 200 1)
(37 200 1)
(38 200 1)
(39 200 1)
(40 200 1)
(41 200 1)
(42 200 1)
(43 200 1)
(44 200 1)
(45 200 1)
(46 200 1)
(47 200 1)
(48 200 1)
(49 200 1)
(50 200 1)
(51 200 1)
(52 200 1)
(53 200 1)
(54 200 1)
(55 200 1)
(56 200 1)
(57 200 1)
(58 200 1)
(59 200 1)
(60 200 1)
(61 200 1)
(62 200 1)
(63 200 1)
(64 200 1)
(65 200 1)
(66 200 1)
(67 200 1)
(68 200 1)
(69 200 1)
(70 200 1)
(71 200 1)
(72 200 1)
(73 200 1)
(74 200 1)
(75 200 1)
(76 200 1)
(77 200 1)
(78 200 1)
(79 200 1)
(80 200 1)
(81 200 1)
(82 200 1)
(83 200 1)
(84 200 1)
(85 200 1)
(86 200 1)
(87 200 1)
(88 200 1)
(89 200 1)
(90 200 1)
(91 200 1)
(92 200 1)
(93 200 1)
(94 200 1)
(95 200 1)
(96 200 1)
(97 200 1)
(98 200 1)
(99 200 1)
(100 200 1)
(101 200 1)
(102 200 1)
(103 200 1)
(104 200 1)
(105 200 1)
(106 200 1)
(107 200 1)
(108 200 1)
(109 200 1)
(110 200 1)
(111 200 1)
(112 200 1)
(113 200 1)
(114 200 1)
(115 200 1)
(116 200 1)
(117 200 1)
(118 200 1)
(119 200 1)
(120 200 1)
(121 200 1)
(122 200 1)
(123 200 1)
(124 200 1)
(125 200 1)
(126 200 1)
(127 200 1)
(128 200 1)
(129 200 1)
(130 200 1)
(131 200 1)
(132 200 1)
(133 200 1)
(134 200 1)
(135 200 1)
(136 200 1)
(137 200 1)
(138 200 1)
(139 200 1)
(140 200 1)
(141 200 1)
(142 200 1)
(143 200 1)
(144 200 1)
(145 200 1)
(146 200 1)
(147 200 1)
(148 200 1)
(149 200 1)
(150 200 1)
(151 200 1)
(152 200 1)
(153 200 1)
(154 200 1)
(155 200 1)
(156 200 1)
(157 200 1)
(158 200 1)
(159 200 1)
(160 200 1)
(161 200 1)
(162 200 1)
(163 200 1)
(164 200 1)
(165 200 1)
(166 200 1)
(167 200 1)
(168 200 1)
(169 200 1)
(170 200 1)
(171 200 1)
(172 200 1)
(173 200 1)
(174 200 1)
(175 200 1)
(176 200 1)
(177 200 1)
(178 200 1)
(179 200 1)
(180 200 1)
(181 200 1)
(182 200 1)
(183 200 1)
(184 200 1)
(185 200 1)
(186 200 1)
(187 200 1)
(188 200 1)
(189 200 1)
(190 200 1)
(191 200 1)
(192 200 1)
(193 200 1)
(194 200 1)
(195 200 1)
(196 200 1)
(197 200 1)
(198 200 1)
(199 200 1)
(200 200 1)
(201 200 1)
(202 200 1)
(203 200 1)
(204 200 1)
(205 200 1)
(206 200 1)
(207 200 1)
(208 200 1)
(209 200 1)
(210 200 1)
(211 200 1)
(212 200 1)
(213 200 1)
(214 200 1)
(215 200 1)
(216 200 1)
(217 200 1)
(218 200 1)
(219 200 1)
(220 200 1)
(221 200 1)
(222 200 1)
(223 200 1)
(224 200 1)
(225 200 1)
(226 200 1)
(227 200 1)
(228 200 1)
(229 200 1)
(230 200 1)
(231 200 1)
(232 200 1)
(233 200 1)
(234 200 1)
(235 200 1)
(236 200 1)
(237 200 1)
(238 200 1)
(239 200 1)
(240 200 1)
(241 200 1)
(242 200 1)
(243 200 1)
(244 200 1)
(245 200 1)
(246 200 1)
(247 200 1)
(248 200 1)
(249 200 1)
(250 200 1)
(251 200 1)
(252 200 1)
(253 200 1)
(254 200 1)
(255 200 1)
(256 200 1)
(257 200 1)
(258 200 1)
(259 200 1)
(260 200 1)
(261 200 1)
(262 200 1)
(263 200 1)
(264 200 1)
(265 200 1)
(266 200 1)
(267 200 1)
(268 200 1)
(269 200 1)
(270 200 1)
(271 200 1)
(272 200 1)
(273 200 1)
(274 200 1)
(275 200 1)
(276 200 1)
(277 200 1)
(278 200 1)
(279 200 1)
(280 200 1)
(281 200 1)
(282 200 1)
(283 200 1)
(284 200 1)
(285 200 1)
(286 200 1)
(287 200 1)
(288 200 1)
(289 200 1)
(290 200 1)
(291 200 1)
(292 200 1)
(293 200 1)
(294 200 1)
(295 200 1)
(296 200 1)
(297 200 1)
(298 200 1)
(299 200 1)
(300 200 1)
(301 200 1)
(302 200 1)
(303 200 1)
(304 200 1)
(305 200 1)
(306 200 1)
(307 200 1)
(308 200 1)
(309 200 1)
(310 200 1)
(311 200 1)
(312 200 1)
(313 200 1)
(314 200 1)
(315 200 1)
(316 200 1)
(317 200 1)
(318 200 1)
(319 200 1)
(320 200 1)
(321 200 1)
(322 200 1)
(323 200 1)
(324 200 1)
(325 200 1)
(326 200 1)
(327 200 1)
(328 200 1)
(329 200 1)
(330 200 1)
(331 200 1)
(332 200 1)
(333 200 1)
(334 200 1)
(335 200 1)
(336 200 1)
(337 200 1)
(338 200 1)
(339 200 1)
(340 200 1)
(341 200 1)
(342 200 1)
(343 200 1)
(344 200 1)
(345 200 1)
(346 200 1)
(347 200 1)
(348 200 1)
(349 200 1)
(350 200 1)
(351 200 1)
(352 200 1)
(353 200 1)
(354 200 1)
(355 200 1)
(356 200 1)
(357 200 1)
(358 200 1)
(359 200 1)
(360 200 1)
(361 200 1)
(362 200 1)
(363 200 1)
(364 200 1)
(365 200 1)
(366 200 1)
(367 200 1)
(368 200 1)
(369 200 1)
(370 200 1)
(371 200 1)
(372 200 1)
(373 200 1)
(374 200 1)
(375 200 1)
(376 200 1)
(377 200 1)
(378 200 1)
(379 200 1)
(380 200 1)
(381 200 1)
(382 200 1)
(383 200 1)
(384 200 1)
(385 200 1)
(386 200 1)
(387 200 1)
(388 200 1)
(389 200 1)
(390 200 1)
(391 200 1)
(392 200 1)
(393 200 1)
(394 200 1)
(395 200 1)
(396 200 1)
(397 200 1)
(398 200 1)
(399 200 1)
(400 200 1)
)


// ************************************************************************* //
