/*--------------------------------*- C++ -*----------------------------------*\
| =========                 |                                                 |
| \\      /  F ield         | OpenFOAM: The Open Source CFD Toolbox           |
|  \\    /   O peration     | Version:  2106                                  |
|   \\  /    A nd           | Website:  www.openfoam.com                      |
|    \\/     M anipulation  |                                                 |
\*---------------------------------------------------------------------------*/
FoamFile
{
    version     2.0;
    format      ascii;
    arch        "LSB;label=32;scalar=64";
    class       surfaceScalarField;
    location    "0.018";
    object      phi;
}
// * * * * * * * * * * * * * * * * * * * * * * * * * * * * * * * * * * * * * //

dimensions      [0 3 -1 0 0 0 0];

oriented        oriented;

internalField   nonuniform List<scalar> 
799
(
2.03645e-32
5.07191e-32
6.64235e-32
5.80841e-32
3.53265e-32
-2.90259e-32
-8.61335e-32
-1.29763e-31
-1.37592e-31
-9.76416e-32
-3.96841e-32
2.47136e-32
6.52681e-32
7.7044e-32
5.74445e-32
2.01512e-32
-2.88574e-32
-7.93829e-32
-1.17582e-31
-1.43486e-31
-1.33304e-31
-9.5209e-32
-3.20893e-32
4.05754e-32
8.30046e-32
9.3878e-32
5.39253e-32
-1.50523e-32
-7.97593e-32
-1.30835e-31
-1.32238e-31
-1.03552e-31
-5.58971e-32
4.08132e-34
2.64911e-32
3.87018e-32
2.25746e-32
-1.43139e-32
-4.32431e-32
-7.90438e-32
-8.71703e-32
-7.38985e-32
-4.9692e-32
-2.28403e-33
2.36076e-32
3.45185e-32
1.91826e-32
-2.9244e-32
-6.8703e-32
-1.04536e-31
-1.06047e-31
-7.18162e-32
-2.82804e-32
2.63506e-32
5.10662e-32
4.51846e-32
1.2335e-32
-4.65308e-32
-9.17345e-32
-1.16701e-31
-1.03379e-31
-5.00952e-32
1.21199e-32
6.71456e-32
8.00329e-32
3.93469e-32
-3.4411e-32
-1.17905e-31
-1.63323e-31
-1.45811e-31
-7.44479e-32
2.72752e-32
1.03687e-31
1.20183e-31
7.30635e-32
-2.07549e-32
-1.07304e-31
-1.5198e-31
-1.40515e-31
-8.13073e-32
-1.51058e-32
3.38552e-32
4.91722e-32
3.4116e-32
9.94233e-33
-1.60574e-32
-3.56929e-32
-5.38944e-32
-7.42672e-32
-8.66006e-32
-8.47094e-32
-5.36657e-32
-1.19223e-33
5.2122e-32
8.46837e-32
6.56862e-32
6.98037e-33
-7.49118e-32
-1.44391e-31
-1.57874e-31
-1.22717e-31
-3.70636e-32
5.36435e-32
1.06759e-31
1.15672e-31
5.76096e-32
-2.17676e-32
-9.56661e-32
-1.39709e-31
-1.22825e-31
-7.91004e-32
-1.64518e-32
3.00806e-32
3.85487e-32
2.70021e-32
-3.72397e-33
-2.06721e-32
-1.82821e-32
-5.64755e-33
8.14178e-33
-1.8783e-33
-3.24682e-32
-7.40926e-32
-1.05e-31
-1.03662e-31
-6.90672e-32
-9.77109e-33
4.96168e-32
8.73634e-32
9.26587e-32
6.26518e-32
1.02165e-32
-5.08002e-32
-1.0618e-31
-1.381e-31
-1.4089e-31
-1.07226e-31
-4.31353e-32
3.05605e-32
9.52952e-32
1.20541e-31
9.79357e-32
3.4689e-32
-4.95459e-32
-1.14429e-31
-1.40968e-31
-1.17521e-31
-5.73235e-32
5.35915e-33
4.86177e-32
4.93447e-32
1.47168e-32
-3.23475e-32
-6.9502e-32
-7.00986e-32
-3.72758e-32
1.34499e-32
5.50936e-32
5.7826e-32
1.7705e-32
-5.34893e-32
-1.20415e-31
-1.47443e-31
-1.1663e-31
-3.65366e-32
5.27199e-32
1.10698e-31
1.0267e-31
3.6042e-32
-5.40449e-32
-1.24948e-31
-1.31986e-31
-8.57423e-32
-8.42675e-33
5.41006e-32
6.03523e-32
2.42167e-32
-4.4835e-32
-9.46217e-32
-9.69766e-32
-6.09361e-32
9.81999e-33
5.90538e-32
7.22576e-32
4.29377e-32
-2.4688e-32
-8.09146e-32
-1.1764e-31
-1.10237e-31
-6.34684e-32
-8.444e-33
4.71543e-32
6.98225e-32
6.08981e-32
2.89394e-32
-2.00425e-32
-5.81099e-32
-8.28353e-32
-8.71495e-32
-7.01074e-32
-4.4264e-32
-9.48596e-33
2.34855e-32
4.5157e-32
5.15036e-32
3.20525e-32
-7.92133e-33
-5.45775e-32
-9.14636e-32
-9.48641e-32
-6.11332e-32
-3.31217e-33
5.36161e-32
7.43695e-32
4.56041e-32
-2.24897e-32
-9.80494e-32
-1.35578e-31
-1.09852e-31
-2.75242e-32
7.51459e-32
1.41655e-31
1.31568e-31
4.48595e-32
-8.44065e-32
-1.89304e-31
-2.14416e-31
-1.47581e-31
-1.1533e-32
1.22266e-31
1.905e-31
1.65236e-31
5.15335e-32
-8.52299e-32
-1.85476e-31
-2.07257e-31
-1.38076e-31
-2.614e-32
8.26826e-32
1.39838e-31
1.21073e-31
5.09807e-32
-4.14054e-32
-1.10986e-31
-1.2907e-31
-9.84441e-32
-3.61488e-32
2.34933e-32
5.14479e-32
3.82809e-32
-1.77848e-33
-4.45883e-32
-5.96474e-32
-3.62466e-32
6.77837e-33
4.74083e-32
4.95325e-32
5.65968e-33
-5.96497e-32
-1.18674e-31
-1.27858e-31
-7.94852e-32
5.70256e-34
7.97061e-32
1.11063e-31
8.22733e-32
1.57668e-32
-6.08835e-32
-1.05649e-31
-1.04207e-31
-7.42476e-32
-2.84003e-32
2.57833e-33
1.18106e-32
1.3257e-32
4.15448e-33
2.65944e-33
1.75666e-33
-8.29805e-33
-1.73622e-32
-3.33098e-32
-3.97689e-32
-3.5061e-32
-3.06073e-32
-2.74137e-32
-3.88451e-32
-5.40286e-32
-5.66295e-32
-3.49067e-32
1.2795e-32
6.27223e-32
8.36455e-32
5.11003e-32
-2.73918e-32
-1.20054e-31
-1.75293e-31
-1.58233e-31
-7.54092e-32
3.95699e-32
1.2044e-31
1.28839e-31
6.21647e-32
-4.742e-32
-1.32555e-31
-1.58871e-31
-1.14683e-31
-3.07517e-32
3.71644e-32
6.28675e-32
3.24277e-32
-2.33412e-32
-6.53071e-32
-7.56349e-32
-4.55169e-32
-6.97924e-33
1.4664e-32
7.12867e-33
-3.01549e-32
-6.34233e-32
-7.51248e-32
-5.41137e-32
-6.56481e-33
3.24981e-32
4.90616e-32
2.85532e-32
-1.73993e-32
-5.37406e-32
-6.59706e-32
-3.17993e-32
3.27679e-32
9.56728e-32
1.37167e-31
1.2493e-31
7.6886e-32
1.78882e-32
-2.1438e-32
1.24885e-33
7.39738e-32
1.83819e-31
2.87379e-31
3.32106e-31
3.03501e-31
2.04506e-31
3.86931e-32
2.4928e-32
1.12905e-31
1.02046e-30
2.98471e-30
6.13516e-30
1.25409e-29
1.4748e-29
1.70546e-29
-5.01905e-31
-4.37407e-29
-9.56038e-29
-2.01685e-28
-1.92812e-28
-1.32505e-28
1.55032e-28
7.98784e-28
1.16368e-27
1.80569e-27
1.04363e-27
-7.74702e-28
-3.05044e-27
-7.55728e-27
-7.22811e-27
-5.9462e-27
1.73274e-27
1.68603e-26
2.26516e-26
3.3032e-26
1.66311e-26
-1.36287e-26
-4.10253e-26
-9.0514e-26
-7.13412e-26
-4.2214e-26
3.15507e-26
1.54605e-25
1.62715e-25
1.91977e-25
5.42906e-26
-1.45621e-25
-2.41584e-25
-4.15732e-25
-2.36545e-25
-3.16651e-26
2.19132e-25
5.89173e-25
4.55134e-25
3.83012e-25
-3.71066e-26
-5.44025e-25
-5.80072e-25
-7.54275e-25
-2.54601e-25
2.23605e-25
5.06825e-25
9.1527e-25
5.06836e-25
2.23621e-25
-2.54587e-25
-7.5427e-25
-5.80077e-25
-5.44037e-25
-3.71205e-26
3.83003e-25
4.55133e-25
5.89178e-25
2.1914e-25
-3.16591e-26
-2.36543e-25
-4.15734e-25
-2.41588e-25
-1.45625e-25
5.42873e-26
1.91976e-25
1.62716e-25
1.54605e-25
3.15514e-26
-4.22138e-26
-7.13415e-26
-9.05143e-26
-4.10259e-26
-1.3629e-26
1.66306e-26
3.30314e-26
2.26511e-26
1.68599e-26
1.73247e-27
-5.94638e-27
-7.2282e-27
-7.55732e-27
-3.05052e-27
-7.74795e-28
1.04347e-27
1.8055e-27
1.16347e-27
7.98589e-28
1.54903e-28
-1.32561e-28
-1.92775e-28
-2.01589e-28
-9.55152e-29
-4.37053e-29
-5.8131e-31
1.68833e-29
1.45348e-29
1.23591e-29
6.07133e-30
3.04737e-30
1.19306e-30
3.22872e-31
1.83993e-31
1.0287e-31
1.47704e-31
1.60328e-31
1.62923e-31
1.46583e-31
1.3059e-31
1.24012e-31
1.4071e-31
1.72962e-31
1.97188e-31
1.92379e-31
1.44136e-31
6.1544e-32
-1.98973e-32
-7.31342e-32
-7.14795e-32
-2.16699e-32
4.69039e-32
1.08551e-31
1.27418e-31
1.05786e-31
5.13898e-32
-1.51934e-32
-6.23129e-32
-8.38442e-32
-6.59781e-32
-1.99304e-32
3.46148e-32
8.07386e-32
9.15388e-32
6.24739e-32
3.62616e-33
-6.23068e-32
-1.0091e-31
-8.95588e-32
-3.43718e-32
4.61818e-32
1.0905e-31
1.19373e-31
7.82966e-32
-7.33471e-33
-8.61748e-32
-1.21886e-31
-1.03847e-31
-2.72697e-32
5.60558e-32
1.15447e-31
1.23648e-31
6.77303e-32
-1.2681e-32
-9.19154e-32
-1.28277e-31
-9.99949e-32
-2.51439e-32
7.22555e-32
1.42951e-31
1.50177e-31
8.868e-32
-2.13357e-32
-1.2955e-31
-1.80848e-31
-1.50469e-31
-4.6471e-32
8.41816e-32
1.764e-31
1.9101e-31
1.18669e-31
-2.04442e-33
-1.13416e-31
-1.67475e-31
-1.43292e-31
-6.35948e-32
3.41838e-32
1.01976e-31
1.20017e-31
8.90923e-32
2.75385e-32
-2.84436e-32
-6.73665e-32
-6.9741e-32
-4.57689e-32
-1.02744e-32
2.84037e-32
4.11547e-32
3.84802e-32
1.38201e-32
-1.61404e-32
-2.56258e-32
-2.42968e-32
5.5551e-33
3.20507e-32
3.90926e-32
2.81178e-32
-1.66232e-32
-5.16394e-32
-6.78629e-32
-5.33814e-32
-1.29699e-33
4.44186e-32
7.66104e-32
7.31274e-32
3.51401e-32
-3.75406e-33
-3.89218e-32
-4.93056e-32
-4.29543e-32
-3.99585e-32
-3.59254e-32
-3.75872e-32
-2.41438e-32
1.77631e-32
7.14507e-32
1.22367e-31
1.2607e-31
6.39785e-32
-4.27812e-32
-1.62066e-31
-2.19982e-31
-1.83201e-31
-6.03788e-32
1.10466e-31
2.32874e-31
2.56493e-31
1.61468e-31
-2.14228e-32
-1.90918e-31
-2.84115e-31
-2.46499e-31
-9.28223e-32
9.09009e-32
2.37206e-31
2.63184e-31
1.6553e-31
7.55326e-34
-1.67387e-31
-2.43201e-31
-2.09352e-31
-8.82098e-32
6.73105e-32
1.68149e-31
1.90896e-31
1.28242e-31
1.74236e-32
-7.68958e-32
-1.34862e-31
-1.31071e-31
-8.66104e-32
-3.09826e-32
2.65861e-32
5.9114e-32
7.66836e-32
7.58907e-32
5.52981e-32
2.76552e-32
-1.35161e-32
-4.92872e-32
-7.50962e-32
-8.41692e-32
-7.03954e-32
-4.40677e-32
-4.66662e-33
3.27799e-32
6.52446e-32
8.06306e-32
7.27355e-32
4.51585e-32
-5.17523e-33
-5.1156e-32
-8.81463e-32
-9.78478e-32
-7.39888e-32
-3.83809e-32
1.29301e-32
4.8325e-32
6.58698e-32
6.80515e-32
4.23005e-32
1.46822e-32
-2.30179e-32
-5.6503e-32
-7.10864e-32
-7.44056e-32
-4.86856e-32
-1.18012e-32
2.72444e-32
5.86701e-32
6.17441e-32
4.57935e-32
1.04188e-32
-2.84917e-32
-5.52242e-32
-6.65168e-32
-5.48025e-32
-2.89431e-32
3.34931e-33
3.09684e-32
4.41219e-32
3.81718e-32
1.77727e-32
-7.18763e-33
-2.63777e-32
-2.67328e-32
-1.8305e-32
-4.66257e-33
-3.97223e-34
-1.35312e-32
-2.47256e-32
-3.17312e-32
-1.17271e-32
2.75344e-32
6.07526e-32
7.47592e-32
4.00338e-32
-2.14842e-32
-8.38547e-32
-1.14099e-31
-8.20521e-32
-1.13194e-32
7.33478e-32
1.2165e-31
1.07323e-31
4.29663e-32
-4.66346e-32
-1.05376e-31
-1.10881e-31
-6.06397e-32
1.94677e-32
7.89985e-32
9.67434e-32
5.92178e-32
-6.99955e-33
-6.19864e-32
-8.26976e-32
-5.07467e-32
8.38729e-33
6.37137e-32
8.82256e-32
6.08579e-32
2.68934e-33
-6.16522e-32
-1.01225e-31
-9.03216e-32
-4.10368e-32
3.021e-32
9.26432e-32
1.14921e-31
9.70285e-32
4.0829e-32
-3.09947e-32
-8.73063e-32
-1.18541e-31
-1.07633e-31
-6.1863e-32
5.82669e-34
6.96404e-32
1.14683e-31
1.26652e-31
9.91613e-32
3.18967e-32
-4.64706e-32
-1.17102e-31
-1.48363e-31
-1.23164e-31
-5.20483e-32
4.63532e-32
1.26964e-31
1.56741e-31
1.2225e-31
3.33758e-32
-6.68042e-32
-1.35628e-31
-1.41861e-31
-8.19673e-32
1.18975e-32
9.60401e-32
1.31563e-31
1.00713e-31
2.4512e-32
-6.04998e-32
-1.1355e-31
-1.05081e-31
-4.82513e-32
3.37767e-32
9.86745e-32
1.1041e-31
7.58184e-32
1.4437e-33
-6.74161e-32
-9.63048e-32
-8.40277e-32
-2.2091e-32
4.25524e-32
8.5102e-32
9.33264e-32
5.06027e-32
-8.56136e-34
-4.9441e-32
-7.20862e-32
-5.27464e-32
-1.98574e-32
2.50266e-32
5.55887e-32
6.10091e-32
5.27464e-32
2.82363e-32
6.15141e-33
-6.97698e-33
-1.42308e-32
-1.21832e-32
-9.69696e-33
-1.14269e-32
-1.01377e-32
-9.86964e-33
1.3363e-34
2.32022e-32
4.74057e-32
7.68943e-32
8.58384e-32
7.22897e-32
3.76309e-32
-1.99281e-32
-6.30261e-32
-8.82354e-32
-7.27294e-32
-1.85386e-32
4.63495e-32
1.10433e-31
1.34814e-31
1.20491e-31
6.959e-32
6.89047e-33
-4.11402e-32
-6.06457e-32
-3.83155e-32
-6.52935e-33
4.3365e-32
6.49084e-32
6.67229e-32
6.09045e-32
1.73054e-32
9.1414e-33
-2.20918e-32
-2.70507e-32
-5.8809e-33
)
;

boundaryField
{
    left
    {
        type            calculated;
        value           uniform 0;
    }
    right
    {
        type            calculated;
        value           uniform 0;
    }
    empty
    {
        type            empty;
        value           nonuniform List<scalar> 0();
    }
}


// ************************************************************************* //
