/*--------------------------------*- C++ -*----------------------------------*\
| =========                 |                                                 |
| \\      /  F ield         | OpenFOAM: The Open Source CFD Toolbox           |
|  \\    /   O peration     | Version:  2106                                  |
|   \\  /    A nd           | Website:  www.openfoam.com                      |
|    \\/     M anipulation  |                                                 |
\*---------------------------------------------------------------------------*/
FoamFile
{
    version     2.0;
    format      ascii;
    arch        "LSB;label=32;scalar=64";
    class       surfaceScalarField;
    location    "0.029";
    object      phi;
}
// * * * * * * * * * * * * * * * * * * * * * * * * * * * * * * * * * * * * * //

dimensions      [0 3 -1 0 0 0 0];

oriented        oriented;

internalField   nonuniform List<scalar> 
799
(
1.96061e-32
4.92047e-32
6.4159e-32
5.50748e-32
3.1583e-32
-3.34946e-32
-9.13259e-32
-1.35661e-31
-1.44183e-31
-1.04908e-31
-4.76156e-32
1.61333e-32
5.60527e-32
6.72101e-32
4.701e-32
9.13641e-33
-4.04325e-32
-9.14952e-32
-1.30211e-31
-1.56611e-31
-1.469e-31
-1.09255e-31
-4.65684e-32
2.56886e-32
6.7731e-32
7.82426e-32
3.79525e-32
-3.134e-32
-9.63514e-32
-1.47704e-31
-1.49356e-31
-1.20906e-31
-7.3469e-32
-1.73612e-32
8.54124e-33
2.0589e-32
4.3158e-33
-3.27026e-32
-6.17449e-32
-9.76482e-32
-1.05866e-31
-9.26715e-32
-6.85285e-32
-2.11724e-32
4.67931e-33
1.55602e-32
2.0463e-34
-4.82331e-32
-8.76975e-32
-1.23527e-31
-1.25027e-31
-9.07794e-32
-4.72207e-32
7.43839e-33
3.21868e-32
2.63439e-32
-6.46541e-33
-6.52853e-32
-1.10439e-31
-1.35359e-31
-1.21982e-31
-6.86413e-32
-6.36554e-33
4.87208e-32
6.16719e-32
2.10491e-32
-5.26426e-32
-1.36071e-31
-1.81424e-31
-1.63842e-31
-9.24083e-32
9.38891e-33
8.5875e-32
1.02444e-31
5.54036e-32
-3.83375e-32
-1.24815e-31
-1.6941e-31
-1.57861e-31
-9.8573e-32
-3.22941e-32
1.67475e-32
3.21472e-32
1.71739e-32
-6.91445e-33
-3.28281e-32
-5.23793e-32
-7.04966e-32
-9.0782e-32
-1.0303e-31
-1.01055e-31
-6.99233e-32
-1.73652e-32
3.6036e-32
6.8685e-32
4.97748e-32
-8.84066e-33
-9.06458e-32
-1.60037e-31
-1.73433e-31
-1.38189e-31
-5.245e-32
3.83463e-32
9.15449e-32
1.00544e-31
4.2561e-32
-3.67369e-32
-1.10558e-31
-1.54524e-31
-1.37563e-31
-9.37665e-32
-3.10487e-32
1.55489e-32
2.40892e-32
1.26083e-32
-1.80541e-32
-3.49421e-32
-3.24929e-32
-1.98023e-32
-5.95837e-33
-1.5926e-32
-4.64651e-32
-8.80417e-32
-1.18903e-31
-1.17521e-31
-8.28872e-32
-2.3561e-32
3.58584e-32
7.36325e-32
7.89558e-32
4.89737e-32
-3.43658e-33
-6.44344e-32
-1.19794e-31
-1.51699e-31
-1.54477e-31
-1.20803e-31
-5.67031e-32
1.69998e-32
8.17401e-32
1.06989e-31
8.43872e-32
2.1142e-32
-6.3093e-32
-1.27977e-31
-1.54517e-31
-1.31069e-31
-7.08682e-32
-8.19578e-33
3.50594e-32
3.57837e-32
1.14954e-33
-4.59163e-32
-8.30798e-32
-8.36726e-32
-5.08461e-32
-1.18114e-34
4.15294e-32
4.42663e-32
4.14978e-33
-6.70374e-32
-1.33955e-31
-1.60975e-31
-1.30152e-31
-5.00447e-32
3.92276e-32
9.72241e-32
8.92142e-32
2.26056e-32
-6.74587e-32
-1.38335e-31
-1.45345e-31
-9.90718e-32
-2.17229e-32
4.08357e-32
4.71206e-32
1.10218e-32
-5.79916e-32
-1.07735e-31
-1.10044e-31
-7.39598e-32
-3.15804e-33
4.6126e-32
5.9378e-32
3.01077e-32
-3.74669e-32
-9.36438e-32
-1.30318e-31
-1.22861e-31
-7.60411e-32
-2.09535e-32
3.46984e-32
5.74168e-32
4.85447e-32
1.6639e-32
-3.22909e-32
-7.03058e-32
-9.49762e-32
-9.92354e-32
-8.21402e-32
-5.62432e-32
-2.14147e-32
1.16049e-32
3.33276e-32
3.97223e-32
2.03193e-32
-1.96081e-32
-6.62189e-32
-1.03061e-31
-1.0642e-31
-7.26497e-32
-1.47925e-32
4.21718e-32
6.29629e-32
3.42315e-32
-3.38256e-32
-1.09352e-31
-1.46852e-31
-1.21096e-31
-3.87368e-32
6.39589e-32
1.30495e-31
1.20428e-31
3.37414e-32
-9.55021e-32
-2.00381e-31
-2.25478e-31
-1.58623e-31
-2.2562e-32
1.11248e-31
1.79494e-31
1.54238e-31
4.05421e-32
-9.62159e-32
-1.96458e-31
-2.18239e-31
-1.49057e-31
-3.71223e-32
7.16958e-32
1.28848e-31
1.10077e-31
3.99751e-32
-5.24218e-32
-1.22015e-31
-1.40117e-31
-1.09506e-31
-4.72319e-32
1.23876e-32
4.03151e-32
2.7121e-32
-1.29684e-32
-5.58098e-32
-7.08996e-32
-4.75374e-32
-4.55452e-33
3.60348e-32
3.81123e-32
-5.81164e-33
-7.11751e-32
-1.30252e-31
-1.3949e-31
-9.11762e-32
-1.11764e-32
6.78942e-32
9.91854e-32
7.03265e-32
3.75138e-33
-7.29657e-32
-1.17801e-31
-1.16429e-31
-8.65359e-32
-4.07509e-32
-9.83433e-33
-6.62791e-34
7.34825e-34
-8.40977e-33
-9.94036e-33
-1.0868e-32
-2.0937e-32
-2.99984e-32
-4.59255e-32
-5.23462e-32
-4.7572e-32
-4.30211e-32
-3.96997e-32
-5.0964e-32
-6.59333e-32
-6.82644e-32
-4.62088e-32
1.8949e-33
5.23027e-32
7.37977e-32
4.19266e-32
-3.57715e-32
-1.27508e-31
-1.81672e-31
-1.6337e-31
-7.91136e-32
3.75125e-32
1.20262e-31
1.30813e-31
6.6589e-32
-4.02158e-32
-1.22203e-31
-1.44968e-31
-9.67784e-32
-8.34469e-33
6.4633e-32
9.60063e-32
7.19031e-32
2.32063e-32
-1.08875e-32
-1.24644e-32
2.73623e-32
7.66513e-32
1.1017e-31
1.15741e-31
9.28798e-32
7.54694e-32
8.11569e-32
1.21221e-31
1.89582e-31
2.51361e-31
2.92649e-31
2.99028e-31
2.82232e-31
2.77479e-31
2.99375e-31
3.70381e-31
4.74592e-31
5.80125e-31
6.67328e-31
7.0405e-31
7.08299e-31
7.05089e-31
7.25125e-31
8.10898e-31
9.5048e-31
1.13108e-30
1.30933e-30
1.43278e-30
1.48694e-30
1.47482e-30
1.39996e-30
1.48127e-30
1.66835e-30
2.67906e-30
4.75039e-30
8.01181e-30
1.45323e-29
1.68577e-29
1.9286e-29
1.85454e-30
-4.12562e-29
-9.29883e-29
-1.98936e-28
-1.89928e-28
-1.29482e-28
1.58195e-28
8.02088e-28
1.16712e-27
1.80928e-27
1.04736e-27
-7.70827e-28
-3.04643e-27
-7.55312e-27
-7.22381e-27
-5.94176e-27
1.73732e-27
1.68651e-26
2.26564e-26
3.30369e-26
1.66362e-26
-1.36235e-26
-4.102e-26
-9.05085e-26
-7.13356e-26
-4.22083e-26
3.15565e-26
1.54611e-25
1.62721e-25
1.91983e-25
5.42967e-26
-1.45615e-25
-2.41577e-25
-4.15726e-25
-2.36539e-25
-3.16587e-26
2.19138e-25
5.8918e-25
4.55141e-25
3.83019e-25
-3.70999e-26
-5.44018e-25
-5.80065e-25
-7.54268e-25
-2.54594e-25
2.23612e-25
5.06832e-25
9.15276e-25
5.06843e-25
2.23628e-25
-2.5458e-25
-7.54263e-25
-5.80071e-25
-5.4403e-25
-3.71139e-26
3.8301e-25
4.55139e-25
5.89184e-25
2.19146e-25
-3.16527e-26
-2.36537e-25
-4.15728e-25
-2.41582e-25
-1.45619e-25
5.42933e-26
1.91982e-25
1.62721e-25
1.54611e-25
3.15571e-26
-4.22083e-26
-7.1336e-26
-9.0509e-26
-4.10207e-26
-1.3624e-26
1.66355e-26
3.30363e-26
2.26558e-26
1.68645e-26
1.7369e-27
-5.94209e-27
-7.22405e-27
-7.5533e-27
-3.04664e-27
-7.71052e-28
1.04708e-27
1.80897e-27
1.1668e-27
8.01779e-28
1.57956e-28
-1.29643e-28
-1.8999e-28
-1.98935e-28
-9.29896e-29
-4.13059e-29
1.69491e-30
1.90393e-29
1.65736e-29
1.42843e-29
7.88632e-30
4.7558e-30
2.79871e-30
1.82953e-30
1.59558e-30
1.42328e-30
1.38091e-30
1.31025e-30
1.23353e-30
1.14175e-30
1.05421e-30
9.79859e-31
9.32532e-31
9.04389e-31
8.71787e-31
8.13579e-31
7.15283e-31
5.85842e-31
4.60663e-31
3.66639e-31
3.3036e-31
3.44929e-31
3.80853e-31
4.12281e-31
4.03257e-31
3.55904e-31
2.77856e-31
1.8954e-31
1.2251e-31
8.27518e-32
8.3969e-32
1.14832e-31
1.55559e-31
1.89124e-31
1.88541e-31
1.49167e-31
8.10019e-32
6.6565e-33
-3.95252e-32
-3.49872e-32
1.40834e-32
8.91577e-32
1.47126e-31
1.53068e-31
1.08082e-31
1.8973e-32
-6.29599e-32
-1.01415e-31
-8.58115e-32
-1.13843e-32
7.00429e-32
1.27759e-31
1.34481e-31
7.72649e-32
-4.2882e-33
-8.45243e-32
-1.21764e-31
-9.42502e-32
-2.00703e-32
7.67393e-32
1.46924e-31
1.53707e-31
9.18187e-32
-1.85356e-32
-1.27051e-31
-1.78609e-31
-1.48462e-31
-4.4665e-32
8.58115e-32
1.77878e-31
1.92349e-31
1.1989e-31
-9.30239e-34
-1.12396e-31
-1.66545e-31
-1.42448e-31
-6.28244e-32
3.48819e-32
1.02607e-31
1.20583e-31
8.96001e-32
2.79899e-32
-2.80403e-32
-6.70077e-32
-6.94292e-32
-4.55065e-32
-1.006e-32
2.85626e-32
4.12585e-32
3.85321e-32
1.3817e-32
-1.62006e-32
-2.57424e-32
-2.44729e-32
5.31662e-33
3.17523e-32
3.87398e-32
2.77191e-32
-1.70701e-32
-5.21376e-32
-6.84094e-32
-5.39742e-32
-1.93646e-33
4.3729e-32
7.58628e-32
7.23232e-32
3.42819e-32
-4.66436e-33
-3.98848e-32
-5.03209e-32
-4.40225e-32
-4.10817e-32
-3.7099e-32
-3.88135e-32
-2.54238e-32
1.64297e-32
7.00648e-32
1.20929e-31
1.2458e-31
6.24377e-32
-4.43746e-32
-1.63708e-31
-2.21667e-31
-1.84925e-31
-6.21494e-32
1.08654e-31
2.31026e-31
2.54602e-31
1.59535e-31
-2.33969e-32
-1.92928e-31
-2.86162e-31
-2.48579e-31
-9.49348e-32
8.87583e-32
2.35034e-31
2.60979e-31
1.63295e-31
-1.50501e-33
-1.69676e-31
-2.45514e-31
-2.11693e-31
-9.05763e-32
6.49196e-32
1.65732e-31
1.88458e-31
1.25778e-31
1.4935e-32
-7.941e-32
-1.37401e-31
-1.33635e-31
-8.91984e-32
-3.35947e-32
2.39524e-32
5.64508e-32
7.40016e-32
7.31823e-32
5.25681e-32
2.48979e-32
-1.62974e-32
-5.20906e-32
-7.79249e-32
-8.70219e-32
-7.32722e-32
-4.69686e-32
-7.58485e-33
2.98489e-32
6.22963e-32
7.76688e-32
6.97623e-32
4.21734e-32
-8.17302e-33
-5.4163e-32
-9.11646e-32
-1.00877e-31
-7.70222e-32
-4.14158e-32
9.89672e-33
4.52968e-32
6.2847e-32
6.50393e-32
3.9292e-32
1.16775e-32
-2.60106e-32
-5.94815e-32
-7.4049e-32
-7.73487e-32
-5.16059e-32
-1.46971e-32
2.43766e-32
5.58369e-32
5.89493e-32
4.30323e-32
7.69394e-33
-3.11805e-32
-5.78723e-32
-6.91228e-32
-5.7364e-32
-3.14574e-32
8.84113e-34
2.85489e-32
4.17611e-32
3.58667e-32
1.55248e-32
-9.37386e-33
-2.85023e-32
-2.87927e-32
-2.03031e-32
-6.59331e-33
-2.25338e-33
-1.53111e-32
-2.64349e-32
-3.33728e-32
-1.3301e-32
2.60202e-32
5.93051e-32
7.33749e-32
3.87127e-32
-2.27457e-32
-8.50569e-32
-1.15241e-31
-8.31332e-32
-1.23365e-32
7.23879e-32
1.2075e-31
1.06482e-31
4.21869e-32
-4.73568e-32
-1.06041e-31
-1.11489e-31
-6.11934e-32
1.89644e-32
7.85418e-32
9.63311e-32
5.88476e-32
-7.32756e-33
-6.22737e-32
-8.29504e-32
-5.09634e-32
8.20552e-33
6.35617e-32
8.81041e-32
6.07623e-32
2.61957e-33
-6.16968e-32
-1.01246e-31
-9.03201e-32
-4.10161e-32
3.02506e-32
9.27019e-32
1.15002e-31
9.71308e-32
4.09546e-32
-3.08442e-32
-8.71333e-32
-1.18342e-31
-1.07413e-31
-6.16185e-32
8.5228e-34
6.99391e-32
1.15015e-31
1.2702e-31
9.956e-32
3.23285e-32
-4.60057e-32
-1.16599e-31
-1.47809e-31
-1.22557e-31
-5.13832e-32
4.70785e-32
1.27754e-31
1.57595e-31
1.23174e-31
3.43691e-32
-6.57344e-32
-1.34481e-31
-1.40632e-31
-8.06515e-32
1.33058e-32
9.75457e-32
1.3317e-31
1.02426e-31
2.63371e-32
-5.85573e-32
-1.11486e-31
-1.02889e-31
-4.59304e-32
3.62301e-32
1.01262e-31
1.13139e-31
7.86938e-32
4.465e-33
-6.42407e-32
-9.29735e-32
-8.05295e-32
-1.84227e-32
4.63922e-32
8.91104e-32
9.75062e-32
5.49518e-32
3.66529e-33
-4.47514e-32
-6.72255e-32
-4.77164e-32
-1.46642e-32
3.03853e-32
6.11084e-32
6.66808e-32
5.85693e-32
3.4205e-32
1.22574e-32
-7.43289e-34
-7.87525e-33
-5.71723e-33
-3.13194e-33
-4.77044e-33
-3.40054e-33
-3.06644e-33
6.98874e-33
3.00919e-32
5.43172e-32
8.38111e-32
9.27377e-32
7.91589e-32
4.44536e-32
-1.3168e-32
-5.63485e-32
-8.16681e-32
-6.62895e-32
-1.22447e-32
5.24793e-32
1.16383e-31
1.40564e-31
1.26019e-31
7.4872e-32
1.19054e-32
-3.64084e-32
-5.62101e-32
-3.41913e-32
-2.7294e-33
4.68302e-32
6.80229e-32
6.94749e-32
6.32849e-32
1.93011e-32
1.07438e-32
-2.08888e-32
-2.62491e-32
-5.47646e-33
)
;

boundaryField
{
    left
    {
        type            calculated;
        value           uniform 0;
    }
    right
    {
        type            calculated;
        value           uniform 0;
    }
    empty
    {
        type            empty;
        value           nonuniform List<scalar> 0();
    }
}


// ************************************************************************* //
