/*--------------------------------*- C++ -*----------------------------------*\
| =========                 |                                                 |
| \\      /  F ield         | OpenFOAM: The Open Source CFD Toolbox           |
|  \\    /   O peration     | Version:  2106                                  |
|   \\  /    A nd           | Website:  www.openfoam.com                      |
|    \\/     M anipulation  |                                                 |
\*---------------------------------------------------------------------------*/
FoamFile
{
    version     2.0;
    format      ascii;
    arch        "LSB;label=32;scalar=64";
    class       surfaceScalarField;
    location    "0.055";
    object      phi;
}
// * * * * * * * * * * * * * * * * * * * * * * * * * * * * * * * * * * * * * //

dimensions      [0 3 -1 0 0 0 0];

oriented        oriented;

internalField   nonuniform List<scalar> 
799
(
1.84129e-32
4.68191e-32
6.05855e-32
5.03134e-32
2.56367e-32
-4.06206e-32
-9.9624e-32
-1.45125e-31
-1.54798e-31
-1.16663e-31
-6.04968e-32
2.14175e-33
4.09671e-32
5.10488e-32
2.97905e-32
-9.12231e-33
-5.97114e-32
-1.11776e-31
-1.51471e-31
-1.78827e-31
-1.70054e-31
-1.33326e-31
-7.15272e-32
-1.41435e-34
4.10584e-32
5.07554e-32
9.67516e-33
-6.03839e-32
-1.26134e-31
-1.78201e-31
-1.80542e-31
-1.5275e-31
-1.05949e-31
-5.04526e-32
-2.51354e-32
-1.36452e-32
-3.0451e-32
-6.79755e-32
-9.7501e-32
-1.33859e-31
-1.42506e-31
-1.29717e-31
-1.05958e-31
-5.89651e-32
-3.34505e-32
-2.2884e-32
-3.85344e-32
-8.72456e-32
-1.26962e-31
-1.63024e-31
-1.64735e-31
-1.30681e-31
-8.72972e-32
-3.27958e-32
-8.18727e-33
-1.41542e-32
-4.70679e-32
-1.0598e-31
-1.51212e-31
-1.76196e-31
-1.62866e-31
-1.09561e-31
-4.7313e-32
7.76014e-33
2.07098e-32
-1.99033e-32
-9.35716e-32
-1.76969e-31
-2.22285e-31
-2.04657e-31
-1.33164e-31
-3.13024e-32
4.52537e-32
6.19036e-32
1.4947e-32
-7.87025e-32
-1.65079e-31
-2.09571e-31
-1.97914e-31
-1.3851e-31
-7.21091e-32
-2.29426e-32
-7.41558e-33
-2.22595e-32
-4.62142e-32
-7.19937e-32
-9.14064e-32
-1.09382e-31
-1.2952e-31
-1.41625e-31
-1.395e-31
-1.08222e-31
-5.55131e-32
-1.96355e-33
3.08344e-32
1.20747e-32
-4.63884e-32
-1.28041e-31
-1.9728e-31
-2.10524e-31
-1.75131e-31
-8.92428e-32
1.6961e-33
5.5044e-32
6.41846e-32
6.34616e-33
-7.28072e-32
-1.46489e-31
-1.90311e-31
-1.7321e-31
-1.29274e-31
-6.64196e-32
-1.96866e-32
-1.10199e-32
-2.23758e-32
-5.29164e-32
-6.96841e-32
-6.71148e-32
-5.43089e-32
-4.03515e-32
-5.02088e-32
-8.06414e-32
-1.22114e-31
-1.52877e-31
-1.51398e-31
-1.16668e-31
-5.7243e-32
2.2735e-33
4.0137e-32
4.55484e-32
1.56503e-32
-3.66799e-32
-9.75988e-32
-1.52886e-31
-1.84718e-31
-1.87422e-31
-1.53677e-31
-8.95084e-32
-1.5739e-32
4.90659e-32
7.4379e-32
5.18375e-32
-1.13505e-32
-9.55278e-32
-1.60353e-31
-1.86839e-31
-1.6334e-31
-1.03088e-31
-4.03618e-32
2.94306e-33
3.71939e-33
-3.0863e-32
-7.78784e-32
-1.1499e-31
-1.15535e-31
-8.2657e-32
-3.18802e-32
9.82074e-33
1.26103e-32
-2.7452e-32
-9.85881e-32
-1.65451e-31
-1.92414e-31
-1.61536e-31
-8.13735e-32
7.95528e-33
6.60105e-32
5.806e-32
-8.48312e-33
-9.84842e-32
-1.69297e-31
-1.7624e-31
-1.29899e-31
-5.248e-32
1.01472e-32
1.65028e-32
-1.9526e-32
-8.84649e-32
-1.38137e-31
-1.4037e-31
-1.04209e-31
-3.33314e-32
1.60289e-32
2.93612e-32
1.74537e-34
-6.73158e-32
-1.23408e-31
-1.60001e-31
-1.5246e-31
-1.05562e-31
-5.03962e-32
5.34001e-33
2.81442e-32
1.93609e-32
-1.24599e-32
-6.1304e-32
-9.92333e-32
-1.23821e-31
-1.27996e-31
-1.10816e-31
-8.4835e-32
-4.9926e-32
-1.68218e-32
4.97808e-33
1.14533e-32
-7.86951e-33
-4.77204e-32
-9.42547e-32
-1.31023e-31
-1.3431e-31
-1.00467e-31
-4.25331e-32
1.45077e-32
3.53724e-32
6.71052e-33
-6.12777e-32
-1.36737e-31
-1.7417e-31
-1.48348e-31
-6.59225e-32
3.68394e-32
1.0344e-31
9.34377e-32
6.82125e-33
-1.22355e-31
-2.27163e-31
-2.52185e-31
-1.85253e-31
-4.9115e-32
8.47785e-32
1.5311e-31
1.27949e-31
1.43515e-32
-1.22301e-31
-2.2243e-31
-2.44088e-31
-1.74771e-31
-6.2692e-32
4.629e-32
1.03621e-31
8.50475e-32
1.51629e-32
-7.69918e-32
-1.46318e-31
-1.64124e-31
-1.33189e-31
-7.05567e-32
-1.05415e-32
1.78299e-32
5.12628e-33
-3.4423e-32
-7.66671e-32
-9.10978e-32
-6.70103e-32
-2.3227e-32
1.82452e-32
2.12996e-32
-2.15494e-32
-8.57295e-32
-1.4351e-31
-1.51322e-31
-1.01444e-31
-1.97287e-32
6.12262e-32
9.45812e-32
6.79763e-32
3.87057e-33
-7.0155e-32
-1.12053e-31
-1.07477e-31
-7.41017e-32
-2.45214e-32
1.05198e-32
2.41727e-32
3.04315e-32
2.65615e-32
3.07464e-32
3.60081e-32
3.2634e-32
3.08098e-32
2.27002e-32
2.47196e-32
3.85938e-32
5.29498e-32
6.68328e-32
6.69295e-32
6.41741e-32
7.49597e-32
1.11091e-31
1.74294e-31
2.40881e-31
2.79702e-31
2.66367e-31
2.08482e-31
1.3791e-31
1.06337e-31
1.48734e-31
2.58663e-31
4.02624e-31
5.14458e-31
5.5592e-31
5.24531e-31
4.52566e-31
4.07533e-31
4.23917e-31
5.13549e-31
6.45818e-31
7.65115e-31
8.45395e-31
8.72887e-31
8.78574e-31
9.01752e-31
9.60437e-31
1.06361e-30
1.17944e-30
1.28279e-30
1.36157e-30
1.41539e-30
1.47823e-30
1.56783e-30
1.69554e-30
1.85537e-30
2.01252e-30
2.15315e-30
2.2629e-30
2.35357e-30
2.46044e-30
2.59815e-30
2.7892e-30
3.01772e-30
3.25186e-30
3.47196e-30
3.64588e-30
3.79163e-30
3.9342e-30
4.10427e-30
4.34428e-30
4.64227e-30
4.98538e-30
5.33016e-30
5.6241e-30
5.85258e-30
6.01853e-30
6.12534e-30
6.39179e-30
6.76734e-30
7.96969e-30
1.02356e-29
1.36945e-29
2.0415e-29
2.29428e-29
2.55757e-29
8.3509e-30
-3.45516e-29
-8.6074e-29
-1.91811e-28
-1.8259e-28
-1.21933e-28
1.65957e-28
8.10063e-28
1.17531e-27
1.81768e-27
1.05597e-27
-7.62005e-28
-3.0374e-27
-7.54388e-27
-7.21436e-27
-5.93212e-27
1.74717e-27
1.68751e-26
2.26666e-26
3.30474e-26
1.66468e-26
-1.36127e-26
-4.1009e-26
-9.04974e-26
-7.13243e-26
-4.21968e-26
3.15681e-26
1.54623e-25
1.62733e-25
1.91995e-25
5.43089e-26
-1.45603e-25
-2.41565e-25
-4.15713e-25
-2.36526e-25
-3.16459e-26
2.19151e-25
5.89193e-25
4.55154e-25
3.83032e-25
-3.70868e-26
-5.44005e-25
-5.80052e-25
-7.54255e-25
-2.54581e-25
2.23625e-25
5.06845e-25
9.1529e-25
5.06856e-25
2.23641e-25
-2.54567e-25
-7.5425e-25
-5.80058e-25
-5.44017e-25
-3.71008e-26
3.83023e-25
4.55152e-25
5.89197e-25
2.19159e-25
-3.16401e-26
-2.36524e-25
-4.15715e-25
-2.4157e-25
-1.45607e-25
5.43053e-26
1.91994e-25
1.62733e-25
1.54623e-25
3.15685e-26
-4.2197e-26
-7.13249e-26
-9.0498e-26
-4.10099e-26
-1.36134e-26
1.6646e-26
3.30465e-26
2.26659e-26
1.68743e-26
1.74655e-27
-5.93264e-27
-7.2148e-27
-7.54426e-27
-3.0378e-27
-7.62423e-28
1.0555e-27
1.81718e-27
1.1748e-27
8.09569e-28
1.65536e-28
-1.22273e-28
-1.82829e-28
-1.91982e-28
-8.62447e-29
-3.47668e-29
8.02967e-30
2.51716e-29
2.25057e-29
2.00183e-29
1.34249e-29
1.01015e-29
7.95454e-30
6.79851e-30
6.38092e-30
6.02834e-30
5.80919e-30
5.56538e-30
5.31922e-30
5.06184e-30
4.81262e-30
4.58057e-30
4.37961e-30
4.20194e-30
4.02396e-30
3.82456e-30
3.58927e-30
3.32705e-30
3.0733e-30
2.85491e-30
2.69845e-30
2.597e-30
2.52103e-30
2.44464e-30
2.33184e-30
2.18469e-30
2.01075e-30
1.8304e-30
1.67511e-30
1.5508e-30
1.47109e-30
1.42455e-30
1.39133e-30
1.3543e-30
1.28639e-30
1.18287e-30
1.05363e-30
9.2119e-31
8.19799e-31
7.71902e-31
7.71233e-31
7.99153e-31
8.12457e-31
7.76126e-31
6.91168e-31
5.6429e-31
4.46701e-31
3.74611e-31
3.5851e-31
4.03073e-31
4.56396e-31
4.87683e-31
4.69575e-31
3.8904e-31
2.85609e-31
1.84864e-31
1.28409e-31
1.37933e-31
1.95282e-31
2.76359e-31
3.31845e-31
3.24903e-31
2.50214e-31
1.27927e-31
8.29579e-33
-5.36101e-32
-3.30899e-32
6.17539e-32
1.83912e-31
2.68249e-31
2.75549e-31
1.96444e-31
6.94595e-32
-4.77149e-32
-1.07151e-31
-8.79413e-32
-1.28466e-32
8.06799e-32
1.44544e-31
1.58952e-31
1.24672e-31
6.0019e-32
1.17963e-33
-4.03795e-32
-4.5189e-32
-2.34702e-32
9.94713e-33
4.67049e-32
5.76891e-32
5.33799e-32
2.72038e-32
-4.16125e-33
-1.49429e-32
-1.48124e-32
1.39299e-32
3.9391e-32
4.54775e-32
3.36225e-32
-1.19355e-32
-4.77128e-32
-6.46394e-32
-5.08062e-32
6.7558e-34
4.5827e-32
7.7483e-32
7.35043e-32
3.50538e-32
-4.27165e-33
-3.98472e-32
-5.06152e-32
-4.46229e-32
-4.19687e-32
-3.8259e-32
-4.02264e-32
-2.70733e-32
1.45595e-32
6.79874e-32
1.18657e-31
1.22125e-31
5.98107e-32
-4.71597e-32
-1.66649e-31
-2.24764e-31
-1.88163e-31
-6.55283e-32
1.05144e-31
2.27391e-31
2.50852e-31
1.55672e-31
-2.73691e-32
-1.9701e-31
-2.90346e-31
-2.52871e-31
-9.93268e-32
8.42745e-32
2.3046e-31
2.56318e-31
1.58551e-31
-6.32698e-33
-1.74571e-31
-2.50485e-31
-2.16733e-31
-9.56841e-32
5.97437e-32
1.6049e-31
1.83153e-31
1.20413e-31
9.5153e-33
-8.48884e-32
-1.42942e-31
-1.39238e-31
-9.48588e-32
-3.93123e-32
1.81795e-32
5.06294e-32
6.8135e-32
6.72781e-32
4.66242e-32
1.89215e-32
-2.23054e-32
-5.81272e-32
-8.39863e-32
-9.31059e-32
-7.93773e-32
-5.3091e-32
-1.37238e-32
2.36935e-32
5.61303e-32
7.14915e-32
6.35768e-32
3.59848e-32
-1.43613e-32
-6.03478e-32
-9.73415e-32
-1.07041e-31
-8.31821e-32
-4.75705e-32
3.7518e-33
3.91626e-32
5.67292e-32
5.89425e-32
3.32343e-32
5.66193e-33
-3.1987e-32
-6.54176e-32
-7.99396e-32
-8.31911e-32
-5.73969e-32
-2.04318e-32
1.87011e-32
5.02216e-32
5.34002e-32
3.75482e-32
2.27576e-33
-3.65325e-32
-6.31588e-32
-7.43364e-32
-6.24996e-32
-3.65159e-32
-4.09199e-33
2.36619e-32
3.69553e-32
3.11517e-32
1.09026e-32
-1.39028e-32
-3.29334e-32
-3.31245e-32
-2.45328e-32
-1.07232e-32
-6.28447e-33
-1.92427e-32
-3.02657e-32
-3.70997e-32
-1.69211e-32
2.25114e-32
5.59016e-32
7.00783e-32
3.55274e-32
-2.582e-32
-8.80225e-32
-1.181e-31
-8.58837e-32
-1.49801e-32
6.98541e-32
1.18323e-31
1.04164e-31
3.99751e-32
-4.94603e-32
-1.08037e-31
-1.13379e-31
-6.29749e-32
1.72905e-32
7.69808e-32
9.48821e-32
5.75127e-32
-8.54932e-33
-6.33857e-32
-8.39477e-32
-5.18496e-32
7.43274e-33
6.29087e-32
8.75714e-32
6.03508e-32
2.32936e-33
-6.18677e-32
-1.01302e-31
-9.02584e-32
-4.08349e-32
3.05531e-32
9.31262e-32
1.15549e-31
9.78041e-32
4.17536e-32
-2.99219e-32
-8.60906e-32
-1.17175e-31
-1.06119e-31
-6.01981e-32
2.40144e-33
7.1619e-32
1.1683e-31
1.28971e-31
1.01654e-31
3.45704e-32
-4.36148e-32
-1.14054e-31
-1.45111e-31
-1.19703e-31
-4.83649e-32
5.02623e-32
1.31105e-31
1.61122e-31
1.26878e-31
3.82538e-32
-6.16674e-32
-1.30226e-31
-1.36192e-31
-7.60243e-32
1.81232e-32
1.02555e-31
1.38374e-31
1.07826e-31
3.19343e-32
-5.27615e-32
-1.05491e-31
-9.67012e-32
-3.9541e-32
4.28203e-32
1.08054e-31
1.20127e-31
8.58799e-32
1.18497e-32
-5.66621e-32
-8.51998e-32
-7.2576e-32
-1.02887e-32
5.47002e-32
9.75935e-32
1.06155e-31
6.37603e-32
1.26299e-32
-3.56418e-32
-5.79848e-32
-3.83561e-32
-5.19098e-33
3.99615e-32
7.07787e-32
7.64361e-32
6.83946e-32
4.40891e-32
2.2187e-32
9.22039e-33
2.10498e-33
4.26902e-33
6.84678e-33
5.18196e-33
6.50716e-33
6.78213e-33
1.67616e-32
3.9772e-32
6.38867e-32
9.32541e-32
1.02037e-31
8.82972e-32
5.34145e-32
-4.40256e-33
-4.77962e-32
-7.33445e-32
-5.8209e-32
-4.42663e-33
6.00228e-32
1.23634e-31
1.47507e-31
1.32642e-31
8.11629e-32
1.78525e-32
-3.08232e-32
-5.09988e-32
-2.93682e-32
1.69422e-33
5.08415e-32
7.1613e-32
7.26361e-32
6.60052e-32
2.15785e-32
1.2572e-32
-1.95128e-32
-2.53294e-32
-5.01783e-33
)
;

boundaryField
{
    left
    {
        type            calculated;
        value           uniform 0;
    }
    right
    {
        type            calculated;
        value           uniform 0;
    }
    empty
    {
        type            empty;
        value           nonuniform List<scalar> 0();
    }
}


// ************************************************************************* //
