/*--------------------------------*- C++ -*----------------------------------*\
| =========                 |                                                 |
| \\      /  F ield         | OpenFOAM: The Open Source CFD Toolbox           |
|  \\    /   O peration     | Version:  2106                                  |
|   \\  /    A nd           | Website:  www.openfoam.com                      |
|    \\/     M anipulation  |                                                 |
\*---------------------------------------------------------------------------*/
FoamFile
{
    version     2.0;
    format      ascii;
    arch        "LSB;label=32;scalar=64";
    class       volScalarField;
    location    "0.04";
    object      rho;
}
// * * * * * * * * * * * * * * * * * * * * * * * * * * * * * * * * * * * * * //

dimensions      [1 -3 0 0 0 0 0];

internalField   nonuniform List<scalar> 
800
(
1.00435
1.00435
1.00435
1.00435
1.00435
1.00435
1.00435
1.00435
1.00435
1.00435
1.00435
1.00435
1.00435
1.00435
1.00435
1.00435
1.00435
1.00435
1.00435
1.00435
1.00435
1.00435
1.00435
1.00435
1.00435
1.00435
1.00435
1.00435
1.00435
1.00435
1.00435
1.00435
1.00435
1.00435
1.00435
1.00435
1.00435
1.00435
1.00435
1.00435
1.00435
1.00435
1.00435
1.00435
1.00435
1.00435
1.00435
1.00435
1.00435
1.00435
1.00435
1.00435
1.00435
1.00435
1.00435
1.00435
1.00435
1.00435
1.00435
1.00435
1.00435
1.00435
1.00435
1.00435
1.00435
1.00435
1.00435
1.00435
1.00435
1.00435
1.00435
1.00435
1.00435
1.00435
1.00435
1.00435
1.00435
1.00435
1.00435
1.00435
1.00435
1.00435
1.00435
1.00435
1.00435
1.00435
1.00435
1.00435
1.00435
1.00435
1.00435
1.00435
1.00435
1.00435
1.00435
1.00435
1.00435
1.00435
1.00435
1.00435
1.00435
1.00435
1.00435
1.00435
1.00435
1.00435
1.00435
1.00435
1.00435
1.00435
1.00435
1.00435
1.00435
1.00435
1.00435
1.00435
1.00435
1.00435
1.00435
1.00435
1.00435
1.00435
1.00435
1.00435
1.00435
1.00435
1.00435
1.00435
1.00435
1.00435
1.00435
1.00435
1.00435
1.00435
1.00435
1.00435
1.00435
1.00435
1.00435
1.00435
1.00435
1.00435
1.00435
1.00435
1.00435
1.00435
1.00435
1.00435
1.00435
1.00435
1.00435
1.00435
1.00435
1.00435
1.00435
1.00435
1.00435
1.00435
1.00435
1.00435
1.00435
1.00435
1.00435
1.00435
1.00435
1.00435
1.00435
1.00435
1.00435
1.00435
1.00435
1.00435
1.00435
1.00435
1.00435
1.00435
1.00435
1.00435
1.00435
1.00435
1.00435
1.00435
1.00435
1.00435
1.00435
1.00435
1.00435
1.00435
1.00435
1.00435
1.00435
1.00435
1.00435
1.00435
1.00435
1.00435
1.00435
1.00435
1.00435
1.00435
1.00435
1.00435
1.00435
1.00435
1.00435
1.00435
1.00435
1.00435
1.00435
1.00435
1.00435
1.00435
1.00435
1.00435
1.00435
1.00435
1.00435
1.00435
1.00435
1.00435
1.00435
1.00435
1.00435
1.00435
1.00435
1.00435
1.00435
1.00435
1.00435
1.00435
1.00435
1.00435
1.00435
1.00435
1.00435
1.00435
1.00435
1.00435
1.00435
1.00435
1.00435
1.00435
1.00435
1.00435
1.00435
1.00435
1.00435
1.00435
1.00435
1.00435
1.00435
1.00435
1.00435
1.00435
1.00435
1.00435
1.00435
1.00435
1.00435
1.00435
1.00435
1.00435
1.00435
1.00435
1.00435
1.00435
1.00435
1.00435
1.00435
1.00435
1.00435
1.00435
1.00435
1.00435
1.00435
1.00435
1.00435
1.00435
1.00435
1.00435
1.00435
1.00435
1.00435
1.00435
1.00435
1.00435
1.00435
1.00435
1.00435
1.00435
1.00435
1.00435
1.00435
1.00435
1.00435
1.00435
1.00435
1.00435
1.00435
1.00435
1.00435
1.00435
1.00435
1.00435
1.00435
1.00435
1.00435
1.00435
1.00435
1.00435
1.00435
1.00435
1.00435
1.00435
1.00435
1.00435
1.00435
1.00435
1.00435
1.00435
1.00435
1.00435
1.00435
1.00435
1.00435
1.00435
1.00435
1.00435
1.00435
1.00435
1.00435
1.00435
1.00435
1.00435
1.00435
1.00435
1.00435
1.00435
1.00435
1.00435
1.00435
1.00435
1.00435
1.00435
1.00435
1.00435
1.00435
1.00435
1.00435
1.00435
1.00435
1.00426
1.00214
0.991538
0.972291
0.951559
0.932554
0.915188
0.898834
0.883076
0.867705
0.852627
0.837798
0.823198
0.808815
0.794641
0.780669
0.766896
0.753316
0.739927
0.726725
0.713706
0.700869
0.68821
0.675725
0.663413
0.651271
0.639296
0.627486
0.615838
0.60435
0.593022
0.58185
0.570834
0.559972
0.549265
0.538711
0.52831
0.518064
0.507972
0.498037
0.48826
0.478643
0.46919
0.459916
0.450864
0.442187
0.434321
0.42827
0.425297
0.425053
0.426864
0.427331
0.426794
0.426498
0.426341
0.426302
0.426379
0.426454
0.426456
0.42646
0.426531
0.426601
0.426639
0.426648
0.426666
0.426762
0.426851
0.426882
0.426895
0.426914
0.426924
0.426914
0.426905
0.426984
0.427152
0.427367
0.427542
0.427582
0.427548
0.427255
0.426294
0.423901
0.418607
0.408025
0.389454
0.361483
0.326904
0.292988
0.268883
0.261088
0.259873
0.259325
0.258937
0.259008
0.259267
0.259646
0.260061
0.260528
0.261242
0.262004
0.262259
0.262318
0.262225
0.261817
0.261303
0.26115
0.261121
0.261095
0.261249
0.261695
0.261929
0.261906
0.261764
0.261302
0.260718
0.260548
0.260503
0.259907
0.251263
0.197608
0.132007
0.123493
0.123438
0.123438
0.123438
0.123438
0.123438
0.123438
0.123438
0.123438
0.123438
0.123438
0.123438
0.123438
0.123438
0.123438
0.123438
0.123438
0.123438
0.123438
0.123438
0.123438
0.123438
0.123438
0.123438
0.123438
0.123438
0.123438
0.123438
0.123438
0.123438
0.123438
0.123438
0.123438
0.123438
0.123438
0.123438
0.123438
0.123438
0.123438
0.123438
0.123438
0.123438
0.123438
0.123438
0.123438
0.123438
0.123438
0.123438
0.123438
0.123438
0.123438
0.123438
0.123438
0.123438
0.123438
0.123438
0.123438
0.123438
0.123438
0.123438
0.123438
0.123438
0.123438
0.123438
0.123438
0.123438
0.123438
0.123438
0.123438
0.123438
0.123438
0.123438
0.123438
0.123438
0.123438
0.123438
0.123438
0.123438
0.123438
0.123438
0.123438
0.123438
0.123438
0.123438
0.123438
0.123438
0.123438
0.123438
0.123438
0.123438
0.123438
0.123438
0.123438
0.123438
0.123438
0.123438
0.123438
0.123438
0.123438
0.123438
0.123438
0.123438
0.123438
0.123438
0.123438
0.123438
0.123438
0.123438
0.123438
0.123438
0.123438
0.123438
0.123438
0.123438
0.123438
0.123438
0.123438
0.123438
0.123438
0.123438
0.123438
0.123438
0.123438
0.123438
0.123438
0.123438
0.123438
0.123438
0.123438
0.123438
0.123438
0.123438
0.123438
0.123438
0.123438
0.123438
0.123438
0.123438
0.123438
0.123438
0.123438
0.123438
0.123438
0.123438
0.123438
0.123438
0.123438
0.123438
0.123438
0.123438
0.123438
0.123438
0.123438
0.123438
0.123438
0.123438
0.123438
0.123438
0.123438
0.123438
0.123438
0.123438
0.123438
0.123438
0.123438
0.123438
0.123438
0.123438
0.123438
0.123438
0.123438
0.123438
0.123438
0.123438
0.123438
0.123438
0.123438
0.123438
0.123438
0.123438
0.123438
0.123438
0.123438
0.123438
0.123438
0.123438
0.123438
0.123438
0.123438
0.123438
0.123438
0.123438
0.123438
0.123438
0.123438
0.123438
0.123438
0.123438
0.123438
0.123438
0.123438
0.123438
0.123438
0.123438
0.123438
0.123438
0.123438
0.123438
0.123438
0.123438
0.123438
0.123438
0.123438
0.123438
0.123438
0.123438
0.123438
0.123438
0.123438
0.123438
0.123438
0.123438
0.123438
0.123438
0.123438
0.123438
0.123438
0.123438
0.123438
0.123438
0.123438
0.123438
0.123438
0.123438
0.123438
0.123438
0.123438
0.123438
0.123438
0.123438
0.123438
0.123438
0.123438
0.123438
0.123438
0.123438
0.123438
0.123438
0.123438
0.123438
0.123438
0.123438
0.123438
0.123438
0.123438
0.123438
0.123438
0.123438
0.123438
0.123438
0.123438
0.123438
0.123438
0.123438
0.123438
0.123438
0.123438
0.123438
0.123438
0.123438
0.123438
0.123438
0.123438
0.123438
0.123438
0.123438
0.123438
0.123438
0.123438
0.123438
0.123438
0.123438
0.123438
0.123438
0.123438
0.123438
0.123438
0.123438
0.123438
0.123438
0.123438
0.123438
0.123438
0.123438
0.123438
0.123438
0.123438
0.123438
0.123438
0.123438
0.123438
0.123438
0.123438
0.123438
0.123438
0.123438
0.123438
0.123438
0.123438
0.123438
0.123438
0.123438
0.123438
0.123438
0.123438
0.123438
0.123438
0.123438
0.123438
0.123438
0.123438
0.123438
0.123438
0.123438
0.123438
0.123438
0.123438
0.123438
)
;

boundaryField
{
    left
    {
        type            calculated;
        value           uniform 0.123438;
    }
    right
    {
        type            calculated;
        value           uniform 1.00435;
    }
    empty
    {
        type            empty;
    }
}


// ************************************************************************* //
