/*--------------------------------*- C++ -*----------------------------------*\
| =========                 |                                                 |
| \\      /  F ield         | OpenFOAM: The Open Source CFD Toolbox           |
|  \\    /   O peration     | Version:  2106                                  |
|   \\  /    A nd           | Website:  www.openfoam.com                      |
|    \\/     M anipulation  |                                                 |
\*---------------------------------------------------------------------------*/
FoamFile
{
    version     2.0;
    format      ascii;
    arch        "LSB;label=32;scalar=64";
    class       volScalarField;
    location    "0.04";
    object      T;
}
// * * * * * * * * * * * * * * * * * * * * * * * * * * * * * * * * * * * * * //

dimensions      [0 0 0 1 0 0 0];

internalField   nonuniform List<scalar> 
800
(
0.003468
0.003468
0.003468
0.003468
0.003468
0.003468
0.003468
0.003468
0.003468
0.003468
0.003468
0.003468
0.003468
0.003468
0.003468
0.003468
0.003468
0.003468
0.003468
0.003468
0.003468
0.003468
0.003468
0.003468
0.003468
0.003468
0.003468
0.003468
0.003468
0.003468
0.003468
0.003468
0.003468
0.003468
0.003468
0.003468
0.003468
0.003468
0.003468
0.003468
0.003468
0.003468
0.003468
0.003468
0.003468
0.003468
0.003468
0.003468
0.003468
0.003468
0.003468
0.003468
0.003468
0.003468
0.003468
0.003468
0.003468
0.003468
0.003468
0.003468
0.003468
0.003468
0.003468
0.003468
0.003468
0.003468
0.003468
0.003468
0.003468
0.003468
0.003468
0.003468
0.003468
0.003468
0.003468
0.003468
0.003468
0.003468
0.003468
0.003468
0.003468
0.003468
0.003468
0.003468
0.003468
0.003468
0.003468
0.003468
0.003468
0.003468
0.003468
0.003468
0.003468
0.003468
0.003468
0.003468
0.003468
0.003468
0.003468
0.003468
0.003468
0.003468
0.003468
0.003468
0.003468
0.003468
0.003468
0.003468
0.003468
0.003468
0.003468
0.003468
0.003468
0.003468
0.003468
0.003468
0.003468
0.003468
0.003468
0.003468
0.003468
0.003468
0.003468
0.003468
0.003468
0.003468
0.003468
0.003468
0.003468
0.003468
0.003468
0.003468
0.003468
0.003468
0.003468
0.003468
0.003468
0.003468
0.003468
0.003468
0.003468
0.003468
0.003468
0.003468
0.003468
0.003468
0.003468
0.003468
0.003468
0.003468
0.003468
0.003468
0.003468
0.003468
0.003468
0.003468
0.003468
0.003468
0.003468
0.003468
0.003468
0.003468
0.003468
0.003468
0.003468
0.003468
0.003468
0.003468
0.003468
0.003468
0.003468
0.003468
0.003468
0.003468
0.003468
0.003468
0.003468
0.003468
0.003468
0.003468
0.003468
0.003468
0.003468
0.003468
0.003468
0.003468
0.003468
0.003468
0.003468
0.003468
0.003468
0.003468
0.003468
0.003468
0.003468
0.003468
0.003468
0.003468
0.003468
0.003468
0.003468
0.003468
0.003468
0.003468
0.003468
0.003468
0.003468
0.003468
0.003468
0.003468
0.003468
0.003468
0.003468
0.003468
0.003468
0.003468
0.003468
0.003468
0.003468
0.003468
0.003468
0.003468
0.003468
0.003468
0.003468
0.003468
0.003468
0.003468
0.003468
0.003468
0.003468
0.003468
0.003468
0.003468
0.003468
0.003468
0.003468
0.003468
0.003468
0.003468
0.003468
0.003468
0.003468
0.003468
0.003468
0.003468
0.003468
0.003468
0.003468
0.003468
0.003468
0.003468
0.003468
0.003468
0.003468
0.003468
0.003468
0.003468
0.003468
0.003468
0.003468
0.003468
0.003468
0.003468
0.003468
0.003468
0.003468
0.003468
0.003468
0.003468
0.003468
0.003468
0.003468
0.003468
0.003468
0.003468
0.003468
0.003468
0.003468
0.003468
0.003468
0.003468
0.003468
0.003468
0.003468
0.003468
0.003468
0.003468
0.003468
0.003468
0.003468
0.003468
0.003468
0.003468
0.003468
0.003468
0.003468
0.003468
0.003468
0.003468
0.003468
0.003468
0.003468
0.003468
0.003468
0.003468
0.003468
0.003468
0.003468
0.003468
0.003468
0.003468
0.003468
0.003468
0.003468
0.003468
0.003468
0.003468
0.003468
0.003468
0.003468
0.003468
0.003468
0.003468
0.003468
0.003468
0.003468
0.003468
0.003468
0.003468
0.003468
0.003468
0.003468
0.003468
0.003468
0.003468
0.003468
0.003468
0.003468
0.003468
0.003468
0.003468
0.003468
0.003468
0.003468
0.003468
0.003468
0.003468
0.003468
0.003468
0.003468
0.00346787
0.00346496
0.00345027
0.00342328
0.00339381
0.00336645
0.00334115
0.00331707
0.00329362
0.00327051
0.0032476
0.00322483
0.00320217
0.00317962
0.00315716
0.00313478
0.00311249
0.00309027
0.00306813
0.00304606
0.00302407
0.00300214
0.00298029
0.00295849
0.00293677
0.0029151
0.00289349
0.00287195
0.00285046
0.00282903
0.00280765
0.00278633
0.00276506
0.00274386
0.00272271
0.00270162
0.00268059
0.00265963
0.00263875
0.00261794
0.00259722
0.0025766
0.00255608
0.00253571
0.00251559
0.00249608
0.0024782
0.00246427
0.00245751
0.00245682
0.00246101
0.00246202
0.00246076
0.00246004
0.00245967
0.00245951
0.00245967
0.0024598
0.00245978
0.00245974
0.00245988
0.00246003
0.00246008
0.00246006
0.00246003
0.00246018
0.00246028
0.00246029
0.00246034
0.0024605
0.00246061
0.00246058
0.00246045
0.00246035
0.00245994
0.00245889
0.00245795
0.00245789
0.00245829
0.00246002
0.00246542
0.00247943
0.00251132
0.00257693
0.00270081
0.00291212
0.00322551
0.00359498
0.00389311
0.0040359
0.00406195
0.00406173
0.00405667
0.00405058
0.00404338
0.00403514
0.00402778
0.00402319
0.00402241
0.00402293
0.00402167
0.00401915
0.00401629
0.00401255
0.00400913
0.00400849
0.00400915
0.00401126
0.00401559
0.00402143
0.00402517
0.00402625
0.00402623
0.00402376
0.00401941
0.00401726
0.00401562
0.00400969
0.00395242
0.00358864
0.00293556
0.00282241
0.00282173
0.00282173
0.00282173
0.00282173
0.00282173
0.00282173
0.00282173
0.00282173
0.00282173
0.00282173
0.00282173
0.00282173
0.00282173
0.00282173
0.00282173
0.00282173
0.00282173
0.00282173
0.00282173
0.00282173
0.00282173
0.00282173
0.00282173
0.00282173
0.00282173
0.00282173
0.00282173
0.00282173
0.00282173
0.00282173
0.00282173
0.00282173
0.00282173
0.00282173
0.00282173
0.00282173
0.00282173
0.00282173
0.00282173
0.00282173
0.00282173
0.00282173
0.00282173
0.00282173
0.00282173
0.00282173
0.00282173
0.00282173
0.00282173
0.00282173
0.00282173
0.00282173
0.00282173
0.00282173
0.00282173
0.00282173
0.00282173
0.00282173
0.00282173
0.00282173
0.00282173
0.00282173
0.00282173
0.00282173
0.00282173
0.00282173
0.00282173
0.00282173
0.00282173
0.00282173
0.00282173
0.00282173
0.00282173
0.00282173
0.00282173
0.00282173
0.00282173
0.00282173
0.00282173
0.00282173
0.00282173
0.00282173
0.00282173
0.00282173
0.00282173
0.00282173
0.00282173
0.00282173
0.00282173
0.00282173
0.00282173
0.00282173
0.00282173
0.00282173
0.00282173
0.00282173
0.00282173
0.00282173
0.00282173
0.00282173
0.00282173
0.00282173
0.00282173
0.00282173
0.00282173
0.00282173
0.00282173
0.00282173
0.00282173
0.00282173
0.00282173
0.00282173
0.00282173
0.00282173
0.00282173
0.00282173
0.00282173
0.00282173
0.00282173
0.00282173
0.00282173
0.00282173
0.00282173
0.00282173
0.00282173
0.00282173
0.00282173
0.00282173
0.00282173
0.00282173
0.00282173
0.00282173
0.00282173
0.00282173
0.00282173
0.00282173
0.00282173
0.00282173
0.00282173
0.00282173
0.00282173
0.00282173
0.00282173
0.00282173
0.00282173
0.00282173
0.00282173
0.00282173
0.00282173
0.00282173
0.00282173
0.00282173
0.00282173
0.00282173
0.00282173
0.00282173
0.00282173
0.00282173
0.00282173
0.00282173
0.00282173
0.00282173
0.00282173
0.00282173
0.00282173
0.00282173
0.00282173
0.00282173
0.00282173
0.00282173
0.00282173
0.00282173
0.00282173
0.00282173
0.00282173
0.00282173
0.00282173
0.00282173
0.00282173
0.00282173
0.00282173
0.00282173
0.00282173
0.00282173
0.00282173
0.00282173
0.00282173
0.00282173
0.00282173
0.00282173
0.00282173
0.00282173
0.00282173
0.00282173
0.00282173
0.00282173
0.00282173
0.00282173
0.00282173
0.00282173
0.00282173
0.00282173
0.00282173
0.00282173
0.00282173
0.00282173
0.00282173
0.00282173
0.00282173
0.00282173
0.00282173
0.00282173
0.00282173
0.00282173
0.00282173
0.00282173
0.00282173
0.00282173
0.00282173
0.00282173
0.00282173
0.00282173
0.00282173
0.00282173
0.00282173
0.00282173
0.00282173
0.00282173
0.00282173
0.00282173
0.00282173
0.00282173
0.00282173
0.00282173
0.00282173
0.00282173
0.00282173
0.00282173
0.00282173
0.00282173
0.00282173
0.00282173
0.00282173
0.00282173
0.00282173
0.00282173
0.00282173
0.00282173
0.00282173
0.00282173
0.00282173
0.00282173
0.00282173
0.00282173
0.00282173
0.00282173
0.00282173
0.00282173
0.00282173
0.00282173
0.00282173
0.00282173
0.00282173
0.00282173
0.00282173
0.00282173
0.00282173
0.00282173
0.00282173
0.00282173
0.00282173
0.00282173
0.00282173
0.00282173
0.00282173
0.00282173
0.00282173
0.00282173
0.00282173
0.00282173
0.00282173
0.00282173
0.00282173
0.00282173
0.00282173
0.00282173
0.00282173
0.00282173
0.00282173
0.00282173
0.00282173
0.00282173
0.00282173
0.00282173
0.00282173
0.00282173
0.00282173
0.00282173
0.00282173
0.00282173
0.00282173
0.00282173
0.00282173
0.00282173
0.00282173
0.00282173
0.00282173
0.00282173
0.00282173
0.00282173
0.00282173
0.00282173
0.00282173
0.00282173
0.00282173
0.00282173
0.00282173
0.00282173
0.00282173
0.00282173
0.00282173
0.00282173
0.00282173
0.00282173
0.00282173
0.00282173
0.00282173
)
;

boundaryField
{
    left
    {
        type            zeroGradient;
    }
    right
    {
        type            zeroGradient;
    }
    empty
    {
        type            empty;
    }
}


// ************************************************************************* //
