/*--------------------------------*- C++ -*----------------------------------*\
| =========                 |                                                 |
| \\      /  F ield         | OpenFOAM: The Open Source CFD Toolbox           |
|  \\    /   O peration     | Version:  2106                                  |
|   \\  /    A nd           | Website:  www.openfoam.com                      |
|    \\/     M anipulation  |                                                 |
\*---------------------------------------------------------------------------*/
FoamFile
{
    version     2.0;
    format      ascii;
    arch        "LSB;label=32;scalar=64";
    class       surfaceScalarField;
    location    "0.009";
    object      phi;
}
// * * * * * * * * * * * * * * * * * * * * * * * * * * * * * * * * * * * * * //

dimensions      [0 3 -1 0 0 0 0];

oriented        oriented;

internalField   nonuniform List<scalar> 
799
(
2.13259e-32
5.26281e-32
6.92823e-32
6.1869e-32
4.0033e-32
-2.34286e-32
-7.96658e-32
-1.22459e-31
-1.29467e-31
-8.87327e-32
-3.0027e-32
3.50797e-32
7.63059e-32
8.87115e-32
6.97031e-32
3.29601e-32
-1.55383e-32
-6.5593e-32
-1.03362e-31
-1.28873e-31
-1.18339e-31
-7.99255e-32
-1.65314e-32
5.63801e-32
9.90139e-32
1.10072e-31
7.02716e-32
1.42639e-33
-6.31869e-32
-1.14178e-31
-1.15514e-31
-8.67812e-32
-3.91054e-32
1.72138e-32
4.32917e-32
5.54904e-32
3.93371e-32
2.41813e-33
-2.65507e-32
-6.23952e-32
-7.05772e-32
-5.73607e-32
-3.32163e-32
1.41285e-32
3.99587e-32
5.08024e-32
3.53976e-32
-1.30969e-32
-5.26245e-32
-8.85251e-32
-9.01065e-32
-5.59438e-32
-1.24764e-32
4.20889e-32
6.67386e-32
6.07939e-32
2.78793e-32
-3.10458e-32
-7.63097e-32
-1.0134e-31
-8.80797e-32
-3.48518e-32
2.73065e-32
8.22739e-32
9.51048e-32
5.43601e-32
-1.94519e-32
-1.03001e-31
-1.48473e-31
-1.31014e-31
-5.97036e-32
4.19672e-32
1.18323e-31
1.34767e-31
8.75952e-32
-6.28034e-33
-9.289e-32
-1.3762e-31
-1.26209e-31
-6.70585e-32
-9.15287e-34
4.79856e-32
6.32414e-32
4.81212e-32
2.38836e-32
-2.18473e-33
-2.18924e-32
-4.01669e-32
-6.06126e-32
-7.30228e-32
-7.12111e-32
-4.02474e-32
1.21436e-32
6.53748e-32
9.78493e-32
7.8766e-32
1.99744e-32
-6.20064e-32
-1.31574e-31
-1.45146e-31
-1.1008e-31
-2.45195e-32
6.60929e-32
1.19114e-31
1.27937e-31
6.97815e-32
-9.6872e-33
-8.36771e-32
-1.27803e-31
-1.10997e-31
-6.73511e-32
-4.78191e-33
4.16723e-32
5.00682e-32
3.84445e-32
7.64504e-33
-9.37386e-33
-7.04911e-33
5.52285e-33
1.92551e-32
9.1823e-33
-2.14555e-32
-6.31246e-32
-9.40704e-32
-9.27681e-32
-5.82097e-32
1.05625e-33
6.04185e-32
9.81448e-32
1.03425e-31
7.3406e-32
2.0964e-32
-4.00593e-32
-9.54411e-32
-1.27361e-31
-1.30144e-31
-9.64692e-32
-3.23658e-32
4.13448e-32
1.06098e-31
1.31364e-31
1.08783e-31
4.55614e-32
-3.86452e-32
-1.03496e-31
-1.30003e-31
-1.06522e-31
-4.62885e-32
1.6426e-32
5.97174e-32
6.04789e-32
2.58827e-32
-2.11483e-32
-5.82744e-32
-5.88364e-32
-2.5985e-32
2.47723e-32
6.64431e-32
6.92011e-32
2.91026e-32
-4.20771e-32
-1.08988e-31
-1.36008e-31
-1.0519e-31
-2.50954e-32
6.41588e-32
1.2213e-31
1.14089e-31
4.74501e-32
-4.26624e-32
-1.1359e-31
-1.20657e-31
-7.44417e-32
2.83512e-33
6.53221e-32
7.15272e-32
3.53438e-32
-3.37594e-32
-8.3603e-32
-8.60138e-32
-5.00313e-32
2.06637e-32
6.9836e-32
8.29766e-32
5.3592e-32
-1.40969e-32
-7.03927e-32
-1.07189e-31
-9.9858e-32
-5.31647e-32
1.79653e-33
5.73281e-32
7.99291e-32
7.09419e-32
3.89166e-32
-1.01284e-32
-4.82599e-32
-7.30432e-32
-7.7413e-32
-6.04253e-32
-3.46329e-32
9.55442e-35
3.30189e-32
5.46422e-32
6.09391e-32
4.14409e-32
1.4231e-33
-4.52744e-32
-8.21996e-32
-8.56317e-32
-5.19369e-32
5.85406e-33
6.27537e-32
8.34845e-32
5.46933e-32
-1.34198e-32
-8.9002e-32
-1.26555e-31
-1.00848e-31
-1.85401e-32
8.41112e-32
1.50606e-31
1.40503e-31
5.37823e-32
-7.54942e-32
-1.80402e-31
-2.05524e-31
-1.38696e-31
-2.66132e-33
1.31126e-31
1.9935e-31
1.74077e-31
6.03657e-32
-7.64057e-32
-1.76659e-31
-1.98449e-31
-1.29274e-31
-1.73431e-32
9.14741e-32
1.48624e-31
1.29856e-31
5.97603e-32
-3.26281e-32
-1.0221e-31
-1.20293e-31
-8.96624e-32
-2.73617e-32
3.22864e-32
6.0247e-32
4.70875e-32
7.03867e-33
-3.57561e-32
-5.07977e-32
-2.73753e-32
1.56692e-32
5.63233e-32
5.847e-32
1.46273e-32
-5.0652e-32
-1.09637e-31
-1.18776e-31
-7.03642e-32
9.744e-33
8.89314e-32
1.20347e-31
9.16171e-32
2.51762e-32
-5.14013e-32
-9.60919e-32
-9.45662e-32
-6.45217e-32
-1.85886e-32
1.24803e-32
2.18036e-32
2.33477e-32
1.43474e-32
1.29602e-32
1.21687e-32
2.22686e-33
-6.72145e-33
-2.25504e-32
-2.88905e-32
-2.40591e-32
-1.94814e-32
-1.61613e-32
-2.74652e-32
-4.25176e-32
-4.49823e-32
-2.31224e-32
2.47174e-32
7.47818e-32
9.58436e-32
6.34368e-32
-1.49139e-32
-1.07437e-31
-1.62537e-31
-1.45338e-31
-6.23806e-32
5.27345e-32
1.33732e-31
1.42254e-31
7.57026e-32
-3.3776e-32
-1.18806e-31
-1.45036e-31
-1.00778e-31
-1.67977e-32
5.11455e-32
7.6845e-32
4.63568e-32
-9.50477e-33
-5.16315e-32
-6.21865e-32
-3.23931e-32
5.72127e-33
2.67945e-32
1.85498e-32
-1.96547e-32
-5.40449e-32
-6.71638e-32
-4.78469e-32
-2.40751e-33
3.4153e-32
4.76529e-32
2.3536e-32
-2.67721e-32
-6.82176e-32
-8.65299e-32
-5.94581e-32
-3.24324e-33
4.9941e-32
8.01341e-32
5.47816e-32
-8.34845e-33
-8.47879e-32
-1.43978e-31
-1.44163e-31
-9.72534e-32
-1.70084e-32
5.34218e-32
6.03741e-32
-1.02104e-32
-1.56744e-31
-3.75047e-31
-4.47813e-31
-4.24616e-31
4.1075e-31
2.29617e-30
5.35958e-30
1.16708e-29
1.37745e-29
1.59694e-29
-1.70786e-30
-4.50765e-29
-9.70785e-29
-2.03308e-28
-1.94592e-28
-1.34451e-28
1.52912e-28
7.96481e-28
1.16118e-27
1.803e-27
1.04073e-27
-7.778e-28
-3.05375e-27
-7.5608e-27
-7.23184e-27
-5.95015e-27
1.72858e-27
1.6856e-26
2.2647e-26
3.30272e-26
1.66261e-26
-1.36338e-26
-4.10306e-26
-9.05195e-26
-7.13468e-26
-4.22197e-26
3.15449e-26
1.54599e-25
1.62709e-25
1.91971e-25
5.42845e-26
-1.45627e-25
-2.4159e-25
-4.15738e-25
-2.36552e-25
-3.16713e-26
2.19126e-25
5.89167e-25
4.55128e-25
3.83006e-25
-3.71125e-26
-5.44031e-25
-5.80078e-25
-7.54281e-25
-2.54607e-25
2.23599e-25
5.06819e-25
9.15264e-25
5.0683e-25
2.23615e-25
-2.54593e-25
-7.54275e-25
-5.80083e-25
-5.44043e-25
-3.71263e-26
3.82997e-25
4.55127e-25
5.89172e-25
2.19134e-25
-3.1665e-26
-2.36549e-25
-4.1574e-25
-2.41594e-25
-1.45631e-25
5.42814e-26
1.9197e-25
1.6271e-25
1.546e-25
3.15459e-26
-4.22193e-26
-7.13468e-26
-9.05195e-26
-4.10309e-26
-1.3634e-26
1.66259e-26
3.30269e-26
2.26467e-26
1.68557e-26
1.72847e-27
-5.95018e-27
-7.23179e-27
-7.56071e-27
-3.0537e-27
-7.77774e-28
1.04069e-27
1.80292e-27
1.16107e-27
7.96372e-28
1.52861e-28
-1.34437e-28
-1.94491e-28
-2.03155e-28
-9.69393e-29
-4.49964e-29
-1.74798e-30
1.58323e-29
1.35908e-29
1.15141e-29
5.3168e-30
2.37613e-30
5.97253e-31
-2.03891e-31
-2.80848e-31
-3.05577e-31
-2.10611e-31
-1.52583e-31
-1.09939e-31
-9.02494e-32
-7.46704e-32
-5.30503e-32
-1.17783e-32
4.22448e-32
8.53548e-32
9.7124e-32
6.31978e-32
-6.9514e-33
-7.76782e-32
-1.21712e-31
-1.12156e-31
-5.56397e-32
1.86721e-32
8.51329e-32
1.08109e-31
8.98767e-32
3.83702e-32
-2.58547e-32
-7.09765e-32
-9.08979e-32
-7.16897e-32
-2.45722e-32
3.08549e-32
7.76669e-32
8.90321e-32
6.03982e-32
1.89132e-33
-6.37844e-32
-1.0219e-31
-9.07008e-32
-3.5404e-32
4.52284e-32
1.08153e-31
1.18499e-31
7.74276e-32
-8.21191e-33
-8.70656e-32
-1.22796e-31
-1.04784e-31
-2.8229e-32
5.50726e-32
1.14442e-31
1.22623e-31
6.66891e-32
-1.37358e-32
-9.29788e-32
-1.29346e-31
-1.01066e-31
-2.62145e-32
7.11902e-32
1.41894e-31
1.49132e-31
8.76479e-32
-2.23483e-32
-1.30545e-31
-1.81823e-31
-1.51423e-31
-4.74012e-32
8.32747e-32
1.75521e-31
1.90158e-31
1.17854e-31
-2.8257e-33
-1.14163e-31
-1.68185e-31
-1.43965e-31
-6.42237e-32
3.35894e-32
1.01417e-31
1.19495e-31
8.86108e-32
2.70909e-32
-2.88574e-32
-6.77446e-32
-7.00841e-32
-4.60807e-32
-1.05535e-32
2.81605e-32
4.09471e-32
3.83087e-32
1.36816e-32
-1.62444e-32
-2.56935e-32
-2.43277e-32
5.56188e-33
3.21013e-32
3.91942e-32
2.8272e-32
-1.64133e-32
-5.13732e-32
-6.75368e-32
-5.29902e-32
-8.36576e-34
4.49436e-32
7.71929e-32
7.37676e-32
3.58413e-32
-2.99121e-33
-3.80973e-32
-4.84203e-32
-4.20109e-32
-3.89572e-32
-3.48646e-32
-3.64708e-32
-2.29718e-32
1.89891e-32
7.27296e-32
1.23697e-31
1.27449e-31
6.54049e-32
-4.13052e-32
-1.60544e-31
-2.18412e-31
-1.81588e-31
-5.87345e-32
1.12145e-31
2.34586e-31
2.58231e-31
1.63228e-31
-1.96426e-32
-1.89115e-31
-2.82292e-31
-2.44657e-31
-9.09656e-32
9.27704e-32
2.39088e-31
2.65071e-31
1.67427e-31
2.66696e-33
-1.65467e-31
-2.41277e-31
-2.07417e-31
-8.62613e-32
6.92703e-32
1.70117e-31
1.92879e-31
1.30243e-31
1.94399e-32
-7.4863e-32
-1.32814e-31
-1.29009e-31
-8.4534e-32
-2.88882e-32
2.86926e-32
6.12401e-32
7.88345e-32
7.80634e-32
5.74961e-32
2.9876e-32
-1.12659e-32
-4.70061e-32
-7.27851e-32
-8.18242e-32
-6.80165e-32
-4.16527e-32
-2.21106e-33
3.52686e-32
6.77634e-32
8.31802e-32
7.53189e-32
4.77721e-32
-2.53192e-33
-4.84815e-32
-8.54447e-32
-9.51154e-32
-7.12301e-32
-3.56011e-32
1.57302e-32
5.11443e-32
6.87e-32
7.08983e-32
4.5157e-32
1.75425e-32
-2.01591e-32
-5.36496e-32
-6.82426e-32
-7.15709e-32
-4.58623e-32
-8.99281e-33
3.0034e-32
6.14387e-32
6.44886e-32
4.84995e-32
1.30813e-32
-2.58797e-32
-5.26663e-32
-6.40116e-32
-5.23512e-32
-2.65507e-32
5.6821e-33
3.32343e-32
4.63246e-32
4.03035e-32
1.98311e-32
-5.20603e-33
-2.44744e-32
-2.49092e-32
-1.65643e-32
-3.00265e-33
1.1881e-33
-1.2022e-32
-2.32977e-32
-3.0383e-32
-1.04542e-32
2.87296e-32
6.1878e-32
7.58094e-32
4.10118e-32
-2.05814e-32
-8.30302e-32
-1.13349e-31
-8.13683e-32
-1.06949e-32
7.39106e-32
1.22152e-31
1.07765e-31
4.3353e-32
-4.63006e-32
-1.05094e-31
-1.10647e-31
-6.04501e-32
1.96144e-32
7.91076e-32
9.68201e-32
5.92671e-32
-6.97548e-33
-6.19849e-32
-8.27145e-32
-5.07783e-32
8.34516e-33
6.3661e-32
8.8166e-32
6.07917e-32
2.6158e-33
-6.17256e-32
-1.01302e-31
-9.03968e-32
-4.1113e-32
3.01363e-32
9.2568e-32
1.14848e-31
9.69578e-32
4.0759e-32
-3.10624e-32
-8.7374e-32
-1.18606e-31
-1.07699e-31
-6.19284e-32
5.16465e-34
6.9578e-32
1.14624e-31
1.26595e-31
9.91056e-32
3.18418e-32
-4.65247e-32
-1.17162e-31
-1.48428e-31
-1.23244e-31
-5.21446e-32
4.62374e-32
1.26821e-31
1.56566e-31
1.22042e-31
3.31266e-32
-6.70976e-32
-1.35968e-31
-1.42252e-31
-8.24178e-32
1.13861e-32
9.54634e-32
1.30917e-31
9.99934e-32
2.3713e-32
-6.138e-32
-1.14518e-31
-1.06138e-31
-4.94054e-32
3.25159e-32
9.72999e-32
1.08917e-31
7.42055e-32
-2.94156e-34
-6.92866e-32
-9.83104e-32
-8.61718e-32
-2.43811e-32
4.01016e-32
8.2484e-32
9.05338e-32
4.76261e-32
-4.02188e-33
-5.2809e-32
-7.5668e-32
-5.65501e-32
-2.38943e-32
2.07579e-32
5.10845e-32
5.62605e-32
4.7748e-32
2.29825e-32
6.3693e-34
-1.27548e-32
-2.02734e-32
-1.84908e-32
-1.62656e-32
-1.82542e-32
-1.72215e-32
-1.72032e-32
-7.44135e-33
1.53969e-32
3.93845e-32
6.8676e-32
7.7436e-32
6.37281e-32
2.89356e-32
-2.87248e-32
-7.18944e-32
-9.71526e-32
-8.1656e-32
-2.74385e-32
3.75154e-32
1.01711e-31
1.26243e-31
1.12116e-31
6.14582e-32
-9.55442e-34
-4.86574e-32
-6.77867e-32
-4.50382e-32
-1.27916e-32
3.76053e-32
5.96873e-32
6.20736e-32
5.68571e-32
1.38893e-32
6.37663e-33
-2.41847e-32
-2.84579e-32
-6.58627e-33
)
;

boundaryField
{
    left
    {
        type            calculated;
        value           uniform 0;
    }
    right
    {
        type            calculated;
        value           uniform 0;
    }
    empty
    {
        type            empty;
        value           nonuniform List<scalar> 0();
    }
}


// ************************************************************************* //
