/*--------------------------------*- C++ -*----------------------------------*\
| =========                 |                                                 |
| \\      /  F ield         | OpenFOAM: The Open Source CFD Toolbox           |
|  \\    /   O peration     | Version:  2106                                  |
|   \\  /    A nd           | Website:  www.openfoam.com                      |
|    \\/     M anipulation  |                                                 |
\*---------------------------------------------------------------------------*/
FoamFile
{
    version     2.0;
    format      ascii;
    arch        "LSB;label=32;scalar=64";
    class       surfaceScalarField;
    location    "0.114";
    object      phi;
}
// * * * * * * * * * * * * * * * * * * * * * * * * * * * * * * * * * * * * * //

dimensions      [0 3 -1 0 0 0 0];

oriented        oriented;

internalField   nonuniform List<scalar> 
799
(
1.67037e-32
4.34028e-32
5.54608e-32
4.34884e-32
1.71169e-32
-5.0834e-32
-1.11523e-31
-1.58703e-31
-1.70049e-31
-1.33578e-31
-7.90673e-32
-1.80738e-32
1.91162e-32
2.75743e-32
4.70442e-33
-3.58061e-32
-8.79789e-32
-1.41612e-31
-1.82857e-31
-2.11745e-31
-2.04489e-31
-1.69251e-31
-1.08926e-31
-3.89926e-32
7.74886e-34
9.05638e-33
-3.34186e-32
-1.0485e-31
-1.71947e-31
-2.25332e-31
-2.28969e-31
-2.02457e-31
-1.56912e-31
-1.02643e-31
-7.85277e-32
-6.82164e-32
-8.61746e-32
-1.24826e-31
-1.55451e-31
-1.92883e-31
-2.0258e-31
-1.90812e-31
-1.68044e-31
-1.22014e-31
-9.74383e-32
-8.77878e-32
-1.04326e-31
-1.53899e-31
-1.9445e-31
-2.31319e-31
-2.33811e-31
-2.00511e-31
-1.57855e-31
-1.04055e-31
-8.01226e-32
-8.67416e-32
-1.20285e-31
-1.79796e-31
-2.25603e-31
-2.51136e-31
-2.38335e-31
-1.85532e-31
-1.23761e-31
-6.91443e-32
-5.66299e-32
-9.76567e-32
-1.71718e-31
-2.55484e-31
-3.01142e-31
-2.83837e-31
-2.12649e-31
-1.11076e-31
-3.47879e-32
-1.83896e-32
-6.55749e-32
-1.59434e-31
-2.46004e-31
-2.90671e-31
-2.79179e-31
-2.19917e-31
-1.53646e-31
-1.04593e-31
-8.91659e-32
-1.04096e-31
-1.28122e-31
-1.53956e-31
-1.73415e-31
-1.9142e-31
-2.11581e-31
-2.23692e-31
-2.21567e-31
-1.90277e-31
-1.37544e-31
-8.396e-32
-5.11139e-32
-6.9821e-32
-1.28224e-31
-2.09808e-31
-2.78971e-31
-2.9213e-31
-2.56647e-31
-1.7066e-31
-7.96131e-32
-2.6155e-32
-1.68948e-32
-7.46102e-32
-1.53638e-31
-2.27185e-31
-2.70877e-31
-2.53631e-31
-2.09545e-31
-1.46537e-31
-9.96488e-32
-9.08196e-32
-1.02021e-31
-1.32402e-31
-1.49005e-31
-1.46268e-31
-1.33291e-31
-1.19161e-31
-1.28844e-31
-1.59101e-31
-2.00395e-31
-2.30976e-31
-2.29317e-31
-1.94406e-31
-1.34802e-31
-7.51037e-32
-3.70526e-32
-3.14542e-32
-6.11639e-32
-1.13305e-31
-1.74036e-31
-2.29135e-31
-2.60775e-31
-2.63289e-31
-2.29349e-31
-1.64987e-31
-9.10233e-32
-2.60232e-32
-5.14958e-34
-2.28583e-32
-8.58457e-32
-1.69823e-31
-2.34447e-31
-2.6073e-31
-2.37022e-31
-1.76566e-31
-1.13627e-31
-7.01084e-32
-6.91193e-32
-1.03487e-31
-1.50285e-31
-1.87173e-31
-1.87492e-31
-1.54389e-31
-1.03377e-31
-6.14432e-32
-5.84098e-32
-9.82224e-32
-1.69104e-31
-2.35708e-31
-2.62405e-31
-2.31252e-31
-1.50806e-31
-6.11844e-32
-2.82796e-33
-1.047e-32
-7.66911e-32
-1.66364e-31
-2.36835e-31
-2.43423e-31
-1.96714e-31
-1.18915e-31
-5.58911e-32
-4.91202e-32
-8.47138e-32
-1.53197e-31
-2.02393e-31
-2.04131e-31
-1.67445e-31
-9.60191e-32
-4.60824e-32
-3.21482e-32
-6.07044e-32
-1.27533e-31
-1.82929e-31
-2.18783e-31
-2.1047e-31
-1.6275e-31
-1.06718e-31
-5.00762e-32
-2.63085e-32
-3.40765e-32
-6.48271e-32
-1.12542e-31
-1.49282e-31
-1.72611e-31
-1.75461e-31
-1.56879e-31
-1.29415e-31
-9.29344e-32
-5.81763e-32
-3.46216e-32
-2.62904e-32
-4.36524e-32
-8.14262e-32
-1.25766e-31
-1.60212e-31
-1.61044e-31
-1.24608e-31
-6.39362e-32
-4.00383e-33
1.99198e-32
-5.50771e-33
-7.00798e-32
-1.41928e-31
-1.75547e-31
-1.45696e-31
-5.90177e-32
4.82333e-32
1.19575e-31
1.14575e-31
3.32415e-32
-9.03634e-32
-1.89298e-31
-2.08124e-31
-1.34665e-31
8.3541e-33
1.49499e-31
2.25471e-31
2.08354e-31
1.03229e-31
-2.45065e-32
-1.15249e-31
-1.27036e-31
-4.73335e-32
7.56672e-32
1.96129e-31
2.65524e-31
2.59624e-31
2.03049e-31
1.24871e-31
7.02177e-32
6.78108e-32
1.14899e-31
1.94477e-31
2.72257e-31
3.19241e-31
3.2604e-31
3.06918e-31
2.8607e-31
2.9403e-31
3.41561e-31
4.09863e-31
4.76973e-31
5.0683e-31
4.9199e-31
4.57079e-31
4.29866e-31
4.53961e-31
5.37142e-31
6.536e-31
7.70791e-31
8.41923e-31
8.54692e-31
8.31602e-31
8.00296e-31
8.02872e-31
8.53732e-31
9.35259e-31
1.03491e-30
1.12201e-30
1.18976e-30
1.25221e-30
1.3067e-30
1.37145e-30
1.43956e-30
1.50137e-30
1.56713e-30
1.62907e-30
1.70366e-30
1.79269e-30
1.88484e-30
1.97922e-30
2.06258e-30
2.14592e-30
2.24568e-30
2.37374e-30
2.53186e-30
2.69642e-30
2.83634e-30
2.92727e-30
2.97687e-30
3.01706e-30
3.09958e-30
3.25944e-30
3.49025e-30
3.75857e-30
3.99826e-30
4.17113e-30
4.27474e-30
4.3414e-30
4.43863e-30
4.60097e-30
4.84027e-30
5.12593e-30
5.40237e-30
5.64356e-30
5.83573e-30
6.00989e-30
6.20532e-30
6.44004e-30
6.72304e-30
7.02245e-30
7.31313e-30
7.58299e-30
7.83159e-30
8.09289e-30
8.38458e-30
8.71799e-30
9.08707e-30
9.45697e-30
9.81379e-30
1.01431e-29
1.04567e-29
1.07896e-29
1.11566e-29
1.158e-29
1.20438e-29
1.25161e-29
1.29771e-29
1.33946e-29
1.37864e-29
1.41775e-29
1.45983e-29
1.50912e-29
1.56441e-29
1.6244e-29
1.68472e-29
1.74011e-29
1.78909e-29
1.83194e-29
1.86897e-29
1.92205e-29
1.98611e-29
2.13289e-29
2.38606e-29
2.75853e-29
3.45714e-29
3.73646e-29
4.02622e-29
2.33014e-29
-1.93381e-29
-7.05988e-29
-1.76075e-28
-1.66596e-28
-1.05682e-28
1.82463e-28
8.26821e-28
1.19232e-27
1.83493e-27
1.07347e-27
-7.44266e-28
-3.01942e-27
-7.52567e-27
-7.19592e-27
-5.91345e-27
1.76605e-27
1.68942e-26
2.2686e-26
3.30669e-26
1.66665e-26
-1.35927e-26
-4.09889e-26
-9.04771e-26
-7.13039e-26
-4.21762e-26
3.15889e-26
1.54644e-25
1.62754e-25
1.92017e-25
5.43303e-26
-1.45581e-25
-2.41543e-25
-4.15692e-25
-2.36504e-25
-3.16239e-26
2.19173e-25
5.89215e-25
4.55176e-25
3.83054e-25
-3.70644e-26
-5.43982e-25
-5.8003e-25
-7.54232e-25
-2.54558e-25
2.23648e-25
5.06868e-25
9.15312e-25
5.06878e-25
2.23663e-25
-2.54545e-25
-7.54227e-25
-5.80035e-25
-5.43995e-25
-3.70785e-26
3.83045e-25
4.55174e-25
5.89219e-25
2.19181e-25
-3.16182e-26
-2.36503e-25
-4.15694e-25
-2.41548e-25
-1.45586e-25
5.43266e-26
1.92015e-25
1.62754e-25
1.54644e-25
3.15892e-26
-4.21765e-26
-7.13046e-26
-9.04779e-26
-4.09899e-26
-1.35936e-26
1.66655e-26
3.30659e-26
2.2685e-26
1.68932e-26
1.76526e-27
-5.91415e-27
-7.19654e-27
-7.52623e-27
-3.02001e-27
-7.44869e-28
1.07281e-27
1.83425e-27
1.19162e-27
8.26136e-28
1.81851e-28
-1.06213e-28
-1.67027e-28
-1.76439e-28
-7.09614e-29
-1.97449e-29
2.27892e-29
3.9668e-29
3.67383e-29
3.39868e-29
2.7129e-29
2.35415e-29
2.11304e-29
1.97108e-29
1.90302e-29
1.84155e-29
1.79351e-29
1.74313e-29
1.69264e-29
1.64118e-29
1.59069e-29
1.54211e-29
1.49683e-29
1.45409e-29
1.41154e-29
1.36709e-29
1.31929e-29
1.26906e-29
1.21995e-29
1.17466e-29
1.13585e-29
1.10285e-29
1.0727e-29
1.04283e-29
1.00964e-29
9.73352e-30
9.34725e-30
8.95801e-30
8.59735e-30
8.2712e-30
7.99326e-30
7.75213e-30
7.52797e-30
7.3037e-30
7.05226e-30
6.76892e-30
6.4636e-30
6.15884e-30
5.88887e-30
5.67613e-30
5.51436e-30
5.38491e-30
5.24457e-30
5.05828e-30
4.82704e-30
4.55754e-30
4.30095e-30
4.09345e-30
3.9455e-30
3.86174e-30
3.79022e-30
3.70011e-30
3.564e-30
3.36883e-30
3.15406e-30
2.94523e-30
2.78391e-30
2.69172e-30
2.65045e-30
2.63596e-30
2.59886e-30
2.50227e-30
2.34081e-30
2.13456e-30
1.93373e-30
1.79332e-30
1.73798e-30
1.75954e-30
1.81093e-30
1.82696e-30
1.76836e-30
1.62567e-30
1.43739e-30
1.26114e-30
1.14479e-30
1.10917e-30
1.1315e-30
1.17423e-30
1.18922e-30
1.15664e-30
1.07718e-30
9.69112e-31
8.68558e-31
7.86938e-31
7.43667e-31
7.28481e-31
7.26494e-31
7.293e-31
7.07728e-31
6.72217e-31
6.16147e-31
5.5615e-31
5.17954e-31
4.91846e-31
4.95476e-31
4.96925e-31
4.80049e-31
4.46242e-31
3.79705e-31
3.23887e-31
2.87819e-31
2.83374e-31
3.17409e-31
3.45915e-31
3.61694e-31
3.42573e-31
2.89684e-31
2.36597e-31
1.87914e-31
1.64659e-31
1.58758e-31
1.50093e-31
1.43032e-31
1.30816e-31
1.34219e-31
1.6658e-31
2.11192e-31
2.53483e-31
2.4899e-31
1.79113e-31
6.49595e-32
-6.13461e-32
-1.25924e-31
-9.54659e-32
2.13498e-32
1.86498e-31
3.03504e-31
3.22e-31
2.22115e-31
3.46169e-32
-1.39239e-31
-2.36569e-31
-2.02869e-31
-5.29044e-32
1.27309e-31
2.70292e-31
2.93123e-31
1.92492e-31
2.49032e-32
-1.45903e-31
-2.24238e-31
-1.92768e-31
-7.38718e-32
7.95247e-32
1.7835e-31
1.99207e-31
1.34764e-31
2.22565e-32
-7.36593e-32
-1.33127e-31
-1.30754e-31
-8.76306e-32
-3.32674e-32
2.31074e-32
5.45234e-32
7.10503e-32
6.92763e-32
4.77605e-32
1.92473e-32
-2.27365e-32
-5.9267e-32
-8.57874e-32
-9.55242e-32
-8.23707e-32
-5.66193e-32
-1.77486e-32
1.92036e-32
5.12124e-32
6.61798e-32
5.79013e-32
2.99738e-32
-2.06814e-32
-6.69516e-32
-1.04206e-31
-1.14141e-31
-9.04909e-32
-5.50688e-32
-3.91806e-33
3.13383e-32
4.87651e-32
5.08536e-32
2.50356e-32
-2.63461e-33
-4.03588e-32
-7.38478e-32
-8.84182e-32
-9.17044e-32
-6.59338e-32
-2.89824e-32
1.01487e-32
4.16813e-32
4.48779e-32
2.90596e-32
-6.1705e-33
-4.49238e-32
-7.14874e-32
-8.25983e-32
-7.06854e-32
-4.46169e-32
-1.21015e-32
1.57505e-32
2.91477e-32
2.34505e-32
3.31621e-33
-2.13718e-32
-4.02745e-32
-4.03332e-32
-3.16046e-32
-1.7653e-32
-1.30649e-32
-2.58661e-32
-3.67251e-32
-4.33921e-32
-2.30359e-32
1.65747e-32
5.01494e-32
6.45126e-32
3.01513e-32
-3.09995e-32
-9.30029e-32
-1.22879e-31
-9.04608e-32
-1.93511e-32
6.56953e-32
1.14372e-31
1.00424e-31
3.64482e-32
-5.2766e-32
-1.11121e-31
-1.16236e-31
-6.56035e-32
1.48974e-32
7.48216e-32
9.29592e-32
5.58269e-32
-9.99678e-33
-6.45909e-32
-8.49112e-32
-5.25659e-32
6.96089e-33
6.26815e-32
8.75901e-32
6.06171e-32
2.84338e-33
-6.10997e-32
-1.00277e-31
-8.89757e-32
-3.92963e-32
3.23511e-32
9.51786e-32
1.17856e-31
1.00365e-31
4.4568e-32
-2.68524e-32
-8.27608e-32
-1.13586e-31
-1.02273e-31
-5.60965e-32
6.76008e-33
7.6233e-32
1.21693e-31
1.34083e-31
1.07017e-31
4.01842e-32
-3.77452e-32
-1.07937e-31
-1.38753e-31
-1.13103e-31
-4.15279e-32
5.7334e-32
1.38402e-31
1.68642e-31
1.34619e-31
4.62166e-32
-5.34912e-32
-1.21836e-31
-1.27596e-31
-6.7224e-32
2.71219e-32
1.11748e-31
1.47755e-31
1.17391e-31
4.16746e-32
-4.28534e-32
-9.54223e-32
-8.64758e-32
-2.91696e-32
5.33249e-32
1.18685e-31
1.30882e-31
9.67524e-32
2.28313e-32
-4.55808e-32
-7.40294e-32
-6.13228e-32
1.03519e-33
6.60872e-32
1.09032e-31
1.17634e-31
7.52685e-32
2.41524e-32
-2.41127e-32
-4.64578e-32
-2.68366e-32
6.31118e-33
5.14321e-32
8.22071e-32
8.78089e-32
7.97019e-32
5.53233e-32
3.33349e-32
2.02674e-32
1.30422e-32
1.50807e-32
1.75212e-32
1.57091e-32
1.68753e-32
1.69775e-32
2.67716e-32
4.95859e-32
7.34923e-32
1.0264e-31
1.11193e-31
9.72103e-32
6.20736e-32
3.99442e-33
-3.96742e-32
-6.55061e-32
-5.06618e-32
2.82269e-33
6.69618e-32
1.30255e-31
1.53804e-31
1.38607e-31
8.67887e-32
2.31307e-32
-2.58965e-32
-4.64322e-32
-2.51657e-32
5.52802e-33
5.43067e-32
7.4705e-32
7.5349e-32
6.83374e-32
2.35286e-32
1.41353e-32
-1.83362e-32
-2.45434e-32
-4.62423e-33
)
;

boundaryField
{
    left
    {
        type            calculated;
        value           uniform 0;
    }
    right
    {
        type            calculated;
        value           uniform 0;
    }
    empty
    {
        type            empty;
        value           nonuniform List<scalar> 0();
    }
}


// ************************************************************************* //
