/*--------------------------------*- C++ -*----------------------------------*\
| =========                 |                                                 |
| \\      /  F ield         | OpenFOAM: The Open Source CFD Toolbox           |
|  \\    /   O peration     | Version:  2106                                  |
|   \\  /    A nd           | Website:  www.openfoam.com                      |
|    \\/     M anipulation  |                                                 |
\*---------------------------------------------------------------------------*/
FoamFile
{
    version     2.0;
    format      ascii;
    arch        "LSB;label=32;scalar=64";
    class       surfaceScalarField;
    location    "0.036";
    object      phi;
}
// * * * * * * * * * * * * * * * * * * * * * * * * * * * * * * * * * * * * * //

dimensions      [0 3 -1 0 0 0 0];

oriented        oriented;

internalField   nonuniform List<scalar> 
799
(
1.92352e-32
4.84657e-32
6.30486e-32
5.35943e-32
2.97293e-32
-3.57215e-32
-9.39177e-32
-1.38622e-31
-1.47503e-31
-1.08588e-31
-5.1649e-32
1.17526e-32
5.13333e-32
6.21599e-32
4.16365e-32
3.44617e-33
-4.643e-32
-9.77966e-32
-1.36808e-31
-1.63492e-31
-1.54059e-31
-1.1668e-31
-5.4251e-32
1.77562e-32
5.95549e-32
6.98379e-32
2.9326e-32
-4.01797e-32
-1.05396e-31
-1.56945e-31
-1.58787e-31
-1.30516e-31
-8.32453e-32
-2.72989e-32
-1.54766e-33
1.0357e-32
-6.05022e-33
-4.31944e-32
-7.23548e-32
-1.08365e-31
-1.16683e-31
-1.03581e-31
-7.95213e-32
-3.22428e-32
-6.46099e-33
4.35591e-33
-1.10591e-32
-5.95489e-32
-9.90575e-32
-1.34926e-31
-1.36459e-31
-1.02239e-31
-5.87025e-32
-4.0611e-33
2.06743e-32
1.48214e-32
-1.79939e-32
-7.6813e-32
-1.21964e-31
-1.46876e-31
-1.33493e-31
-8.01382e-32
-1.78465e-32
3.72573e-32
5.02261e-32
9.62739e-33
-6.40387e-32
-1.47439e-31
-1.92762e-31
-1.75148e-31
-1.03681e-31
-1.84844e-33
7.46697e-32
9.1277e-32
4.42753e-32
-4.9426e-32
-1.35859e-31
-1.80411e-31
-1.68824e-31
-1.09489e-31
-4.31611e-32
5.92788e-33
2.13746e-32
6.44961e-33
-1.75924e-32
-4.34598e-32
-6.29614e-32
-8.10282e-32
-1.01265e-31
-1.13466e-31
-1.11438e-31
-8.02601e-32
-2.76557e-32
2.57939e-32
5.84926e-32
3.96335e-32
-1.89367e-32
-1.00693e-31
-1.70036e-31
-1.83383e-31
-1.48094e-31
-6.23099e-32
2.8529e-32
8.17723e-32
9.08151e-32
3.28734e-32
-4.6381e-32
-1.20159e-31
-1.64078e-31
-1.4707e-31
-1.0323e-31
-4.04694e-32
6.17501e-33
1.47544e-32
3.30173e-33
-2.73301e-32
-4.41835e-32
-4.17004e-32
-2.89776e-32
-1.51033e-32
-2.5042e-32
-5.55541e-32
-9.71045e-32
-1.27943e-31
-1.2654e-31
-9.18819e-32
-3.25272e-32
2.69194e-32
6.47192e-32
7.00664e-32
4.01051e-32
-1.22868e-32
-7.32643e-32
-1.28608e-31
-1.60495e-31
-1.63256e-31
-1.29568e-31
-6.54562e-32
8.25866e-33
7.30104e-32
9.82711e-32
7.56801e-32
1.24447e-32
-7.17802e-32
-1.36654e-31
-1.63184e-31
-1.39729e-31
-7.95229e-32
-1.68366e-32
2.64274e-32
2.71628e-32
-7.45997e-33
-5.45175e-32
-9.16713e-32
-9.22566e-32
-5.9421e-32
-8.68624e-33
3.2968e-32
3.5714e-32
-4.39052e-33
-7.55698e-32
-1.42474e-31
-1.69483e-31
-1.38647e-31
-5.85248e-32
3.07607e-32
8.87726e-32
8.0777e-32
1.41887e-32
-7.58606e-32
-1.46722e-31
-1.53714e-31
-1.07426e-31
-3.00598e-32
3.25211e-32
3.88286e-32
2.75235e-33
-6.624e-32
-1.15963e-31
-1.18252e-31
-8.21447e-32
-1.13201e-32
3.79845e-32
5.12602e-32
2.20173e-32
-4.55332e-32
-1.01683e-31
-1.38331e-31
-1.30852e-31
-8.40036e-32
-2.8895e-32
2.67852e-32
4.95325e-32
4.06894e-32
8.80962e-33
-4.00924e-32
-7.80817e-32
-1.02726e-31
-1.06959e-31
-8.98367e-32
-6.3913e-32
-2.90582e-32
3.98306e-33
2.573e-32
3.21517e-32
1.27726e-32
-2.71288e-32
-7.3715e-32
-1.10534e-31
-1.13871e-31
-8.00796e-32
-2.21971e-32
3.47856e-32
5.55962e-32
2.68834e-32
-4.11547e-32
-1.16663e-31
-1.54147e-31
-1.28375e-31
-4.60026e-32
5.67051e-32
1.23255e-31
1.13203e-31
2.65286e-32
-1.02704e-31
-2.07567e-31
-2.32652e-31
-1.65791e-31
-2.9724e-32
1.0409e-31
1.72342e-31
1.47092e-31
3.33994e-32
-1.03358e-31
-2.03599e-31
-2.25382e-31
-1.56203e-31
-4.42716e-32
6.45442e-32
1.21693e-31
1.02917e-31
3.28093e-32
-5.95946e-32
-1.29193e-31
-1.47302e-31
-1.16702e-31
-5.44376e-32
5.17142e-33
3.30899e-32
1.98822e-32
-2.02178e-32
-6.30712e-32
-7.81724e-32
-5.48168e-32
-1.18385e-32
2.87479e-32
3.08269e-32
-1.30971e-32
-7.84516e-32
-1.37517e-31
-1.46738e-31
-9.84e-32
-1.83716e-32
6.07478e-32
9.20956e-32
6.33029e-32
-3.19763e-33
-7.98238e-32
-1.24547e-31
-1.2304e-31
-9.29968e-32
-4.70333e-32
-1.59031e-32
-6.48572e-33
-4.80702e-33
-1.3629e-32
-1.47905e-32
-1.52999e-32
-2.48926e-32
-3.34148e-32
-4.87317e-32
-5.44617e-32
-4.89126e-32
-4.349e-32
-3.91897e-32
-4.93595e-32
-6.31058e-32
-6.40791e-32
-4.05152e-32
9.26327e-33
6.15284e-32
8.5078e-32
5.54743e-32
-1.97257e-32
-1.08713e-31
-1.59854e-31
-1.38234e-31
-5.03405e-32
7.02671e-32
1.57368e-31
1.7266e-31
1.13604e-31
1.24162e-32
-6.34594e-32
-7.95947e-32
-2.42238e-32
7.19816e-32
1.53346e-31
1.93769e-31
1.79415e-31
1.41206e-31
1.18378e-31
1.28888e-31
1.81662e-31
2.44804e-31
2.93123e-31
3.14488e-31
3.08455e-31
3.08954e-31
3.33672e-31
3.9393e-31
4.83692e-31
5.68122e-31
6.33349e-31
6.64994e-31
6.74828e-31
6.98107e-31
7.49468e-31
8.51402e-31
9.88038e-31
1.12751e-30
1.2502e-30
1.32396e-30
1.36682e-30
1.40381e-30
1.46564e-30
1.59479e-30
1.77936e-30
2.00653e-30
2.23292e-30
2.40607e-30
2.51146e-30
2.55209e-30
2.53145e-30
2.66841e-30
2.91254e-30
3.98166e-30
6.11268e-30
9.43501e-30
1.60176e-29
1.84061e-29
2.08986e-29
3.53234e-30
-3.95124e-29
-9.11778e-29
-1.97058e-28
-1.87982e-28
-1.27468e-28
1.60278e-28
8.0424e-28
1.16934e-27
1.81157e-27
1.04972e-27
-7.68398e-28
-3.04393e-27
-7.55055e-27
-7.22117e-27
-5.93906e-27
1.74009e-27
1.68679e-26
2.26593e-26
3.30399e-26
1.66392e-26
-1.36204e-26
-4.10169e-26
-9.05053e-26
-7.13324e-26
-4.2205e-26
3.15599e-26
1.54614e-25
1.62725e-25
1.91987e-25
5.43002e-26
-1.45611e-25
-2.41574e-25
-4.15722e-25
-2.36535e-25
-3.16549e-26
2.19142e-25
5.89184e-25
4.55144e-25
3.83022e-25
-3.70961e-26
-5.44014e-25
-5.80061e-25
-7.54264e-25
-2.5459e-25
2.23616e-25
5.06836e-25
9.1528e-25
5.06846e-25
2.23631e-25
-2.54577e-25
-7.54259e-25
-5.80067e-25
-5.44026e-25
-3.711e-26
3.83013e-25
4.55143e-25
5.89188e-25
2.1915e-25
-3.1649e-26
-2.36533e-25
-4.15724e-25
-2.41579e-25
-1.45616e-25
5.42968e-26
1.91985e-25
1.62725e-25
1.54614e-25
3.15604e-26
-4.2205e-26
-7.13328e-26
-9.05058e-26
-4.10176e-26
-1.3621e-26
1.66385e-26
3.30392e-26
2.26586e-26
1.68672e-26
1.73959e-27
-5.93946e-27
-7.22148e-27
-7.5508e-27
-3.04421e-27
-7.68689e-28
1.04937e-27
1.8112e-27
1.16896e-27
8.0387e-28
1.5998e-28
-1.27686e-28
-1.881e-28
-1.97112e-28
-9.12325e-29
-3.96137e-29
3.32285e-30
2.06039e-29
1.80759e-29
1.57252e-29
9.26705e-30
6.0775e-30
4.0626e-30
3.03691e-30
2.74778e-30
2.52168e-30
2.42694e-30
2.30537e-30
2.1792e-30
2.03949e-30
1.90554e-30
1.78631e-30
1.69566e-30
1.62574e-30
1.55293e-30
1.45604e-30
1.32061e-30
1.15555e-30
9.96272e-31
8.69634e-31
8.02207e-31
7.87065e-31
7.94691e-31
7.99202e-31
7.64611e-31
6.93005e-31
5.91982e-31
4.81928e-31
3.94361e-31
3.35222e-31
3.18185e-31
3.31862e-31
3.56436e-31
3.74842e-31
3.60054e-31
3.07382e-31
2.26786e-31
1.40834e-31
8.38321e-32
7.82906e-32
1.1799e-31
1.84361e-31
2.34259e-31
2.32726e-31
1.80826e-31
8.53285e-32
-2.49769e-33
-4.63833e-32
-3.57757e-32
3.4058e-32
1.11268e-31
1.65117e-31
1.68304e-31
1.07851e-31
2.33429e-32
-5.95846e-32
-9.92772e-32
-7.39918e-32
-1.83791e-33
9.31307e-32
1.61652e-31
1.66924e-31
1.03672e-31
-7.92039e-33
-1.17549e-31
-1.70111e-31
-1.40864e-31
-3.78769e-32
9.18706e-32
1.83282e-31
1.97167e-31
1.2418e-31
2.88476e-33
-1.09002e-31
-1.6353e-31
-1.39771e-31
-6.04441e-32
3.69884e-32
1.04473e-31
1.22236e-31
9.10611e-32
2.92756e-32
-2.69194e-32
-6.60353e-32
-6.85866e-32
-4.47807e-32
-9.43781e-33
2.90947e-32
4.17084e-32
3.88985e-32
1.41044e-32
-1.59884e-32
-2.55991e-32
-2.43916e-32
5.34069e-33
3.17186e-32
3.86495e-32
2.75731e-32
-1.72664e-32
-5.23808e-32
-6.86995e-32
-5.4306e-32
-2.30735e-33
4.33197e-32
7.54211e-32
7.18507e-32
3.37751e-32
-5.20603e-33
-4.04566e-32
-5.0924e-32
-4.4656e-32
-4.17475e-32
-3.77971e-32
-3.95463e-32
-2.61909e-32
1.56304e-32
6.9234e-32
1.20068e-31
1.23689e-31
6.15184e-32
-4.5318e-32
-1.64681e-31
-2.22674e-31
-1.85961e-31
-6.32076e-32
1.07569e-31
2.29914e-31
2.53468e-31
1.58378e-31
-2.45765e-32
-1.94131e-31
-2.87385e-31
-2.49823e-31
-9.61987e-32
8.74711e-32
2.33727e-31
2.59651e-31
1.61948e-31
-2.87122e-33
-1.71059e-31
-2.46921e-31
-2.13116e-31
-9.20192e-32
6.34556e-32
1.64249e-31
1.86957e-31
1.2426e-31
1.33973e-32
-8.09643e-32
-1.38971e-31
-1.35226e-31
-9.08083e-32
-3.52272e-32
2.22987e-32
5.47852e-32
7.23217e-32
7.14911e-32
5.08661e-32
2.31834e-32
-1.80217e-32
-5.38239e-32
-7.9665e-32
-8.87666e-32
-7.50206e-32
-4.87185e-32
-9.34226e-33
2.80855e-32
6.0528e-32
7.5891e-32
6.79778e-32
4.03843e-32
-9.96354e-33
-5.59558e-32
-9.29577e-32
-1.02663e-31
-7.88066e-32
-4.31973e-32
8.12126e-33
4.35247e-32
6.10776e-32
6.32728e-32
3.75361e-32
9.93659e-33
-2.77394e-32
-6.11998e-32
-7.57568e-32
-7.90429e-32
-5.32862e-32
-1.63599e-32
2.2732e-32
5.42089e-32
5.73385e-32
4.14434e-32
6.12686e-33
-3.27288e-32
-5.94021e-32
-7.06275e-32
-5.88398e-32
-3.29063e-32
-5.36261e-34
2.71586e-32
4.03949e-32
3.45262e-32
1.42098e-32
-1.06633e-32
-2.97616e-32
-3.00249e-32
-2.15055e-32
-7.76693e-33
-3.39803e-33
-1.64276e-32
-2.75212e-32
-3.44275e-32
-1.43211e-32
2.5038e-32
5.83512e-32
7.24556e-32
3.78295e-32
-2.35919e-32
-8.58664e-32
-1.16016e-31
-8.38697e-32
-1.30346e-32
7.17289e-32
1.20122e-31
1.05885e-31
4.16166e-32
-4.7897e-32
-1.06554e-31
-1.11977e-31
-6.16553e-32
1.85326e-32
7.81408e-32
9.59625e-32
5.85094e-32
-7.63752e-33
-6.25566e-32
-8.32008e-32
-5.11846e-32
8.01172e-33
6.33977e-32
8.79698e-32
6.06593e-32
2.54132e-33
-6.17497e-32
-1.01278e-31
-9.03299e-32
-4.10022e-32
3.02868e-32
9.27621e-32
1.15085e-31
9.72391e-32
4.1087e-32
-3.06877e-32
-8.69497e-32
-1.18129e-31
-1.07167e-31
-6.13416e-32
1.15805e-33
7.02761e-32
1.15384e-31
1.2742e-31
9.99964e-32
3.2801e-32
-4.54881e-32
-1.16038e-31
-1.4721e-31
-1.21919e-31
-5.07061e-32
4.77992e-32
1.28515e-31
1.58399e-31
1.24025e-31
3.52776e-32
-6.47714e-32
-1.33461e-31
-1.39555e-31
-7.95155e-32
1.45025e-32
9.88033e-32
1.34491e-31
1.03814e-31
2.77883e-32
-5.70406e-32
-1.09903e-31
-1.01241e-31
-4.42114e-32
3.80176e-32
1.03121e-31
1.15071e-31
8.0701e-32
6.54741e-33
-6.2086e-32
-9.07436e-32
-7.82289e-32
-1.60484e-32
4.88381e-32
9.16291e-32
1.00093e-31
5.76064e-32
6.38566e-33
-4.19636e-32
-6.43772e-32
-4.48155e-32
-1.17106e-32
3.33893e-32
6.41666e-32
6.97894e-32
6.17185e-32
3.73879e-32
1.54719e-32
2.4992e-33
-4.6117e-33
-2.43337e-33
1.68613e-34
-1.46025e-33
-8.91495e-35
2.41494e-34
1.0288e-32
3.33758e-32
5.75755e-32
8.704e-32
9.59349e-32
8.23148e-32
4.75607e-32
-1.01179e-32
-5.33633e-32
-7.8748e-32
-6.34451e-32
-9.48445e-33
5.51501e-32
1.18958e-31
1.43036e-31
1.28381e-31
7.71222e-32
1.40405e-32
-3.43983e-32
-5.43293e-32
-3.24444e-32
-1.12471e-33
4.82837e-32
6.93245e-32
7.06169e-32
6.42659e-32
2.01269e-32
1.14089e-32
-2.0384e-32
-2.59096e-32
-5.30914e-33
)
;

boundaryField
{
    left
    {
        type            calculated;
        value           uniform 0;
    }
    right
    {
        type            calculated;
        value           uniform 0;
    }
    empty
    {
        type            empty;
        value           nonuniform List<scalar> 0();
    }
}


// ************************************************************************* //
