/*--------------------------------*- C++ -*----------------------------------*\
| =========                 |                                                 |
| \\      /  F ield         | OpenFOAM: The Open Source CFD Toolbox           |
|  \\    /   O peration     | Version:  2106                                  |
|   \\  /    A nd           | Website:  www.openfoam.com                      |
|    \\/     M anipulation  |                                                 |
\*---------------------------------------------------------------------------*/
FoamFile
{
    version     2.0;
    format      ascii;
    arch        "LSB;label=32;scalar=64";
    class       surfaceScalarField;
    location    "0.05";
    object      phi;
}
// * * * * * * * * * * * * * * * * * * * * * * * * * * * * * * * * * * * * * //

dimensions      [0 3 -1 0 0 0 0];

oriented        oriented;

internalField   nonuniform List<scalar> 
799
(
1.86153e-32
4.7221e-32
6.11829e-32
5.11101e-32
2.66262e-32
-3.94409e-32
-9.8257e-32
-1.43569e-31
-1.53055e-31
-1.14733e-31
-5.83816e-32
4.43961e-33
4.34456e-32
5.3705e-32
3.26224e-32
-6.11727e-33
-5.65351e-32
-1.08431e-31
-1.47962e-31
-1.75156e-31
-1.66223e-31
-1.29332e-31
-6.73775e-32
4.16633e-33
4.55151e-32
5.53553e-32
1.44159e-32
-5.55059e-32
-1.21117e-31
-1.73051e-31
-1.75267e-31
-1.47353e-31
-1.00429e-31
-4.48125e-32
-1.93784e-32
-7.77771e-33
-2.44764e-32
-6.18978e-32
-9.13222e-32
-1.27584e-31
-1.36138e-31
-1.23264e-31
-9.94201e-32
-5.23447e-32
-2.6753e-32
-1.61169e-32
-3.17011e-32
-8.03483e-32
-1.20003e-31
-1.56005e-31
-1.57661e-31
-1.23554e-31
-8.01219e-32
-2.55733e-32
-9.22528e-34
-6.8489e-33
-3.97298e-32
-9.86054e-32
-1.43804e-31
-1.68759e-31
-1.55404e-31
-1.02079e-31
-3.98089e-32
1.52812e-32
2.8245e-32
-1.2356e-32
-8.60138e-32
-1.69404e-31
-2.1471e-31
-1.9708e-31
-1.25581e-31
-2.37175e-32
5.28348e-32
6.94809e-32
2.25228e-32
-7.11342e-32
-1.57517e-31
-2.02018e-31
-1.90374e-31
-1.3098e-31
-6.45918e-32
-1.54392e-32
7.24105e-35
-1.47868e-32
-3.87573e-32
-6.45533e-32
-8.39811e-32
-1.01975e-31
-1.22136e-31
-1.3426e-31
-1.32155e-31
-1.00899e-31
-4.82139e-32
5.31436e-33
3.80913e-32
1.93105e-32
-3.91763e-32
-1.20853e-31
-1.90115e-31
-2.03384e-31
-1.68013e-31
-8.21499e-32
8.76637e-33
6.20872e-32
7.12045e-32
1.33421e-32
-6.58353e-32
-1.39539e-31
-1.83389e-31
-1.66313e-31
-1.22395e-31
-5.95608e-32
-1.28466e-32
-4.19793e-33
-1.55803e-32
-4.61456e-32
-6.29358e-32
-6.03878e-32
-4.76024e-32
-3.36651e-32
-4.35434e-32
-7.39949e-32
-1.15488e-31
-1.46268e-31
-1.44812e-31
-1.10098e-31
-5.06926e-32
8.8021e-33
4.66503e-32
5.20409e-32
2.21242e-32
-3.02266e-32
-9.11627e-32
-1.46466e-31
-1.78314e-31
-1.81034e-31
-1.47304e-31
-8.31505e-32
-9.39717e-33
5.53924e-32
8.06891e-32
5.81331e-32
-5.06967e-33
-8.92603e-32
-1.541e-31
-1.806e-31
-1.57111e-31
-9.68743e-32
-3.41579e-32
9.13763e-33
9.90162e-33
-2.46925e-32
-7.1719e-32
-1.08839e-31
-1.09397e-31
-7.65377e-32
-2.5774e-32
1.59115e-32
1.86875e-32
-2.13884e-32
-9.25351e-32
-1.59411e-31
-1.86385e-31
-1.55517e-31
-7.53646e-32
1.39497e-32
7.19929e-32
6.40289e-32
-2.52778e-33
-9.25409e-32
-1.63366e-31
-1.70321e-31
-1.23993e-31
-4.65939e-32
1.60183e-32
2.23634e-32
-1.36782e-32
-8.26299e-32
-1.32311e-31
-1.34559e-31
-9.84135e-32
-2.75478e-32
2.17991e-32
3.51173e-32
5.91321e-33
-6.15906e-32
-1.177e-31
-1.54306e-31
-1.46781e-31
-9.98926e-32
-4.47418e-32
1.09806e-32
3.37745e-32
2.4975e-32
-6.85887e-33
-5.5715e-32
-9.36601e-32
-1.18262e-31
-1.22451e-31
-1.05287e-31
-7.93205e-32
-4.44228e-32
-1.13353e-32
1.04527e-32
1.69128e-32
-2.42594e-33
-4.22917e-32
-8.88395e-32
-1.2562e-31
-1.28917e-31
-9.50898e-32
-3.71742e-32
1.98461e-32
4.06928e-32
1.20152e-32
-5.59904e-32
-1.31469e-31
-1.68918e-31
-1.43116e-31
-6.07134e-32
4.20251e-32
1.08601e-31
9.85775e-32
1.19359e-32
-1.17268e-31
-2.22108e-31
-2.47163e-31
-1.80269e-31
-4.417e-32
8.96791e-32
1.57965e-31
1.32751e-31
1.90978e-32
-1.17617e-31
-2.17813e-31
-2.39545e-31
-1.7031e-31
-5.83196e-32
5.05632e-32
1.07784e-31
8.90901e-32
1.9075e-32
-7.32254e-32
-1.42712e-31
-1.60693e-31
-1.2995e-31
-6.75234e-32
-7.73306e-33
2.03863e-32
7.40881e-33
-3.24339e-32
-7.49999e-32
-8.97809e-32
-6.60744e-32
-2.27064e-32
1.83136e-32
2.08783e-32
-2.25025e-32
-8.72567e-32
-1.45655e-31
-1.54141e-31
-1.04995e-31
-2.40726e-32
5.60232e-32
8.84483e-32
6.08504e-32
-4.33029e-33
-7.95108e-32
-1.22655e-31
-1.19414e-31
-8.74763e-32
-3.94394e-32
-6.04745e-33
5.83497e-33
1.01984e-32
4.29892e-33
6.3172e-33
9.26252e-33
3.42003e-33
-1.03815e-33
-1.19524e-32
-1.29218e-32
-2.22535e-33
8.7563e-33
1.90509e-32
1.53422e-32
8.54847e-33
1.50586e-32
4.66647e-32
1.05078e-31
1.66603e-31
2.00076e-31
1.81096e-31
1.1726e-31
4.0415e-32
2.23617e-33
3.7682e-32
1.40304e-31
2.76592e-31
3.8037e-31
4.13383e-31
3.73141e-31
2.91908e-31
2.37169e-31
2.43403e-31
3.22434e-31
4.43635e-31
5.51382e-31
6.19632e-31
6.34591e-31
6.27235e-31
6.36851e-31
6.81445e-31
7.69989e-31
8.70638e-31
9.58248e-31
1.02073e-30
1.05769e-30
1.10309e-30
1.17466e-30
1.28376e-30
1.42439e-30
1.56175e-30
1.68199e-30
1.77077e-30
1.83987e-30
1.92456e-30
2.03951e-30
2.20722e-30
2.41182e-30
2.62145e-30
2.81648e-30
2.96476e-30
3.08432e-30
3.20017e-30
3.34298e-30
3.55522e-30
3.82493e-30
4.13928e-30
4.45484e-30
4.7191e-30
4.91747e-30
5.05289e-30
5.1288e-30
5.36398e-30
5.70793e-30
6.87837e-30
9.11212e-30
1.25385e-29
1.92264e-29
2.17213e-29
2.43212e-29
7.06316e-30
-3.58726e-29
-8.74283e-29
-1.93198e-28
-1.84011e-28
-1.23387e-28
1.6447e-28
8.08543e-28
1.17376e-27
1.81609e-27
1.05435e-27
-7.63656e-28
-3.03908e-27
-7.5456e-27
-7.21611e-27
-5.93389e-27
1.74536e-27
1.68733e-26
2.26648e-26
3.30455e-26
1.66449e-26
-1.36146e-26
-4.1011e-26
-9.04994e-26
-7.13263e-26
-4.21988e-26
3.15661e-26
1.5462e-25
1.62731e-25
1.91993e-25
5.43067e-26
-1.45605e-25
-2.41567e-25
-4.15716e-25
-2.36529e-25
-3.16481e-26
2.19149e-25
5.8919e-25
4.55151e-25
3.83029e-25
-3.70891e-26
-5.44007e-25
-5.80054e-25
-7.54257e-25
-2.54583e-25
2.23623e-25
5.06843e-25
9.15287e-25
5.06853e-25
2.23639e-25
-2.5457e-25
-7.54252e-25
-5.8006e-25
-5.44019e-25
-3.71031e-26
3.8302e-25
4.5515e-25
5.89195e-25
2.19157e-25
-3.16423e-26
-2.36527e-25
-4.15717e-25
-2.41572e-25
-1.45609e-25
5.43032e-26
1.91992e-25
1.62731e-25
1.54621e-25
3.15665e-26
-4.2199e-26
-7.13269e-26
-9.05e-26
-4.10118e-26
-1.36153e-26
1.66441e-26
3.30446e-26
2.2664e-26
1.68725e-26
1.74477e-27
-5.93439e-27
-7.21652e-27
-7.54595e-27
-3.03945e-27
-7.64046e-28
1.05391e-27
1.81562e-27
1.17327e-27
8.08076e-28
1.64076e-28
-1.23699e-28
-1.84223e-28
-1.93343e-28
-8.75723e-29
-3.60614e-29
6.76798e-30
2.39427e-29
2.13094e-29
1.88545e-29
1.22932e-29
9.00187e-30
6.88655e-30
5.7619e-30
5.37536e-30
5.05347e-30
4.86464e-30
4.65075e-30
4.43409e-30
4.20577e-30
3.98514e-30
3.78122e-30
3.60789e-30
3.45735e-30
3.30598e-30
3.13265e-30
2.9229e-30
2.68565e-30
2.45633e-30
2.26179e-30
2.12862e-30
2.04987e-30
1.99602e-30
1.94118e-30
1.84933e-30
1.72255e-30
1.56841e-30
1.40726e-30
1.27061e-30
1.16433e-30
1.1021e-30
1.07247e-30
1.0556e-30
1.03435e-30
9.81689e-31
8.92863e-31
7.77784e-31
6.58983e-31
5.70716e-31
5.35434e-31
5.46886e-31
5.86445e-31
6.10914e-31
5.85287e-31
5.10576e-31
3.93507e-31
2.85298e-31
2.2217e-31
2.14629e-31
2.67359e-31
3.2847e-31
3.67175e-31
3.56132e-31
2.82315e-31
1.85268e-31
9.05887e-32
3.98912e-32
5.4877e-32
1.17403e-31
2.03381e-31
2.63511e-31
2.6096e-31
1.90417e-31
7.20463e-32
-4.38879e-32
-1.02315e-31
-7.85147e-32
1.94192e-32
1.4448e-31
2.31551e-31
2.41418e-31
1.64719e-31
3.99939e-32
-7.50661e-32
-1.32515e-31
-1.11453e-31
-3.46126e-32
6.05329e-32
1.25914e-31
1.41742e-31
1.08785e-31
4.53632e-32
-1.2332e-32
-5.28269e-32
-5.66447e-32
-3.39985e-32
2.79109e-34
3.78383e-32
4.95611e-32
4.5941e-32
2.04028e-32
-1.03688e-32
-2.06022e-32
-1.99665e-32
9.24296e-33
3.51395e-32
4.16264e-32
3.01431e-32
-1.50727e-32
-5.0532e-32
-6.71661e-32
-5.30646e-32
-1.33386e-33
4.40479e-32
7.59182e-32
7.21321e-32
3.38603e-32
-5.30383e-33
-4.07274e-32
-5.13567e-32
-4.52383e-32
-4.24645e-32
-3.86442e-32
-4.05062e-32
-2.72569e-32
1.44648e-32
6.79747e-32
1.1872e-31
1.22258e-31
6.00063e-32
-4.69099e-32
-1.66344e-31
-2.24402e-31
-1.87754e-31
-6.50727e-32
1.05639e-31
2.2792e-31
2.51418e-31
1.56272e-31
-2.67336e-32
-1.96335e-31
-2.89639e-31
-2.5213e-31
-9.8561e-32
8.50622e-32
2.31268e-31
2.57148e-31
1.59396e-31
-5.46784e-33
-1.73705e-31
-2.49613e-31
-2.15846e-31
-9.47892e-32
6.06506e-32
1.61405e-31
1.8408e-31
1.21354e-31
1.04662e-32
-8.39254e-32
-1.41957e-31
-1.38234e-31
-9.38372e-32
-3.82748e-32
1.92292e-32
5.16917e-32
6.92026e-32
6.83494e-32
4.77027e-32
2.00048e-32
-2.12183e-32
-5.70378e-32
-8.2894e-32
-9.20132e-32
-7.82838e-32
-5.19956e-32
-1.26306e-32
2.47843e-32
5.72249e-32
7.25846e-32
6.46691e-32
3.70757e-32
-1.32743e-32
-5.92645e-32
-9.6266e-32
-1.05965e-31
-8.2101e-32
-4.64781e-32
4.84943e-33
4.02674e-32
5.78366e-32
6.00499e-32
3.43282e-32
6.74527e-33
-3.09142e-32
-6.43535e-32
-7.88864e-32
-8.21469e-32
-5.63622e-32
-1.94086e-32
1.97137e-32
5.12192e-32
5.43774e-32
3.85135e-32
3.23496e-33
-3.55755e-32
-6.22092e-32
-7.33975e-32
-6.1571e-32
-3.55981e-32
-3.18681e-33
2.45526e-32
3.78325e-32
3.20135e-32
1.17452e-32
-1.30798e-32
-3.21314e-32
-3.23451e-32
-2.3777e-32
-9.98897e-33
-5.57316e-33
-1.85551e-32
-2.95991e-32
-3.64573e-32
-1.62952e-32
2.31228e-32
5.6499e-32
7.06636e-32
3.60976e-32
-2.5265e-32
-8.74793e-32
-1.1757e-31
-8.53668e-32
-1.44746e-32
7.03416e-32
1.18791e-31
1.04613e-31
4.04039e-32
-4.90525e-32
-1.07653e-31
-1.13017e-31
-6.26349e-32
1.76095e-32
7.72734e-32
9.515e-32
5.77535e-32
-8.33567e-33
-6.31961e-32
-8.37834e-32
-5.17067e-32
7.5507e-33
6.30035e-32
8.76394e-32
6.03945e-32
2.34271e-33
-6.18809e-32
-1.01342e-31
-9.03261e-32
-4.09297e-32
3.04297e-32
9.29743e-32
1.15368e-31
9.75942e-32
4.15203e-32
-3.01784e-32
-8.63704e-32
-1.17482e-31
-1.06451e-31
-6.05555e-32
2.02227e-33
7.12173e-32
1.16402e-31
1.2852e-31
1.01179e-31
3.40709e-32
-4.41324e-32
-1.14596e-31
-1.45686e-31
-1.20309e-31
-4.90029e-32
4.95927e-32
1.30402e-31
1.60379e-31
1.26102e-31
3.74488e-32
-6.25024e-32
-1.31093e-31
-1.37089e-31
-7.69506e-32
1.71664e-32
1.01569e-31
1.37358e-31
1.06782e-31
3.08615e-32
-5.38659e-32
-1.06626e-31
-9.78591e-32
-4.07282e-32
4.16046e-32
1.06812e-31
1.18863e-31
8.45935e-32
1.05392e-32
-5.79958e-32
-8.65563e-32
-7.39467e-32
-1.1679e-32
5.32918e-32
9.61641e-32
1.04706e-31
6.22944e-32
1.11463e-32
-3.71417e-32
-5.94924e-32
-3.98743e-32
-6.71969e-33
3.84283e-32
6.92462e-32
7.49059e-32
6.68659e-32
4.25623e-32
2.06631e-32
7.70071e-33
5.91321e-34
2.76175e-33
5.34695e-33
3.69387e-33
5.03382e-33
5.32565e-33
1.53232e-32
3.83553e-32
6.24919e-32
9.18849e-32
1.00697e-31
8.69863e-32
5.21333e-32
-5.65215e-33
-4.90104e-32
-7.45218e-32
-5.93501e-32
-5.52652e-33
5.89617e-32
1.22614e-31
1.4653e-31
1.31707e-31
8.02699e-32
1.70054e-32
-3.16201e-32
-5.17413e-32
-3.0052e-32
1.06678e-33
5.02728e-32
7.11044e-32
7.21893e-32
6.56231e-32
2.12632e-32
1.23214e-32
-1.97002e-32
-2.54546e-32
-5.08044e-33
)
;

boundaryField
{
    left
    {
        type            calculated;
        value           uniform 0;
    }
    right
    {
        type            calculated;
        value           uniform 0;
    }
    empty
    {
        type            empty;
        value           nonuniform List<scalar> 0();
    }
}


// ************************************************************************* //
