/*--------------------------------*- C++ -*----------------------------------*\
| =========                 |                                                 |
| \\      /  F ield         | OpenFOAM: The Open Source CFD Toolbox           |
|  \\    /   O peration     | Version:  2106                                  |
|   \\  /    A nd           | Website:  www.openfoam.com                      |
|    \\/     M anipulation  |                                                 |
\*---------------------------------------------------------------------------*/
FoamFile
{
    version     2.0;
    format      ascii;
    arch        "LSB;label=32;scalar=64";
    class       surfaceScalarField;
    location    "0.151";
    object      phi;
}
// * * * * * * * * * * * * * * * * * * * * * * * * * * * * * * * * * * * * * //

dimensions      [0 3 -1 0 0 0 0];

oriented        oriented;

internalField   nonuniform List<scalar> 
799
(
1.59288e-32
4.18525e-32
5.31406e-32
4.03949e-32
1.32483e-32
-5.54788e-32
-1.16941e-31
-1.64893e-31
-1.77008e-31
-1.41303e-31
-8.75561e-32
-2.73233e-32
9.11123e-33
1.68182e-32
-6.79821e-33
-4.80523e-32
-1.00964e-31
-1.55329e-31
-1.97302e-31
-2.26915e-31
-2.20375e-31
-1.85857e-31
-1.26245e-31
-5.70166e-32
-1.79518e-32
-1.03633e-32
-5.3522e-32
-1.25631e-31
-1.93401e-31
-2.47456e-31
-2.51755e-31
-2.25892e-31
-1.80989e-31
-1.27357e-31
-1.03872e-31
-9.41819e-32
-1.12754e-31
-1.5201e-31
-1.83233e-31
-2.21252e-31
-2.31525e-31
-2.20328e-31
-1.98126e-31
-1.52652e-31
-1.28624e-31
-1.1951e-31
-1.36575e-31
-1.86666e-31
-2.27725e-31
-2.65092e-31
-2.68074e-31
-2.35254e-31
-1.9307e-31
-1.39731e-31
-1.16251e-31
-1.23311e-31
-1.57287e-31
-2.17222e-31
-2.63446e-31
-2.89385e-31
-2.76977e-31
-2.24559e-31
-1.63162e-31
-1.08911e-31
-9.67509e-32
-1.38125e-31
-2.12522e-31
-2.96616e-31
-3.42591e-31
-3.25597e-31
-2.54706e-31
-1.53422e-31
-7.74164e-32
-6.12852e-32
-1.08732e-31
-2.02846e-31
-2.8966e-31
-3.34567e-31
-3.23303e-31
-2.64263e-31
-1.98201e-31
-1.49352e-31
-1.34117e-31
-1.4923e-31
-1.73434e-31
-1.99438e-31
-2.19053e-31
-2.37214e-31
-2.57516e-31
-2.69764e-31
-2.67766e-31
-2.36596e-31
-1.83979e-31
-1.30501e-31
-9.7756e-32
-1.16553e-31
-1.75039e-31
-2.56699e-31
-3.25929e-31
-3.39147e-31
-3.03717e-31
-2.17776e-31
-1.26771e-31
-7.33501e-32
-6.41184e-32
-1.21853e-31
-2.00896e-31
-2.74448e-31
-3.1813e-31
-3.00877e-31
-2.56782e-31
-1.93757e-31
-1.46846e-31
-1.37981e-31
-1.49138e-31
-1.79465e-31
-1.96013e-31
-1.93213e-31
-1.80166e-31
-1.65959e-31
-1.75558e-31
-2.05721e-31
-2.46915e-31
-2.77389e-31
-2.75616e-31
-2.4058e-31
-1.80838e-31
-1.20998e-31
-8.28007e-32
-7.70451e-32
-1.06588e-31
-1.58552e-31
-2.19095e-31
-2.73991e-31
-3.05421e-31
-3.07715e-31
-2.73544e-31
-2.08937e-31
-1.34716e-31
-6.9445e-32
-4.36531e-32
-6.56984e-32
-1.28373e-31
-2.1202e-31
-2.763e-31
-3.02218e-31
-2.78128e-31
-2.17272e-31
-1.53914e-31
-1.09951e-31
-1.08497e-31
-1.42379e-31
-1.88668e-31
-2.25021e-31
-2.24781e-31
-1.91094e-31
-1.3947e-31
-9.68908e-32
-9.31849e-32
-1.3229e-31
-2.02426e-31
-2.68248e-31
-2.94121e-31
-2.6211e-31
-1.80764e-31
-9.02034e-32
-3.08645e-32
-3.74751e-32
-1.02616e-31
-1.91149e-31
-2.60425e-31
-2.65762e-31
-2.17738e-31
-1.38562e-31
-7.40881e-32
-6.57976e-32
-9.98012e-32
-1.66625e-31
-2.14079e-31
-2.13992e-31
-1.75401e-31
-1.01976e-31
-4.99493e-32
-3.38262e-32
-6.0095e-32
-1.24525e-31
-1.77413e-31
-2.10648e-31
-1.99593e-31
-1.49004e-31
-8.99831e-32
-3.0203e-32
-3.16575e-33
-7.52166e-33
-3.47029e-32
-7.86893e-32
-1.11531e-31
-1.30792e-31
-1.29396e-31
-1.06382e-31
-7.42965e-32
-3.29943e-32
6.79732e-33
3.55936e-32
4.93843e-32
3.77127e-32
5.86807e-33
-3.22969e-32
-6.0314e-32
-5.44497e-32
-1.1044e-32
5.68852e-32
1.2437e-31
1.56142e-31
1.38876e-31
8.27894e-32
1.97611e-32
-4.68994e-33
3.4681e-32
1.31243e-31
2.48759e-31
3.30757e-31
3.36818e-31
2.66952e-31
1.55246e-31
6.86504e-32
6.26138e-32
1.4933e-31
3.06086e-31
4.61459e-31
5.52164e-31
5.50302e-31
4.60964e-31
3.49565e-31
2.7572e-31
2.81411e-31
3.79182e-31
5.20862e-31
6.60623e-31
7.49957e-31
7.64649e-31
7.29336e-31
6.73101e-31
6.41091e-31
6.62044e-31
7.33226e-31
8.37644e-31
9.4103e-31
1.0144e-30
1.04838e-30
1.05726e-30
1.06523e-30
1.10287e-30
1.18093e-30
1.28064e-30
1.38005e-30
1.44312e-30
1.46242e-30
1.46258e-30
1.47139e-30
1.53249e-30
1.65365e-30
1.80909e-30
1.96628e-30
2.07843e-30
2.13327e-30
2.1533e-30
2.16619e-30
2.21404e-30
2.31127e-30
2.44028e-30
2.58853e-30
2.72537e-30
2.84399e-30
2.95848e-30
3.06615e-30
3.18527e-30
3.30892e-30
3.42747e-30
3.55115e-30
3.67222e-30
3.80715e-30
3.95772e-30
4.11265e-30
4.27102e-30
4.41961e-30
4.56939e-30
4.73683e-30
4.93379e-30
5.16205e-30
5.39799e-30
5.61049e-30
5.77524e-30
5.89988e-30
6.01632e-30
6.17629e-30
6.4148e-30
6.72547e-30
7.07481e-30
7.39671e-30
7.65295e-30
7.84107e-30
7.99337e-30
8.17738e-30
8.42759e-30
8.75584e-30
9.13152e-30
9.49903e-30
9.83232e-30
1.01176e-29
1.03858e-29
1.06763e-29
1.1007e-29
1.13869e-29
1.1784e-29
1.21733e-29
1.25426e-29
1.28914e-29
1.32536e-29
1.36469e-29
1.40827e-29
1.45547e-29
1.50282e-29
1.54892e-29
1.59231e-29
1.63418e-29
1.67804e-29
1.72534e-29
1.77831e-29
1.83535e-29
1.89327e-29
1.95008e-29
2.00256e-29
2.05248e-29
2.10233e-29
2.15516e-29
2.2152e-29
2.28122e-29
2.35192e-29
2.42294e-29
2.489e-29
2.54862e-29
2.60207e-29
2.64967e-29
2.71326e-29
2.78778e-29
2.94496e-29
3.20847e-29
3.59119e-29
4.3e-29
4.58941e-29
4.88919e-29
3.20302e-29
-1.05111e-29
-6.16746e-29
-1.67055e-28
-1.57481e-28
-9.64731e-29
1.91764e-28
8.36213e-28
1.2018e-27
1.8445e-27
1.08312e-27
-7.34525e-28
-3.00959e-27
-7.51577e-27
-7.18594e-27
-5.90339e-27
1.77619e-27
1.69044e-26
2.26962e-26
3.30772e-26
1.66769e-26
-1.35823e-26
-4.09784e-26
-9.04665e-26
-7.12932e-26
-4.21654e-26
3.15997e-26
1.54654e-25
1.62765e-25
1.92028e-25
5.43413e-26
-1.4557e-25
-2.41532e-25
-4.15681e-25
-2.36493e-25
-3.16128e-26
2.19185e-25
5.89226e-25
4.55187e-25
3.83065e-25
-3.70531e-26
-5.43971e-25
-5.80018e-25
-7.54221e-25
-2.54547e-25
2.23659e-25
5.06879e-25
9.15324e-25
5.0689e-25
2.23675e-25
-2.54533e-25
-7.54216e-25
-5.80024e-25
-5.43983e-25
-3.70672e-26
3.83056e-25
4.55185e-25
5.8923e-25
2.19192e-25
-3.16071e-26
-2.36491e-25
-4.15682e-25
-2.41537e-25
-1.45575e-25
5.43376e-26
1.92026e-25
1.62765e-25
1.54654e-25
3.16e-26
-4.21658e-26
-7.12939e-26
-9.04673e-26
-4.09794e-26
-1.35832e-26
1.66759e-26
3.30762e-26
2.26952e-26
1.69034e-26
1.77535e-27
-5.90414e-27
-7.18661e-27
-7.51638e-27
-3.01024e-27
-7.35184e-28
1.08241e-27
1.84376e-27
1.20104e-27
8.3547e-28
1.91093e-28
-9.70639e-29
-1.57971e-28
-1.67479e-28
-6.20978e-29
-1.09788e-29
3.14568e-29
4.82361e-29
4.5206e-29
4.23533e-29
3.53935e-29
3.17031e-29
2.91887e-29
2.7665e-29
2.68799e-29
2.616e-29
2.55742e-29
2.49644e-29
2.43534e-29
2.37323e-29
2.31208e-29
2.25281e-29
2.19683e-29
2.14339e-29
2.09014e-29
2.03499e-29
1.97651e-29
1.91561e-29
1.85585e-29
1.79993e-29
1.75052e-29
1.70695e-29
1.66628e-29
1.62593e-29
1.58231e-29
1.53563e-29
1.48668e-29
1.43748e-29
1.39121e-29
1.34846e-29
1.31059e-29
1.27648e-29
1.24415e-29
1.21188e-29
1.17698e-29
1.13897e-29
1.09886e-29
1.05889e-29
1.0225e-29
9.91931e-30
9.66555e-30
9.44513e-30
9.21484e-30
8.93966e-30
8.62062e-30
8.2644e-30
7.9222e-30
7.63021e-30
7.39891e-30
7.23295e-30
7.08039e-30
6.91042e-30
6.69563e-30
6.42296e-30
6.1319e-30
5.84799e-30
5.61278e-30
5.44793e-30
5.33522e-30
5.2505e-30
5.1444e-30
4.98003e-30
4.752e-30
4.48041e-30
4.21546e-30
4.01214e-30
3.8951e-30
3.85617e-30
3.84827e-30
3.80622e-30
3.69071e-30
3.49231e-30
3.24949e-30
3.01986e-30
2.85129e-30
2.76461e-30
2.737e-30
2.73093e-30
2.69824e-30
2.61908e-30
2.49413e-30
2.34166e-30
2.19776e-30
2.07386e-30
1.98935e-30
1.93395e-30
1.89275e-30
1.85735e-30
1.79855e-30
1.72679e-30
1.63542e-30
1.54107e-30
1.46944e-30
1.4108e-30
1.38279e-30
1.35348e-30
1.30672e-30
1.24386e-30
1.1491e-30
1.06587e-30
1.00319e-30
9.72914e-31
9.81889e-31
9.86084e-31
9.78287e-31
9.36307e-31
8.6126e-31
7.86705e-31
7.17221e-31
6.73822e-31
6.48415e-31
6.20875e-31
5.95546e-31
5.65659e-31
5.5197e-31
5.67806e-31
5.96447e-31
6.23303e-31
6.039e-31
5.19623e-31
3.91564e-31
2.51838e-31
1.74304e-31
1.92265e-31
2.97029e-31
4.50555e-31
5.56359e-31
5.64057e-31
4.53772e-31
2.56258e-31
7.27543e-32
-3.38678e-32
-9.10848e-33
1.32257e-31
3.04201e-31
4.39229e-31
4.54408e-31
3.46424e-31
1.71775e-31
-5.81616e-33
-9.06677e-32
-6.54485e-32
4.74411e-32
1.95076e-31
2.88381e-31
3.03936e-31
2.34412e-31
1.17036e-31
1.64547e-32
-4.7484e-32
-4.93933e-32
-1.03647e-32
4.00766e-32
9.27034e-32
1.20523e-31
1.33611e-31
1.2855e-31
1.03897e-31
7.23864e-32
2.75416e-32
-1.17218e-32
-4.08515e-32
-5.30789e-32
-4.22994e-32
-1.88109e-32
1.78999e-32
5.27946e-32
8.28428e-32
9.59391e-32
8.58799e-32
5.62597e-32
3.99461e-33
-4.38044e-32
-8.25099e-32
-9.38244e-32
-7.14889e-32
-3.73089e-32
1.26652e-32
4.68121e-32
6.31886e-32
6.42839e-32
3.75135e-32
8.95256e-33
-2.96217e-32
-6.39136e-32
-7.924e-32
-8.32393e-32
-5.81405e-32
-2.18207e-32
1.67135e-32
4.76878e-32
5.0357e-32
3.40454e-32
-1.64833e-33
-4.08357e-32
-6.78065e-32
-7.92957e-32
-6.77388e-32
-4.20003e-32
-9.79516e-33
1.77697e-32
3.09082e-32
2.49713e-32
4.61621e-33
-2.02794e-32
-3.93762e-32
-3.96155e-32
-3.10487e-32
-1.72437e-32
-1.27905e-32
-2.57157e-32
-3.66845e-32
-4.34508e-32
-2.31804e-32
1.6364e-32
4.98801e-32
6.41982e-32
2.97993e-32
-3.13823e-32
-9.34061e-32
-1.2329e-31
-9.08678e-32
-1.97468e-32
6.53101e-32
1.14009e-31
1.00089e-31
3.61473e-32
-5.30293e-32
-1.11342e-31
-1.16411e-31
-6.57284e-32
1.48229e-32
7.48043e-32
9.30029e-32
5.59311e-32
-9.82676e-33
-6.43516e-32
-8.45995e-32
-5.21807e-32
7.42191e-33
6.32202e-32
8.82064e-32
6.13138e-32
3.6209e-33
-6.02451e-32
-9.93402e-32
-8.79548e-32
-3.81898e-32
3.35413e-32
9.6456e-32
1.19221e-31
1.01815e-31
4.61065e-32
-2.52289e-32
-8.10591e-32
-1.11806e-31
-1.00413e-31
-5.4154e-32
8.77991e-33
7.83297e-32
1.2387e-31
1.36339e-31
1.09352e-31
4.25977e-32
-3.52566e-32
-1.05373e-31
-1.36114e-31
-1.10397e-31
-3.87533e-32
6.01748e-32
1.41315e-31
1.71621e-31
1.37665e-31
4.93234e-32
-5.03224e-32
-1.18613e-31
-1.24316e-31
-6.38889e-32
3.05083e-32
1.15183e-31
1.51237e-31
1.20915e-31
4.52383e-32
-3.92529e-32
-9.17886e-32
-8.2809e-32
-2.54757e-32
5.70474e-32
1.22431e-31
1.34653e-31
1.00543e-31
2.66373e-32
-4.17603e-32
-7.02024e-32
-5.7486e-32
4.87802e-33
6.99319e-32
1.12872e-31
1.21467e-31
7.90955e-32
2.79696e-32
-2.03113e-32
-4.26736e-32
-2.3072e-32
1.00502e-32
5.51403e-32
8.58822e-32
9.14463e-32
8.3295e-32
5.88661e-32
3.68259e-32
2.3707e-32
1.64216e-32
1.8403e-32
2.07857e-32
1.89087e-32
2.00067e-32
2.00395e-32
2.97664e-32
5.25147e-32
7.63533e-32
1.05428e-31
1.13907e-31
9.98483e-32
6.4633e-32
6.47161e-33
-3.72758e-32
-6.31912e-32
-4.84349e-32
4.95776e-33
6.90062e-32
1.32206e-31
1.55656e-31
1.40355e-31
8.84333e-32
2.46707e-32
-2.44629e-32
-4.51029e-32
-2.39455e-32
6.63994e-33
5.53073e-32
7.55928e-32
7.61194e-32
6.89934e-32
2.40726e-32
1.45701e-32
-1.80142e-32
-2.43327e-32
-4.52072e-33
)
;

boundaryField
{
    left
    {
        type            calculated;
        value           uniform 0;
    }
    right
    {
        type            calculated;
        value           uniform 0;
    }
    empty
    {
        type            empty;
        value           nonuniform List<scalar> 0();
    }
}


// ************************************************************************* //
