/*--------------------------------*- C++ -*----------------------------------*\
| =========                 |                                                 |
| \\      /  F ield         | OpenFOAM: The Open Source CFD Toolbox           |
|  \\    /   O peration     | Version:  2106                                  |
|   \\  /    A nd           | Website:  www.openfoam.com                      |
|    \\/     M anipulation  |                                                 |
\*---------------------------------------------------------------------------*/
FoamFile
{
    version     2.0;
    format      ascii;
    arch        "LSB;label=32;scalar=64";
    class       surfaceScalarField;
    location    "0.022";
    object      phi;
}
// * * * * * * * * * * * * * * * * * * * * * * * * * * * * * * * * * * * * * //

dimensions      [0 3 -1 0 0 0 0];

oriented        oriented;

internalField   nonuniform List<scalar> 
799
(
2.0059e-32
5.01075e-32
6.55147e-32
5.68736e-32
3.38196e-32
-3.08269e-32
-8.82309e-32
-1.32146e-31
-1.40254e-31
-1.00571e-31
-4.28773e-32
2.12645e-32
6.15698e-32
7.31055e-32
5.32735e-32
1.57574e-32
-3.34645e-32
-8.41962e-32
-1.2259e-31
-1.48677e-31
-1.3867e-31
-1.00741e-31
-3.77813e-32
3.47344e-32
7.70252e-32
8.77712e-32
4.76999e-32
-2.13884e-32
-8.61991e-32
-1.37365e-31
-1.38838e-31
-1.10223e-31
-6.26379e-32
-6.39206e-33
1.96367e-32
3.18009e-32
1.56342e-32
-2.12874e-32
-5.02427e-32
-8.60661e-32
-9.4212e-32
-8.09523e-32
-5.67547e-32
-9.3528e-33
1.6537e-32
2.74483e-32
1.21146e-32
-3.63049e-32
-7.57537e-32
-1.11575e-31
-1.1307e-31
-7.88235e-32
-3.52689e-32
1.93821e-32
4.4119e-32
3.82597e-32
5.43022e-33
-5.34099e-32
-9.85858e-32
-1.23531e-31
-1.10184e-31
-5.68766e-32
5.3659e-33
6.04151e-32
7.33283e-32
3.26648e-32
-4.1069e-32
-1.24537e-31
-1.69929e-31
-1.52386e-31
-8.09972e-32
2.07542e-32
9.71899e-32
1.13711e-31
6.66236e-32
-2.71659e-32
-1.13687e-31
-1.58336e-31
-1.4684e-31
-8.75997e-32
-2.13693e-32
2.76228e-32
4.29721e-32
2.7947e-32
3.80578e-33
-2.21617e-32
-4.17671e-32
-5.99378e-32
-8.02752e-32
-9.25755e-32
-9.06521e-32
-5.95759e-32
-7.07478e-33
4.6269e-32
7.88608e-32
5.98979e-32
1.22928e-33
-8.06275e-32
-1.50071e-31
-1.63517e-31
-1.28327e-31
-4.26413e-32
4.81024e-32
1.01252e-31
1.10195e-31
5.21617e-32
-2.71915e-32
-1.01066e-31
-1.45076e-31
-1.28156e-31
-8.43994e-32
-2.17211e-32
2.48415e-32
3.33397e-32
2.18153e-32
-8.88937e-33
-2.58165e-32
-2.3403e-32
-1.07469e-32
3.06336e-33
-6.93683e-33
-3.75077e-32
-7.91132e-32
-1.10004e-31
-1.0865e-31
-7.40445e-32
-1.47379e-32
4.4662e-32
8.24192e-32
8.77246e-32
5.77247e-32
5.29781e-33
-5.57143e-32
-1.11089e-31
-1.43005e-31
-1.45793e-31
-1.12127e-31
-4.80356e-32
2.56601e-32
9.03942e-32
1.15637e-31
9.30309e-32
2.97817e-32
-5.44559e-32
-1.19341e-31
-1.45884e-31
-1.22441e-31
-6.22467e-32
4.29972e-34
4.3684e-32
4.44095e-32
9.7771e-33
-3.72912e-32
-7.44522e-32
-7.50481e-32
-4.22275e-32
8.49666e-33
5.01389e-32
5.28698e-32
1.27472e-32
-5.84497e-32
-1.25375e-31
-1.52401e-31
-1.21589e-31
-4.14899e-32
4.77703e-32
1.05757e-31
9.77342e-32
3.11158e-32
-5.89635e-32
-1.29856e-31
-1.36882e-31
-9.06263e-32
-1.33018e-32
4.92376e-32
5.55044e-32
1.93804e-32
-4.96544e-32
-9.94244e-32
-1.01761e-31
-6.57013e-32
5.07362e-33
5.43278e-32
6.75524e-32
3.82553e-32
-2.93479e-32
-8.55549e-32
-1.22262e-31
-1.14843e-31
-6.80545e-32
-1.3003e-32
4.26164e-32
6.53071e-32
5.64083e-32
2.44729e-32
-2.44887e-32
-6.25346e-32
-8.72386e-32
-9.15302e-32
-7.4468e-32
-4.86034e-32
-1.38073e-32
1.91883e-32
4.08839e-32
4.72485e-32
2.7814e-32
-1.21433e-32
-5.87815e-32
-9.56503e-32
-9.90409e-32
-6.5292e-32
-7.45771e-33
4.94814e-32
7.02483e-32
4.14964e-32
-2.65823e-32
-1.02128e-31
-1.39648e-31
-1.13912e-31
-3.15762e-32
7.11014e-32
1.37618e-31
1.27539e-31
4.08418e-32
-8.8416e-32
-1.93306e-31
-2.18412e-31
-1.51565e-31
-1.5512e-32
1.18291e-31
1.86531e-31
1.61272e-31
4.75709e-32
-8.91905e-32
-1.89435e-31
-2.11219e-31
-1.42037e-31
-3.01017e-32
7.87209e-32
1.35877e-31
1.17113e-31
4.70175e-32
-4.53693e-32
-1.14954e-31
-1.33044e-31
-1.02423e-31
-4.01361e-32
1.94985e-32
4.74456e-32
3.4271e-32
-5.79735e-33
-4.86177e-32
-6.36846e-32
-4.02971e-32
2.71135e-33
4.33278e-32
4.54339e-32
1.53999e-33
-6.37904e-32
-1.22834e-31
-1.32035e-31
-8.36832e-32
-3.65024e-33
7.54631e-32
1.06796e-31
7.79761e-32
1.14334e-32
-6.52529e-32
-1.10055e-31
-1.08647e-31
-7.87239e-32
-3.29106e-32
-1.96811e-33
7.22148e-33
8.63114e-33
-5.09882e-34
-2.04404e-33
-2.98745e-33
-1.30828e-32
-2.219e-32
-3.81806e-32
-4.46861e-32
-4.00202e-32
-3.56087e-32
-3.24587e-32
-4.39283e-32
-5.91468e-32
-6.178e-32
-4.00827e-32
7.59689e-33
5.75088e-32
7.8426e-32
4.58868e-32
-3.25886e-32
-1.25217e-31
-1.80404e-31
-1.63268e-31
-8.03444e-32
3.47676e-32
1.15806e-31
1.24415e-31
5.80066e-32
-5.12598e-32
-1.36004e-31
-1.61859e-31
-1.17121e-31
-3.25392e-32
3.61503e-32
6.27671e-32
3.33893e-32
-2.11459e-32
-6.16854e-32
-7.03657e-32
-3.83515e-32
2.35814e-33
2.64777e-32
2.17642e-32
-1.23202e-32
-4.19672e-32
-4.95852e-32
-2.39712e-32
2.87335e-32
7.35709e-32
9.65699e-32
8.32305e-32
4.52253e-32
1.769e-32
1.51697e-32
6.00435e-32
1.36353e-31
2.12134e-31
2.67685e-31
2.70775e-31
2.39374e-31
1.98434e-31
1.78625e-31
2.22371e-31
3.17745e-31
4.51897e-31
5.81456e-31
6.5395e-31
6.54893e-31
5.87293e-31
4.54711e-31
4.7607e-31
6.01032e-31
1.54747e-30
3.55245e-30
6.74549e-30
1.31956e-29
1.54489e-29
1.78032e-29
2.96231e-31
-4.28916e-29
-9.47023e-29
-2.0073e-28
-1.91802e-28
-1.31439e-28
1.56155e-28
7.99965e-28
1.16491e-27
1.80699e-27
1.04498e-27
-7.73286e-28
-3.04897e-27
-7.55574e-27
-7.22651e-27
-5.94455e-27
1.73445e-27
1.68621e-26
2.26534e-26
3.30338e-26
1.6633e-26
-1.36267e-26
-4.10233e-26
-9.05119e-26
-7.13391e-26
-4.22118e-26
3.15529e-26
1.54607e-25
1.62718e-25
1.9198e-25
5.42929e-26
-1.45619e-25
-2.41581e-25
-4.1573e-25
-2.36543e-25
-3.16627e-26
2.19134e-25
5.89176e-25
4.55136e-25
3.83014e-25
-3.71041e-26
-5.44022e-25
-5.80069e-25
-7.54272e-25
-2.54598e-25
2.23608e-25
5.06828e-25
9.15272e-25
5.06838e-25
2.23623e-25
-2.54585e-25
-7.54267e-25
-5.80075e-25
-5.44034e-25
-3.7118e-26
3.83005e-25
4.55135e-25
5.8918e-25
2.19142e-25
-3.16567e-26
-2.36541e-25
-4.15732e-25
-2.41586e-25
-1.45623e-25
5.42895e-26
1.91978e-25
1.62718e-25
1.54608e-25
3.15536e-26
-4.22117e-26
-7.13394e-26
-9.05123e-26
-4.10239e-26
-1.36271e-26
1.66325e-26
3.30332e-26
2.26529e-26
1.68616e-26
1.73411e-27
-5.94479e-27
-7.22667e-27
-7.55585e-27
-3.0491e-27
-7.73431e-28
1.04478e-27
1.80675e-27
1.16467e-27
7.99727e-28
1.55985e-28
-1.31534e-28
-1.91801e-28
-2.00668e-28
-9.46461e-29
-4.28865e-29
1.88672e-31
1.76059e-29
1.52115e-29
1.29917e-29
6.66138e-30
3.59664e-30
1.70334e-30
7.95932e-31
6.21655e-31
5.06924e-31
5.1996e-31
5.02548e-31
4.7687e-31
4.33956e-31
3.93094e-31
3.63266e-31
3.58313e-31
3.70426e-31
3.76002e-31
3.53935e-31
2.89779e-31
1.92545e-31
9.76732e-32
3.21384e-32
2.25746e-32
6.21586e-32
1.21453e-31
1.74687e-31
1.85961e-31
1.57481e-31
9.69384e-32
2.48394e-32
-2.72038e-32
-5.31256e-32
-3.91671e-32
3.41702e-33
5.49031e-32
9.8324e-32
1.06751e-31
7.5601e-32
1.49305e-32
-5.25929e-32
-9.25785e-32
-8.24313e-32
-2.82781e-32
5.13902e-32
1.135e-31
1.23166e-31
8.1527e-32
-4.57822e-33
-8.38246e-32
-1.19877e-31
-1.02126e-31
-2.57903e-32
5.73348e-32
1.16561e-31
1.24626e-31
6.85934e-32
-1.19137e-32
-9.12259e-32
-1.27652e-31
-9.94231e-32
-2.46143e-32
7.2749e-32
1.43416e-31
1.50617e-31
8.90983e-32
-2.09355e-32
-1.29167e-31
-1.80481e-31
-1.50114e-31
-4.61268e-32
8.45156e-32
1.76725e-31
1.91323e-31
1.18974e-31
-1.75064e-33
-1.1313e-31
-1.67207e-31
-1.43047e-31
-6.33721e-32
3.43854e-32
1.02162e-31
1.20181e-31
8.92368e-32
2.76627e-32
-2.83398e-32
-6.72797e-32
-6.96664e-32
-4.57075e-32
-1.02232e-32
2.84447e-32
4.11863e-32
3.84975e-32
1.38216e-32
-1.61566e-32
-2.566e-32
-2.4351e-32
5.47987e-33
3.19545e-32
3.89775e-32
2.79877e-32
-1.67669e-32
-5.17981e-32
-6.80374e-32
-5.3574e-32
-1.50915e-33
4.41875e-32
7.6354e-32
7.28475e-32
3.48358e-32
-4.08207e-33
-3.92709e-32
-4.96775e-32
-4.33485e-32
-4.03776e-32
-3.6367e-32
-3.80537e-32
-2.4634e-32
1.72496e-32
7.0915e-32
1.2181e-31
1.25491e-31
6.33812e-32
-4.33966e-32
-1.62699e-31
-2.20632e-31
-1.8386e-31
-6.10554e-32
1.09775e-31
2.32171e-31
2.55777e-31
1.60735e-31
-2.21704e-32
-1.91676e-31
-2.84881e-31
-2.47276e-31
-9.36167e-32
9.00967e-32
2.36393e-31
2.62356e-31
1.64689e-31
-9.17826e-35
-1.68242e-31
-2.44065e-31
-2.10218e-31
-8.90814e-32
6.64333e-32
1.67264e-31
1.90005e-31
1.27347e-31
1.65239e-32
-7.78061e-32
-1.35777e-31
-1.31997e-31
-8.75463e-32
-3.19313e-32
2.56231e-32
5.8136e-32
7.56966e-32
7.48946e-32
5.42942e-32
2.6638e-32
-1.45453e-32
-5.03271e-32
-7.6148e-32
-8.52326e-32
-7.14697e-32
-4.5151e-32
-5.75522e-33
3.16846e-32
6.41414e-32
7.95165e-32
7.1613e-32
4.40301e-32
-6.30972e-33
-5.2295e-32
-8.92879e-32
-9.89913e-32
-7.51338e-32
-3.95237e-32
1.1788e-32
4.7184e-32
6.47278e-32
6.6908e-32
4.11668e-32
1.35522e-32
-2.41388e-32
-5.76176e-32
-7.21953e-32
-7.55085e-32
-4.9778e-32
-1.2884e-32
2.61746e-32
5.76199e-32
6.07142e-32
4.47752e-32
9.41148e-33
-2.94878e-32
-5.62148e-32
-6.74948e-32
-5.57631e-32
-2.98895e-32
2.42006e-33
3.00565e-32
4.32311e-32
3.73051e-32
1.69301e-32
-8.00465e-33
-2.71661e-32
-2.74957e-32
-1.90428e-32
-5.37154e-33
-1.07243e-33
-1.41721e-32
-2.53395e-32
-3.2324e-32
-1.22928e-32
2.69916e-32
6.0241e-32
7.42762e-32
3.95824e-32
-2.19115e-32
-8.42609e-32
-1.14484e-31
-8.2417e-32
-1.16609e-32
7.30258e-32
1.21346e-31
1.07038e-31
4.27e-32
-4.68813e-32
-1.05603e-31
-1.11087e-31
-6.08248e-32
1.93007e-32
7.8848e-32
9.6608e-32
5.91004e-32
-7.10036e-33
-6.20721e-32
-8.27723e-32
-5.08084e-32
8.33793e-33
6.36746e-32
8.8198e-32
6.08383e-32
2.67599e-33
-6.1657e-32
-1.01224e-31
-9.03156e-32
-4.10266e-32
3.02236e-32
9.26598e-32
1.14944e-31
9.70578e-32
4.08628e-32
-3.09541e-32
-8.72612e-32
-1.18488e-31
-1.07575e-31
-6.1796e-32
6.56067e-34
6.97194e-32
1.1477e-31
1.26747e-31
9.92651e-32
3.20126e-32
-4.63442e-32
-1.16965e-31
-1.48209e-31
-1.22998e-31
-5.18647e-32
4.65518e-32
1.27178e-31
1.56972e-31
1.22504e-31
3.36544e-32
-6.64987e-32
-1.35297e-31
-1.41506e-31
-8.15831e-32
1.23149e-32
9.64928e-32
1.32052e-31
1.01239e-31
2.50777e-32
-5.98889e-32
-1.12896e-31
-1.04381e-31
-4.75035e-32
3.45742e-32
9.95195e-32
1.11307e-31
7.67739e-32
2.45782e-33
-6.63399e-32
-9.51643e-32
-8.2818e-32
-2.08091e-32
4.39053e-32
8.65284e-32
9.48295e-32
5.21803e-32
8.00465e-34
-4.77101e-32
-7.02837e-32
-5.08746e-32
-1.79164e-32
2.70413e-32
5.76763e-32
6.31675e-32
5.49748e-32
3.05352e-32
8.5166e-33
-4.547e-33
-1.17391e-32
-9.63642e-33
-7.09695e-33
-8.77276e-33
-7.43658e-33
-7.12669e-33
2.91175e-33
2.60038e-32
5.02284e-32
7.97335e-32
8.86844e-32
7.51368e-32
4.04746e-32
-1.70994e-32
-6.02214e-32
-8.54707e-32
-7.0009e-32
-1.58709e-32
4.89566e-32
1.12973e-31
1.37277e-31
1.22865e-31
7.1865e-32
9.05563e-33
-3.90951e-32
-5.87243e-32
-3.65242e-32
-4.87727e-33
4.48742e-32
6.62655e-32
6.79221e-32
6.19427e-32
1.81793e-32
9.84556e-33
-2.15629e-32
-2.67005e-32
-5.70637e-33
)
;

boundaryField
{
    left
    {
        type            calculated;
        value           uniform 0;
    }
    right
    {
        type            calculated;
        value           uniform 0;
    }
    empty
    {
        type            empty;
        value           nonuniform List<scalar> 0();
    }
}


// ************************************************************************* //
