/*--------------------------------*- C++ -*----------------------------------*\
| =========                 |                                                 |
| \\      /  F ield         | OpenFOAM: The Open Source CFD Toolbox           |
|  \\    /   O peration     | Version:  2106                                  |
|   \\  /    A nd           | Website:  www.openfoam.com                      |
|    \\/     M anipulation  |                                                 |
\*---------------------------------------------------------------------------*/
FoamFile
{
    version     2.0;
    format      ascii;
    arch        "LSB;label=32;scalar=64";
    class       surfaceScalarField;
    location    "0.097";
    object      phi;
}
// * * * * * * * * * * * * * * * * * * * * * * * * * * * * * * * * * * * * * //

dimensions      [0 3 -1 0 0 0 0];

oriented        oriented;

internalField   nonuniform List<scalar> 
799
(
1.71144e-32
4.42213e-32
5.66916e-32
4.51277e-32
1.91632e-32
-4.8377e-32
-1.08656e-31
-1.55426e-31
-1.6636e-31
-1.2948e-31
-7.45625e-32
-1.31645e-32
2.44282e-32
3.3287e-32
1.08159e-32
-2.92991e-32
-8.10771e-32
-1.3432e-31
-1.7518e-31
-2.03685e-31
-1.96048e-31
-1.60438e-31
-9.97421e-32
-2.94411e-32
1.06889e-32
1.9331e-32
-2.27899e-32
-9.3871e-32
-1.60617e-31
-2.13667e-31
-2.16971e-31
-1.90125e-31
-1.44245e-31
-8.96502e-32
-6.52153e-32
-5.45894e-32
-7.22386e-32
-1.10586e-31
-1.40912e-31
-1.78051e-31
-1.87458e-31
-1.75407e-31
-1.52362e-31
-1.06064e-31
-8.12256e-32
-7.13136e-32
-8.75993e-32
-1.36923e-31
-1.77229e-31
-2.13859e-31
-2.16119e-31
-1.82592e-31
-1.39715e-31
-8.57005e-32
-6.15593e-32
-6.79738e-32
-1.01319e-31
-1.60638e-31
-2.06257e-31
-2.31612e-31
-2.18638e-31
-1.65666e-31
-1.03728e-31
-4.89515e-32
-3.62812e-32
-7.71591e-32
-1.51079e-31
-2.34706e-31
-2.80233e-31
-2.62802e-31
-1.91494e-31
-8.9801e-32
-1.33976e-32
3.11309e-33
-4.39729e-32
-1.3774e-31
-2.24217e-31
-2.688e-31
-2.57222e-31
-1.97883e-31
-1.31538e-31
-8.24164e-32
-6.69217e-32
-8.17866e-32
-1.05754e-31
-1.31537e-31
-1.50943e-31
-1.68906e-31
-1.89026e-31
-2.01099e-31
-1.98935e-31
-1.67612e-31
-1.14853e-31
-6.12476e-32
-2.83834e-32
-4.70724e-32
-1.05458e-31
-1.87028e-31
-2.5618e-31
-2.69332e-31
-2.33844e-31
-1.47854e-31
-5.68078e-32
-3.35383e-33
5.89891e-33
-5.18241e-32
-1.30864e-31
-2.04423e-31
-2.48119e-31
-2.30893e-31
-1.86831e-31
-1.23847e-31
-7.6977e-32
-6.81749e-32
-7.94019e-32
-1.09808e-31
-1.2644e-31
-1.23733e-31
-1.10789e-31
-9.66928e-32
-1.06411e-31
-1.36703e-31
-1.78036e-31
-2.08659e-31
-2.07039e-31
-1.72169e-31
-1.12607e-31
-5.29525e-32
-1.4944e-32
-9.39361e-33
-3.9152e-32
-9.13448e-32
-1.52125e-31
-2.07271e-31
-2.38966e-31
-2.41535e-31
-2.07653e-31
-1.43349e-31
-6.94448e-32
-4.50515e-33
2.09414e-32
-1.46603e-33
-6.45195e-32
-1.48563e-31
-2.13256e-31
-2.39609e-31
-2.15978e-31
-1.55594e-31
-9.27321e-32
-4.92933e-32
-4.83866e-32
-8.28391e-32
-1.29725e-31
-1.66701e-31
-1.67116e-31
-1.34106e-31
-8.31919e-32
-4.13593e-32
-3.84358e-32
-7.83658e-32
-1.49365e-31
-2.16091e-31
-2.42915e-31
-2.11896e-31
-1.31587e-31
-4.21153e-32
1.60883e-32
8.28676e-33
-5.81029e-32
-1.47952e-31
-2.18607e-31
-2.25392e-31
-1.78887e-31
-1.01302e-31
-3.84975e-32
-3.19614e-32
-6.78018e-32
-1.3655e-31
-1.86026e-31
-1.88061e-31
-1.51688e-31
-8.0591e-32
-3.10015e-32
-1.74317e-32
-4.63728e-32
-1.13607e-31
-1.69429e-31
-2.05739e-31
-1.97903e-31
-1.50689e-31
-9.51981e-32
-3.91201e-32
-1.59491e-32
-2.43468e-32
-5.57617e-32
-1.04176e-31
-1.41654e-31
-1.65762e-31
-1.69432e-31
-1.51717e-31
-1.2517e-31
-8.96528e-32
-5.59085e-32
-3.34284e-32
-2.62333e-32
-4.47926e-32
-8.3827e-32
-1.29495e-31
-1.65337e-31
-1.6764e-31
-1.32754e-31
-7.37079e-32
-1.54872e-32
6.63543e-33
-2.06901e-32
-8.72567e-32
-1.612e-31
-1.97018e-31
-1.69477e-31
-8.52269e-32
1.94797e-32
8.81459e-32
8.03414e-32
-3.93386e-33
-1.30627e-31
-2.32794e-31
-2.55014e-31
-1.85099e-31
-4.57875e-32
9.14696e-32
1.63376e-31
1.42007e-31
3.24326e-32
-9.99518e-32
-1.95554e-31
-2.12417e-31
-1.38013e-31
-2.05405e-32
9.41494e-32
1.57524e-31
1.45346e-31
8.22297e-32
-2.77012e-33
-6.45312e-32
-7.43394e-32
-3.49539e-32
3.66077e-32
1.06048e-31
1.44362e-31
1.42149e-31
1.13664e-31
8.30858e-32
8.09431e-32
1.17984e-31
1.75404e-31
2.31226e-31
2.49378e-31
2.22408e-31
1.74918e-31
1.34682e-31
1.45299e-31
2.14525e-31
3.1654e-31
4.18794e-31
4.74483e-31
4.71287e-31
4.31703e-31
3.83359e-31
3.68349e-31
4.0106e-31
4.63865e-31
5.44206e-31
6.11396e-31
6.58627e-31
6.99946e-31
7.32663e-31
7.75013e-31
8.20067e-31
8.58167e-31
8.99547e-31
9.36423e-31
9.85261e-31
1.04784e-30
1.11285e-30
1.17937e-30
1.23415e-30
1.28817e-30
1.35789e-30
1.45515e-30
1.58174e-30
1.71402e-30
1.82089e-30
1.87801e-30
1.89304e-30
1.89788e-30
1.94428e-30
2.06725e-30
2.26039e-30
2.49026e-30
2.69073e-30
2.82361e-30
2.88644e-30
2.91154e-30
2.96646e-30
3.08571e-30
3.28115e-30
3.5222e-30
3.75328e-30
3.94836e-30
4.09369e-30
4.22027e-30
4.36741e-30
4.55314e-30
4.78643e-30
5.03546e-30
5.27509e-30
5.49322e-30
5.68947e-30
5.89778e-30
6.13587e-30
6.41509e-30
6.7294e-30
7.04398e-30
7.34494e-30
7.6179e-30
7.87459e-30
8.15024e-30
8.45944e-30
8.82463e-30
9.22986e-30
9.64321e-30
1.0045e-29
1.04029e-29
1.07348e-29
1.10658e-29
1.14263e-29
1.18587e-29
1.2351e-29
1.289e-29
1.34324e-29
1.39254e-29
1.43543e-29
1.47219e-29
1.50314e-29
1.55015e-29
1.60815e-29
1.74889e-29
1.99603e-29
2.3625e-29
3.05516e-29
3.32854e-29
3.61241e-29
1.91047e-29
-2.35929e-29
-7.49112e-29
-1.80445e-28
-1.71022e-28
-1.10163e-28
1.77926e-28
8.2223e-28
1.18767e-27
1.83024e-27
1.06872e-27
-7.49068e-28
-3.02427e-27
-7.53057e-27
-7.20087e-27
-5.91845e-27
1.76101e-27
1.68891e-26
2.26808e-26
3.30617e-26
1.66613e-26
-1.3598e-26
-4.09942e-26
-9.04824e-26
-7.13092e-26
-4.21816e-26
3.15835e-26
1.54638e-25
1.62749e-25
1.92011e-25
5.43247e-26
-1.45587e-25
-2.41549e-25
-4.15697e-25
-2.3651e-25
-3.16296e-26
2.19168e-25
5.89209e-25
4.5517e-25
3.83048e-25
-3.70702e-26
-5.43988e-25
-5.80035e-25
-7.54238e-25
-2.54564e-25
2.23642e-25
5.06862e-25
9.15306e-25
5.06873e-25
2.23658e-25
-2.54551e-25
-7.54233e-25
-5.80041e-25
-5.44e-25
-3.70843e-26
3.83039e-25
4.55168e-25
5.89213e-25
2.19175e-25
-3.16239e-26
-2.36508e-25
-4.15699e-25
-2.41554e-25
-1.45591e-25
5.43211e-26
1.92009e-25
1.62749e-25
1.54638e-25
3.15838e-26
-4.21819e-26
-7.13099e-26
-9.04832e-26
-4.09952e-26
-1.35988e-26
1.66603e-26
3.30607e-26
2.26799e-26
1.68882e-26
1.76025e-27
-5.91912e-27
-7.20146e-27
-7.5311e-27
-3.02482e-27
-7.49635e-28
1.06809e-27
1.82958e-27
1.18701e-27
8.21582e-28
1.77351e-28
-1.10657e-28
-1.71414e-28
-1.8077e-28
-7.52349e-29
-2.39606e-29
1.86317e-29
3.55691e-29
3.26984e-29
3.00063e-29
2.32081e-29
1.96805e-29
1.73295e-29
1.59702e-29
1.535e-29
1.47958e-29
1.43761e-29
1.39328e-29
1.34886e-29
1.30346e-29
1.25903e-29
1.21649e-29
1.17723e-29
1.1405e-29
1.10394e-29
1.06545e-29
1.02359e-29
9.79268e-30
9.36032e-30
8.96578e-30
8.63571e-30
8.36324e-30
8.11892e-30
7.87692e-30
7.60128e-30
7.29411e-30
6.96303e-30
6.62843e-30
6.32184e-30
6.0492e-30
5.82415e-30
5.63529e-30
5.46277e-30
5.28948e-30
5.08836e-30
4.85466e-30
4.5983e-30
4.34178e-30
4.11935e-30
3.95345e-30
3.83776e-30
3.75367e-30
3.65792e-30
3.51549e-30
3.32735e-30
3.10018e-30
2.88516e-30
2.71846e-30
2.61055e-30
2.56605e-30
2.53303e-30
2.48064e-30
2.38149e-30
2.22249e-30
2.04314e-30
1.86897e-30
1.74153e-30
1.68247e-30
1.67358e-30
1.69071e-30
1.68451e-30
1.61807e-30
1.48603e-30
1.30848e-30
1.13563e-30
1.02248e-30
9.93702e-31
1.04114e-30
1.11772e-30
1.15826e-30
1.1235e-30
1.00401e-30
8.38269e-31
6.83919e-31
5.88846e-31
5.739e-31
6.1628e-31
6.78469e-31
7.12343e-31
6.98059e-31
6.36338e-31
5.45453e-31
4.61545e-31
3.96039e-31
3.68366e-31
3.68269e-31
3.80871e-31
3.97783e-31
3.89844e-31
3.67504e-31
3.24158e-31
2.76446e-31
2.50103e-31
2.35429e-31
2.5009e-31
2.62171e-31
2.55539e-31
2.31601e-31
1.74568e-31
1.27902e-31
1.00643e-31
1.0467e-31
1.46855e-31
1.83193e-31
2.065e-31
1.94607e-31
1.48663e-31
1.02243e-31
5.99566e-32
4.28405e-32
4.28264e-32
3.98058e-32
3.81545e-32
3.11188e-32
3.94848e-32
7.65962e-32
1.25756e-31
1.72398e-31
1.72067e-31
1.0617e-31
-4.17987e-33
-1.26852e-31
-1.87962e-31
-1.54189e-31
-3.42103e-32
1.33956e-31
2.53842e-31
2.75084e-31
1.77819e-31
-7.18293e-33
-1.78666e-31
-2.73735e-31
-2.37883e-31
-8.58649e-32
9.62965e-32
2.41131e-31
2.6572e-31
1.6676e-31
7.62849e-34
-1.68532e-31
-2.45433e-31
-2.12602e-31
-9.24149e-32
6.2206e-32
1.62196e-31
1.84149e-31
1.20746e-31
9.2234e-33
-8.57565e-32
-1.4434e-31
-1.41136e-31
-9.72211e-32
-4.21102e-32
1.49728e-32
4.70423e-32
6.41906e-32
6.2999e-32
4.20405e-32
1.40525e-32
-2.74377e-32
-6.35041e-32
-8.95911e-32
-9.89142e-32
-8.53725e-32
-5.92554e-32
-2.00455e-32
1.72326e-32
4.954e-32
6.47857e-32
5.67683e-32
2.9083e-32
-2.1347e-32
-6.7406e-32
-1.04465e-31
-1.1422e-31
-9.04044e-32
-5.48288e-32
-3.53513e-33
3.18561e-32
4.94106e-32
5.16209e-32
2.59158e-32
-1.64456e-33
-3.92799e-32
-7.26874e-32
-8.71829e-32
-9.04029e-32
-6.45739e-32
-2.757e-32
1.16097e-32
4.31754e-32
4.64021e-32
3.06124e-32
-4.59139e-33
-4.33229e-32
-6.98695e-32
-8.09673e-32
-6.9043e-32
-4.29678e-32
-1.04476e-32
1.74026e-32
3.08043e-32
2.5108e-32
4.96529e-33
-1.97333e-32
-3.86555e-32
-3.87353e-32
-3.00278e-32
-1.60978e-32
-1.15375e-32
-2.43705e-32
-3.52611e-32
-4.19627e-32
-2.16456e-32
1.79217e-32
5.14524e-32
6.5775e-32
3.13686e-32
-2.98283e-32
-9.18744e-32
-1.21792e-31
-8.94166e-32
-1.83505e-32
6.66462e-32
1.15274e-31
1.01273e-31
3.72457e-32
-5.20257e-32
-1.10439e-31
-1.15612e-31
-6.50378e-32
1.53977e-32
7.52572e-32
9.33294e-32
5.61351e-32
-9.75002e-33
-6.44043e-32
-8.47867e-32
-5.25027e-32
6.9645e-33
6.26258e-32
8.74727e-32
6.04403e-32
2.60377e-33
-6.14006e-32
-1.00635e-31
-8.9391e-32
-3.97688e-32
3.18185e-32
9.45872e-32
1.17207e-31
9.96586e-32
4.38074e-32
-2.76687e-32
-8.36395e-32
-1.14533e-31
-1.03282e-31
-5.71648e-32
5.63339e-33
7.50511e-32
1.20459e-31
1.32797e-31
1.05678e-31
3.87955e-32
-3.91852e-32
-1.0943e-31
-1.40293e-31
-1.14694e-31
-4.31709e-32
5.56428e-32
1.36669e-31
1.66861e-31
1.32794e-31
4.43442e-32
-5.54066e-32
-1.23798e-31
-1.29596e-31
-6.92643e-32
2.50422e-32
1.0963e-31
1.456e-31
1.15201e-31
3.94515e-32
-4.51059e-32
-9.77033e-32
-8.87794e-32
-3.1498e-32
5.09815e-32
1.16323e-31
1.28505e-31
9.43555e-32
2.04216e-32
-4.80027e-32
-7.64632e-32
-6.37648e-32
-1.41135e-33
6.36389e-32
1.06582e-31
1.15186e-31
7.2825e-32
2.17149e-32
-2.65417e-32
-4.88772e-32
-2.92471e-32
3.91129e-33
4.90488e-32
7.98418e-32
8.54662e-32
7.73787e-32
5.30155e-32
3.10465e-32
1.80029e-32
1.08003e-32
1.28704e-32
1.5345e-32
1.3568e-32
1.47718e-32
1.49147e-32
2.4753e-32
4.76164e-32
7.15746e-32
1.00776e-31
1.09388e-31
9.54626e-32
6.03862e-32
2.36453e-33
-4.12435e-32
-6.70167e-32
-5.21123e-32
1.43316e-33
6.56362e-32
1.28996e-31
1.52609e-31
1.37475e-31
8.57212e-32
2.21256e-32
-2.68342e-32
-4.72996e-32
-2.59617e-32
4.80354e-33
5.36462e-32
7.41107e-32
7.48209e-32
6.7877e-32
2.31434e-32
1.38276e-32
-1.85672e-32
-2.46963e-32
-4.70127e-33
)
;

boundaryField
{
    left
    {
        type            calculated;
        value           uniform 0;
    }
    right
    {
        type            calculated;
        value           uniform 0;
    }
    empty
    {
        type            empty;
        value           nonuniform List<scalar> 0();
    }
}


// ************************************************************************* //
