/*--------------------------------*- C++ -*----------------------------------*\
| =========                 |                                                 |
| \\      /  F ield         | OpenFOAM: The Open Source CFD Toolbox           |
|  \\    /   O peration     | Version:  2106                                  |
|   \\  /    A nd           | Website:  www.openfoam.com                      |
|    \\/     M anipulation  |                                                 |
\*---------------------------------------------------------------------------*/
FoamFile
{
    version     2.0;
    format      ascii;
    arch        "LSB;label=32;scalar=64";
    class       surfaceScalarField;
    location    "0.096";
    object      phi;
}
// * * * * * * * * * * * * * * * * * * * * * * * * * * * * * * * * * * * * * //

dimensions      [0 3 -1 0 0 0 0];

oriented        oriented;

internalField   nonuniform List<scalar> 
799
(
1.714e-32
4.42744e-32
5.67728e-32
4.52338e-32
1.92956e-32
-4.82175e-32
-1.08471e-31
-1.55215e-31
-1.66124e-31
-1.29219e-31
-7.42771e-32
-1.28555e-32
2.47624e-32
3.36478e-32
1.12017e-32
-2.88881e-32
-8.06438e-32
-1.3386e-31
-1.74696e-31
-2.0318e-31
-1.95518e-31
-1.59882e-31
-9.91628e-32
-2.88348e-32
1.13178e-32
1.99785e-32
-2.21207e-32
-9.31789e-32
-1.59907e-31
-2.12937e-31
-2.16222e-31
-1.89358e-31
-1.43459e-31
-8.88452e-32
-6.43923e-32
-5.3747e-32
-7.13773e-32
-1.09707e-31
-1.40015e-31
-1.77136e-31
-1.86525e-31
-1.74457e-31
-1.51396e-31
-1.05077e-31
-8.02217e-32
-7.02957e-32
-8.65657e-32
-1.35875e-31
-1.76167e-31
-2.12785e-31
-2.15031e-31
-1.81491e-31
-1.38602e-31
-8.45742e-32
-6.04203e-32
-6.68227e-32
-1.00156e-31
-1.59465e-31
-2.05074e-31
-2.30416e-31
-2.17431e-31
-1.64453e-31
-1.02506e-31
-4.77213e-32
-3.50444e-32
-7.59132e-32
-1.49825e-31
-2.33447e-31
-2.78965e-31
-2.61526e-31
-1.90208e-31
-8.85085e-32
-1.21014e-32
4.41459e-33
-4.26654e-32
-1.36423e-31
-2.22893e-31
-2.6747e-31
-2.55888e-31
-1.96547e-31
-1.30201e-31
-8.10771e-32
-6.55802e-32
-8.04429e-32
-1.04409e-31
-1.30188e-31
-1.49592e-31
-1.67551e-31
-1.87668e-31
-1.9974e-31
-1.97576e-31
-1.66251e-31
-1.1349e-31
-5.98814e-32
-2.70202e-32
-4.57092e-32
-1.04094e-31
-1.85665e-31
-2.54819e-31
-2.67969e-31
-2.3248e-31
-1.46491e-31
-5.54453e-32
-1.99439e-33
7.25684e-33
-5.04688e-32
-1.29511e-31
-2.0307e-31
-2.46769e-31
-2.29544e-31
-1.85482e-31
-1.22502e-31
-7.56439e-32
-6.68418e-32
-7.80647e-32
-1.0847e-31
-1.25103e-31
-1.22397e-31
-1.09454e-31
-9.536e-32
-1.0508e-31
-1.35375e-31
-1.7671e-31
-2.07333e-31
-2.05719e-31
-1.7085e-31
-1.11288e-31
-5.1636e-32
-1.36336e-32
-8.08721e-33
-3.78496e-32
-9.00447e-32
-1.50829e-31
-2.0598e-31
-2.37676e-31
-2.40248e-31
-2.06369e-31
-1.42068e-31
-6.81668e-32
-3.23039e-33
2.22125e-32
-1.97859e-34
-6.32549e-32
-1.47302e-31
-2.11998e-31
-2.38356e-31
-2.14729e-31
-1.54348e-31
-9.14886e-32
-4.80535e-32
-4.71504e-32
-8.16038e-32
-1.28489e-31
-1.65467e-31
-1.65885e-31
-1.3288e-31
-8.19713e-32
-4.01466e-32
-3.72321e-32
-7.71666e-32
-1.48171e-31
-2.14903e-31
-2.41733e-31
-2.10716e-31
-1.30414e-31
-4.09477e-32
1.72484e-32
9.44232e-33
-5.69564e-32
-1.46812e-31
-2.17475e-31
-2.24266e-31
-1.77768e-31
-1.00193e-31
-3.73992e-32
-3.08721e-32
-6.67233e-32
-1.35485e-31
-1.84969e-31
-1.87012e-31
-1.50648e-31
-7.95618e-32
-2.99843e-32
-1.64278e-32
-4.53827e-32
-1.12631e-31
-1.68471e-31
-2.04794e-31
-1.96977e-31
-1.49786e-31
-9.43074e-32
-3.82486e-32
-1.51035e-32
-2.35249e-32
-5.49657e-32
-1.03407e-31
-1.40912e-31
-1.6505e-31
-1.68751e-31
-1.51069e-31
-1.24557e-31
-8.90825e-32
-5.53813e-32
-3.29447e-32
-2.57909e-32
-4.4398e-32
-8.3483e-32
-1.29204e-31
-1.65106e-31
-1.67472e-31
-1.32645e-31
-7.36711e-32
-1.55188e-32
6.5286e-33
-2.08736e-32
-8.752e-32
-1.61549e-31
-1.97462e-31
-1.70021e-31
-8.58769e-32
1.87161e-32
8.72672e-32
7.93423e-32
-5.06422e-33
-1.3189e-31
-2.34202e-31
-2.5657e-31
-1.86814e-31
-4.76735e-32
8.94053e-32
1.61125e-31
1.39561e-31
2.9783e-32
-1.02815e-31
-1.98643e-31
-2.15739e-31
-1.41582e-31
-2.4372e-32
9.00447e-32
1.53133e-31
1.40654e-31
7.72238e-32
-8.10489e-33
-7.02078e-32
-8.03775e-32
-4.13679e-32
2.97993e-32
9.88311e-32
1.36715e-31
1.34055e-31
1.05111e-31
7.4046e-32
7.13977e-32
1.07909e-31
1.64774e-31
2.20022e-31
2.37575e-31
2.09981e-31
1.61844e-31
1.20938e-31
1.30851e-31
1.9935e-31
3.00614e-31
4.02083e-31
4.56957e-31
4.52919e-31
4.12457e-31
3.63203e-31
3.47254e-31
3.78994e-31
4.4079e-31
5.20086e-31
5.86196e-31
6.3231e-31
6.72474e-31
7.03997e-31
7.45117e-31
7.88902e-31
8.25691e-31
8.6572e-31
9.01203e-31
9.48605e-31
1.0097e-30
1.07318e-30
1.13813e-30
1.19129e-30
1.24366e-30
1.31167e-30
1.40717e-30
1.53196e-30
1.66239e-30
1.76736e-30
1.82253e-30
1.83556e-30
1.83835e-30
1.88265e-30
2.00347e-30
2.19441e-30
2.42203e-30
2.6202e-30
2.75071e-30
2.81114e-30
2.83379e-30
2.88619e-30
3.00288e-30
3.19571e-30
3.4341e-30
3.66246e-30
3.85477e-30
3.99729e-30
4.121e-30
4.26522e-30
4.44798e-30
4.67825e-30
4.92422e-30
5.16074e-30
5.37571e-30
5.56875e-30
5.77382e-30
6.00862e-30
6.2845e-30
6.59544e-30
6.9066e-30
7.2041e-30
7.47356e-30
7.72672e-30
7.9988e-30
8.3044e-30
8.66595e-30
9.06752e-30
9.47718e-30
9.8752e-30
1.02294e-29
1.05576e-29
1.08847e-29
1.12414e-29
1.167e-29
1.21584e-29
1.26937e-29
1.32322e-29
1.37213e-29
1.41463e-29
1.451e-29
1.48156e-29
1.52818e-29
1.58579e-29
1.72615e-29
1.97291e-29
2.33899e-29
3.03126e-29
3.30426e-29
3.58775e-29
1.88543e-29
-2.3847e-29
-7.5169e-29
-1.80706e-28
-1.71287e-28
-1.10432e-28
1.77653e-28
8.21954e-28
1.18739e-27
1.82995e-27
1.06843e-27
-7.49357e-28
-3.02456e-27
-7.53087e-27
-7.20117e-27
-5.91875e-27
1.7607e-27
1.68888e-26
2.26805e-26
3.30614e-26
1.6661e-26
-1.35983e-26
-4.09945e-26
-9.04828e-26
-7.13096e-26
-4.21819e-26
3.15832e-26
1.54638e-25
1.62748e-25
1.92011e-25
5.43244e-26
-1.45587e-25
-2.41549e-25
-4.15698e-25
-2.3651e-25
-3.163e-26
2.19167e-25
5.89209e-25
4.5517e-25
3.83048e-25
-3.70706e-26
-5.43988e-25
-5.80036e-25
-7.54238e-25
-2.54564e-25
2.23642e-25
5.06862e-25
9.15306e-25
5.06872e-25
2.23657e-25
-2.54551e-25
-7.54234e-25
-5.80041e-25
-5.44001e-25
-3.70846e-26
3.83039e-25
4.55168e-25
5.89213e-25
2.19175e-25
-3.16242e-26
-2.36509e-25
-4.157e-25
-2.41554e-25
-1.45592e-25
5.43207e-26
1.92009e-25
1.62748e-25
1.54638e-25
3.15835e-26
-4.21822e-26
-7.13102e-26
-9.04835e-26
-4.09955e-26
-1.35992e-26
1.666e-26
3.30604e-26
2.26796e-26
1.68879e-26
1.75994e-27
-5.91942e-27
-7.20175e-27
-7.53139e-27
-3.02511e-27
-7.49923e-28
1.06781e-27
1.8293e-27
1.18673e-27
8.21309e-28
1.77082e-28
-1.10923e-28
-1.71677e-28
-1.81029e-28
-7.54901e-29
-2.42121e-29
1.83839e-29
3.53251e-29
3.24582e-29
2.97699e-29
2.29756e-29
1.94518e-29
1.71047e-29
1.57492e-29
1.51329e-29
1.45826e-29
1.41667e-29
1.37273e-29
1.32869e-29
1.28368e-29
1.23963e-29
1.19747e-29
1.1586e-29
1.12225e-29
1.08606e-29
1.04795e-29
1.00646e-29
9.62511e-30
9.19643e-30
8.80554e-30
8.47909e-30
8.21022e-30
7.96946e-30
7.73098e-30
7.45883e-30
7.15511e-30
6.82744e-30
6.49622e-30
6.19296e-30
5.9236e-30
5.70179e-30
5.51613e-30
5.34676e-30
5.17658e-30
4.97852e-30
4.74783e-30
4.49443e-30
4.24083e-30
4.02127e-30
3.85817e-30
3.74525e-30
3.66387e-30
3.57079e-30
3.43098e-30
3.2454e-30
3.02075e-30
2.80818e-30
2.6439e-30
2.53835e-30
2.49616e-30
2.46539e-30
2.41521e-30
2.31821e-30
2.16132e-30
1.98402e-30
1.81186e-30
1.68637e-30
1.62922e-30
1.62219e-30
1.64114e-30
1.63669e-30
1.57197e-30
1.44159e-30
1.26567e-30
1.09439e-30
9.82784e-31
9.55502e-31
1.00438e-30
1.08236e-30
1.12426e-30
1.09082e-30
9.7261e-31
8.08112e-31
6.54967e-31
5.61056e-31
5.47238e-31
5.90707e-31
6.5395e-31
6.88837e-31
6.75535e-31
6.14765e-31
5.24797e-31
4.41771e-31
3.77121e-31
3.50274e-31
3.50973e-31
3.64342e-31
3.81988e-31
3.74762e-31
3.53108e-31
3.10419e-31
2.63337e-31
2.37601e-31
2.23509e-31
2.3873e-31
2.51347e-31
2.45237e-31
2.21796e-31
1.65239e-31
1.19031e-31
9.22071e-32
9.66531e-32
1.39237e-31
1.7596e-31
1.99635e-31
1.88096e-31
1.42488e-31
9.63898e-32
5.4409e-32
3.75851e-32
3.78505e-32
3.50963e-32
3.3697e-32
2.69043e-32
3.55045e-32
7.2838e-32
1.22209e-31
1.69051e-31
1.6891e-31
1.03194e-31
-6.98451e-33
-1.29494e-31
-1.90449e-31
-1.56527e-31
-3.64057e-32
1.31896e-31
2.5191e-31
2.73271e-31
1.76117e-31
-8.77916e-33
-1.80156e-31
-2.75122e-31
-2.39178e-31
-8.70776e-32
9.51669e-32
2.4008e-31
2.64742e-31
1.65856e-31
-7.03416e-35
-1.69302e-31
-2.46146e-31
-2.13258e-31
-9.30205e-32
6.16467e-32
1.61682e-31
1.8368e-31
1.20322e-31
8.84423e-33
-8.61026e-32
-1.44657e-31
-1.41424e-31
-9.74844e-32
-4.23479e-32
1.47635e-32
4.68648e-32
6.40387e-32
6.28726e-32
4.19369e-32
1.39668e-32
-2.75039e-32
-6.35559e-32
-8.9625e-32
-9.89368e-32
-8.53826e-32
-5.92539e-32
-2.00312e-32
1.72521e-32
4.95675e-32
6.48215e-32
5.68104e-32
2.91327e-32
-2.12844e-32
-6.73338e-32
-1.04385e-31
-1.14131e-31
-9.03111e-32
-5.47273e-32
-3.4268e-33
3.19693e-32
4.95265e-32
5.17413e-32
2.60407e-32
-1.52269e-33
-3.91551e-32
-7.25616e-32
-8.70565e-32
-9.0275e-32
-6.44451e-32
-2.74396e-32
1.17376e-32
4.33063e-32
4.65345e-32
3.07472e-32
-4.45973e-33
-4.31935e-32
-6.97409e-32
-8.08349e-32
-6.89094e-32
-4.28324e-32
-1.03152e-32
1.7532e-32
3.09277e-32
2.52284e-32
5.08566e-33
-1.96144e-32
-3.85367e-32
-3.86194e-32
-2.99134e-32
-1.5987e-32
-1.14316e-32
-2.42712e-32
-3.51708e-32
-4.18784e-32
-2.15734e-32
1.7995e-32
5.15261e-32
6.58472e-32
3.14423e-32
-2.97537e-32
-9.18037e-32
-1.21726e-31
-8.93534e-32
-1.82948e-32
6.66974e-32
1.15323e-31
1.01318e-31
3.72878e-32
-5.19881e-32
-1.10403e-31
-1.15581e-31
-6.50092e-32
1.54232e-32
7.5279e-32
9.33519e-32
5.61549e-32
-9.73347e-33
-6.43923e-32
-8.47765e-32
-5.24966e-32
6.9657e-33
6.26198e-32
8.74631e-32
6.0423e-32
2.58458e-33
-6.14247e-32
-1.00662e-31
-8.94211e-32
-3.98015e-32
3.17824e-32
9.45511e-32
1.17168e-31
9.96142e-32
4.37592e-32
-2.77244e-32
-8.36982e-32
-1.14592e-31
-1.03341e-31
-5.72265e-32
5.56963e-33
7.49826e-32
1.20385e-31
1.32717e-31
1.05594e-31
3.87044e-32
-3.92814e-32
-1.09531e-31
-1.40399e-31
-1.14804e-31
-4.32853e-32
5.55225e-32
1.36544e-31
1.66734e-31
1.32663e-31
4.42142e-32
-5.5536e-32
-1.23931e-31
-1.29731e-31
-6.94011e-32
2.49041e-32
1.09491e-31
1.45461e-31
1.15061e-31
3.93115e-32
-4.52458e-32
-9.78418e-32
-8.892e-32
-3.16387e-32
5.08363e-32
1.16176e-31
1.28354e-31
9.42051e-32
2.02697e-32
-4.81592e-32
-7.66174e-32
-6.39168e-32
-1.56482e-33
6.348e-32
1.06423e-31
1.15029e-31
7.26696e-32
2.15614e-32
-2.66959e-32
-4.90352e-32
-2.9408e-32
3.74277e-33
4.88742e-32
7.96703e-32
8.52976e-32
7.72147e-32
5.28594e-32
3.0898e-32
1.786e-32
1.06663e-32
1.2738e-32
1.52125e-32
1.34364e-32
1.46412e-32
1.47845e-32
2.46254e-32
4.749e-32
7.14512e-32
1.00655e-31
1.09268e-31
9.53467e-32
6.02741e-32
2.2562e-33
-4.13473e-32
-6.71141e-32
-5.22086e-32
1.33687e-33
6.55418e-32
1.28903e-31
1.52517e-31
1.37388e-31
8.56392e-32
2.20511e-32
-2.6904e-32
-4.73628e-32
-2.60181e-32
4.74937e-33
5.35965e-32
7.40671e-32
7.47863e-32
6.78499e-32
2.31145e-32
1.38012e-32
-1.8589e-32
-2.4713e-32
-4.70969e-33
)
;

boundaryField
{
    left
    {
        type            calculated;
        value           uniform 0;
    }
    right
    {
        type            calculated;
        value           uniform 0;
    }
    empty
    {
        type            empty;
        value           nonuniform List<scalar> 0();
    }
}


// ************************************************************************* //
