/*--------------------------------*- C++ -*----------------------------------*\
| =========                 |                                                 |
| \\      /  F ield         | OpenFOAM: The Open Source CFD Toolbox           |
|  \\    /   O peration     | Version:  2106                                  |
|   \\  /    A nd           | Website:  www.openfoam.com                      |
|    \\/     M anipulation  |                                                 |
\*---------------------------------------------------------------------------*/
FoamFile
{
    version     2.0;
    format      ascii;
    arch        "LSB;label=32;scalar=64";
    class       surfaceScalarField;
    location    "0.043";
    object      phi;
}
// * * * * * * * * * * * * * * * * * * * * * * * * * * * * * * * * * * * * * //

dimensions      [0 3 -1 0 0 0 0];

oriented        oriented;

internalField   nonuniform List<scalar> 
799
(
1.89042e-32
4.78012e-32
6.20526e-32
5.22679e-32
2.80755e-32
-3.77001e-32
-9.62213e-32
-1.41243e-31
-1.50443e-31
-1.11835e-31
-5.5202e-32
7.89819e-33
4.7179e-32
5.771e-32
3.68943e-32
-1.58146e-33
-5.17398e-32
-1.03382e-31
-1.42662e-31
-1.6961e-31
-1.60433e-31
-1.23307e-31
-6.11257e-32
1.06423e-32
5.22077e-32
6.22643e-32
2.15339e-32
-4.81844e-32
-1.13603e-31
-1.65347e-31
-1.67375e-31
-1.39281e-31
-9.21828e-32
-3.64012e-32
-1.08079e-32
9.47049e-34
-1.56041e-32
-5.2885e-32
-8.2174e-32
-1.1831e-31
-1.26743e-31
-1.13747e-31
-8.97882e-32
-4.26044e-32
-1.69127e-32
-6.17877e-33
-2.1672e-32
-7.02348e-32
-1.09811e-31
-1.4574e-31
-1.47326e-31
-1.13156e-31
-6.96641e-32
-1.50625e-32
9.63868e-33
3.75575e-33
-2.90846e-32
-8.7927e-32
-1.33091e-31
-1.58018e-31
-1.44642e-31
-9.12936e-32
-2.90064e-32
2.60986e-32
3.90723e-32
-1.52043e-33
-7.5176e-32
-1.58564e-31
-2.0387e-31
-1.8624e-31
-1.14752e-31
-1.28962e-32
6.36482e-32
8.02842e-32
3.33096e-32
-6.03623e-32
-1.46765e-31
-1.91284e-31
-1.79663e-31
-1.20295e-31
-5.39342e-32
-4.80975e-33
1.06731e-32
-4.21523e-33
-2.82164e-32
-5.40464e-32
-7.35088e-32
-9.15366e-32
-1.11731e-31
-1.23887e-31
-1.21818e-31
-9.05954e-32
-3.79451e-32
1.55444e-32
4.82837e-32
2.94637e-32
-2.90584e-32
-1.10773e-31
-1.80073e-31
-1.93378e-31
-1.58044e-31
-7.22179e-32
1.86635e-32
7.19493e-32
8.1029e-32
2.31307e-32
-5.60852e-32
-1.29822e-31
-1.73705e-31
-1.56661e-31
-1.12783e-31
-4.99865e-32
-3.30869e-33
5.30834e-33
-6.10824e-33
-3.6701e-32
-5.35243e-32
-5.10097e-32
-3.82562e-32
-2.43506e-32
-3.42595e-32
-6.4741e-32
-1.06262e-31
-1.37069e-31
-1.3564e-31
-1.00958e-31
-4.1573e-32
1.78976e-32
5.57178e-32
6.10856e-32
3.11463e-32
-2.12259e-32
-8.21838e-32
-1.37505e-31
-1.69375e-31
-1.72117e-31
-1.38408e-31
-7.42768e-32
-5.43889e-34
6.42246e-32
8.95021e-32
6.69269e-32
3.70713e-33
-8.05022e-32
-1.4536e-31
-1.71875e-31
-1.48405e-31
-8.81865e-32
-2.54888e-32
1.77863e-32
1.85334e-32
-1.60785e-32
-6.3124e-32
-1.00266e-31
-1.00839e-31
-6.79913e-32
-1.7242e-32
2.44322e-32
2.71962e-32
-1.28962e-32
-8.40608e-32
-1.50952e-31
-1.77945e-31
-1.47096e-31
-6.69603e-32
2.23431e-32
8.03707e-32
7.23901e-32
5.81691e-33
-8.42158e-32
-1.55058e-31
-1.62032e-31
-1.15724e-31
-3.83413e-32
2.42577e-32
3.05847e-32
-5.47122e-33
-7.44447e-32
-1.24152e-31
-1.26422e-31
-9.02926e-32
-1.94472e-32
2.9882e-32
4.31821e-32
1.39585e-32
-5.35664e-32
-1.09697e-31
-1.46324e-31
-1.3882e-31
-9.19481e-32
-3.68214e-32
1.88793e-32
4.16512e-32
3.28337e-32
9.78764e-34
-4.78992e-32
-8.58637e-32
-1.10486e-31
-1.14698e-31
-9.75531e-32
-7.1607e-32
-3.67281e-32
-3.65566e-33
1.81105e-32
2.45518e-32
5.19202e-33
-3.469e-32
-8.12577e-32
-1.18056e-31
-1.21373e-31
-8.75606e-32
-2.96649e-32
2.73362e-32
4.81648e-32
1.94692e-32
-4.85545e-32
-1.24048e-31
-1.61515e-31
-1.35731e-31
-5.33453e-32
4.93745e-32
1.15935e-31
1.05896e-31
1.92322e-32
-1.09991e-31
-2.1485e-31
-2.39923e-31
-1.7305e-31
-3.69741e-32
9.68487e-32
1.65108e-31
1.39867e-31
2.61813e-32
-1.10568e-31
-2.10804e-31
-2.3258e-31
-1.63393e-31
-5.14524e-32
5.73732e-32
1.14532e-31
9.57695e-32
2.56758e-32
-6.6711e-32
-1.36294e-31
-1.54381e-31
-1.23759e-31
-6.14673e-32
-1.82813e-33
2.61279e-32
1.29684e-32
-2.70744e-32
-6.98661e-32
-8.48963e-32
-6.14582e-32
-1.83926e-32
2.2293e-32
2.44894e-32
-1.92984e-32
-8.45017e-32
-1.43396e-31
-1.5242e-31
-1.0386e-31
-2.35806e-32
5.58114e-32
8.74673e-32
5.90267e-32
-7.07474e-33
-8.32604e-32
-1.27497e-31
-1.2545e-31
-9.48054e-32
-4.81742e-32
-1.6309e-32
-6.07646e-33
-3.49855e-33
-1.13276e-32
-1.13953e-32
-1.07017e-32
-1.89719e-32
-2.60412e-32
-3.97698e-32
-4.37637e-32
-3.63158e-32
-2.88234e-32
-2.22693e-32
-2.99834e-32
-4.10623e-32
-3.91372e-32
-1.2429e-32
4.07556e-32
9.67039e-32
1.24236e-31
9.89311e-32
2.83659e-32
-5.56264e-32
-1.01395e-31
-7.39978e-32
2.00959e-32
1.47349e-31
2.41572e-31
2.64484e-31
2.13577e-31
1.21093e-31
5.44918e-32
4.82419e-32
1.14135e-31
2.21527e-31
3.14766e-31
3.6779e-31
3.6679e-31
3.42716e-31
3.34836e-31
3.61136e-31
4.30564e-31
5.11265e-31
5.78071e-31
6.18878e-31
6.33272e-31
6.55206e-31
7.02394e-31
7.86189e-31
9.00569e-31
1.01072e-30
1.1028e-30
1.16244e-30
1.20143e-30
1.25505e-30
1.33794e-30
1.4726e-30
1.64318e-30
1.81781e-30
1.97688e-30
2.08823e-30
2.16991e-30
2.24694e-30
2.35e-30
2.52159e-30
2.74977e-30
3.02171e-30
3.29401e-30
3.5142e-30
3.66771e-30
3.75751e-30
3.78707e-30
3.97522e-30
4.27149e-30
5.39363e-30
7.57852e-30
1.09555e-29
1.75935e-29
2.00382e-29
2.25874e-29
5.27837e-30
-3.77086e-29
-8.93158e-29
-1.95138e-28
-1.86002e-28
-1.25429e-28
1.62375e-28
8.06397e-28
1.17156e-27
1.81385e-27
1.05205e-27
-7.66006e-28
-3.04148e-27
-7.54805e-27
-7.21861e-27
-5.93644e-27
1.74276e-27
1.68706e-26
2.26621e-26
3.30427e-26
1.66421e-26
-1.36174e-26
-4.10139e-26
-9.05023e-26
-7.13293e-26
-4.22018e-26
3.1563e-26
1.54617e-25
1.62728e-25
1.9199e-25
5.43036e-26
-1.45608e-25
-2.4157e-25
-4.15719e-25
-2.36532e-25
-3.16514e-26
2.19146e-25
5.89187e-25
4.55148e-25
3.83026e-25
-3.70925e-26
-5.4401e-25
-5.80058e-25
-7.5426e-25
-2.54587e-25
2.23619e-25
5.0684e-25
9.15284e-25
5.0685e-25
2.23635e-25
-2.54573e-25
-7.54256e-25
-5.80063e-25
-5.44023e-25
-3.71065e-26
3.83017e-25
4.55146e-25
5.89191e-25
2.19153e-25
-3.16456e-26
-2.3653e-25
-4.15721e-25
-2.41575e-25
-1.45613e-25
5.43001e-26
1.91989e-25
1.62728e-25
1.54618e-25
3.15635e-26
-4.2202e-26
-7.13298e-26
-9.05028e-26
-4.10147e-26
-1.36181e-26
1.66413e-26
3.30419e-26
2.26614e-26
1.68699e-26
1.74222e-27
-5.93689e-27
-7.21897e-27
-7.54835e-27
-3.04181e-27
-7.66351e-28
1.05165e-27
1.81342e-27
1.17112e-27
8.05975e-28
1.62026e-28
-1.25698e-28
-1.8617e-28
-1.9524e-28
-8.9418e-29
-3.78563e-29
5.02359e-30
2.22485e-29
1.96651e-29
1.72596e-29
1.07473e-29
7.50436e-30
5.43695e-30
4.3596e-30
4.01973e-30
3.74384e-30
3.6003e-30
3.43095e-30
3.25808e-30
3.07274e-30
2.89427e-30
2.73166e-30
2.59877e-30
2.48778e-30
2.37506e-30
2.23946e-30
2.0665e-30
1.86512e-30
1.6707e-30
1.51011e-30
1.40993e-30
1.36321e-30
1.34043e-30
1.31568e-30
1.25298e-30
1.15439e-30
1.02749e-30
8.92657e-31
7.81374e-31
6.99574e-31
6.60898e-31
6.53943e-31
6.58864e-31
6.58561e-31
6.2598e-31
5.56407e-31
4.59781e-31
3.58638e-31
2.87255e-31
2.68108e-31
2.94956e-31
3.49203e-31
3.87669e-31
3.75364e-31
3.13335e-31
2.08316e-31
1.11547e-31
5.92758e-32
6.20307e-32
1.24512e-31
1.94848e-31
2.42276e-31
2.39473e-31
1.73435e-31
8.37253e-32
-4.04144e-33
-4.82284e-32
-2.71195e-32
4.11607e-32
1.32549e-31
1.97745e-31
1.99946e-31
1.33855e-31
1.9649e-32
-9.23905e-32
-1.47177e-31
-1.19973e-31
-1.88632e-32
1.09158e-31
1.98985e-31
2.11416e-31
1.37102e-31
1.45934e-32
-9.8409e-32
-1.53951e-31
-1.31117e-31
-5.26441e-32
4.40195e-32
1.10803e-31
1.27924e-31
9.61626e-32
3.3846e-32
-2.28268e-32
-6.23772e-32
-6.53295e-32
-4.18882e-32
-6.87467e-33
3.13577e-32
4.3699e-32
4.06469e-32
1.56346e-32
-1.46564e-32
-2.44476e-32
-2.34061e-32
6.17577e-33
3.24143e-32
3.92145e-32
2.80155e-32
-1.69361e-32
-5.21532e-32
-6.85671e-32
-5.42623e-32
-2.34422e-33
4.32089e-32
7.52418e-32
7.16047e-32
3.34681e-32
-5.56865e-33
-4.08779e-32
-5.14013e-32
-4.51856e-32
-4.23231e-32
-3.84155e-32
-4.02008e-32
-2.68778e-32
1.49104e-32
6.84824e-32
1.19284e-31
1.22875e-31
6.06728e-32
-4.61952e-32
-1.65586e-31
-2.23608e-31
-1.86924e-31
-6.42017e-32
1.06548e-31
2.28864e-31
2.52392e-31
1.57276e-31
-2.56984e-32
-1.95274e-31
-2.88548e-31
-2.51008e-31
-9.74099e-32
8.62388e-32
2.32472e-31
2.58376e-31
1.6065e-31
-4.18927e-33
-1.72402e-31
-2.48288e-31
-2.145e-31
-9.34208e-32
6.20386e-32
1.62813e-31
1.85503e-31
1.22799e-31
1.19287e-32
-8.24479e-32
-1.40473e-31
-1.36745e-31
-9.23431e-32
-3.67747e-32
2.07314e-32
5.32008e-32
7.07253e-32
6.98842e-32
4.92459e-32
2.15554e-32
-1.9655e-32
-5.54657e-32
-8.13171e-32
-9.04284e-32
-7.66919e-32
-5.03992e-32
-1.10275e-32
2.64018e-32
5.88428e-32
7.42062e-32
6.62911e-32
3.86992e-32
-1.16458e-32
-5.7635e-32
-9.4632e-32
-1.0434e-31
-8.04858e-32
-4.48787e-32
6.43381e-33
4.18348e-32
5.93894e-32
6.15967e-32
3.58735e-32
8.28752e-33
-2.9378e-32
-6.28236e-32
-7.73637e-32
-8.06348e-32
-5.48591e-32
-1.7916e-32
2.11943e-32
5.26892e-32
5.58392e-32
3.99604e-32
4.66286e-33
-3.41732e-32
-6.0831e-32
-7.20418e-32
-6.02373e-32
-3.42861e-32
-1.89405e-33
2.58225e-32
3.90843e-32
3.32437e-32
1.29579e-32
-1.18926e-32
-3.09668e-32
-3.12046e-32
-2.26575e-32
-8.896e-33
-4.50431e-33
-1.75109e-32
-2.85805e-32
-3.54627e-32
-1.53262e-32
2.40581e-32
5.74063e-32
7.15438e-32
3.69508e-32
-2.44381e-32
-8.66834e-32
-1.16803e-31
-8.46303e-32
-1.37689e-32
7.10217e-32
1.19442e-31
1.05235e-31
4.09952e-32
-4.84898e-32
-1.07119e-31
-1.12513e-31
-6.21594e-32
1.80518e-32
7.76849e-32
9.55291e-32
5.81019e-32
-8.0212e-33
-6.29117e-32
-8.35282e-32
-5.14855e-32
7.74209e-33
6.31615e-32
8.77688e-32
6.04908e-32
2.40892e-33
-6.18496e-32
-1.01347e-31
-9.0366e-32
-4.10089e-32
3.03093e-32
9.28118e-32
1.15166e-31
9.73497e-32
4.12284e-32
-3.05087e-32
-8.67361e-32
-1.17881e-31
-1.06883e-31
-6.10189e-32
1.52278e-33
7.06816e-32
1.15832e-31
1.2791e-31
1.00531e-31
3.3384e-32
-4.48621e-32
-1.15371e-31
-1.46497e-31
-1.21161e-31
-4.98966e-32
4.86553e-32
1.29421e-31
1.59359e-31
1.25038e-31
3.63399e-32
-6.3658e-32
-1.32293e-31
-1.38334e-31
-7.8242e-32
1.5828e-32
1.00183e-31
1.35925e-31
1.05302e-31
2.93313e-32
-5.54397e-32
-1.08248e-31
-9.95247e-32
-4.24404e-32
3.98487e-32
1.05008e-31
1.17015e-31
8.26991e-32
8.60349e-33
-5.99748e-32
-8.858e-32
-7.6014e-32
-1.37885e-32
5.11468e-32
9.39884e-32
1.02503e-31
6.00619e-32
8.88335e-33
-3.94263e-32
-6.1805e-32
-4.2211e-32
-9.0767e-33
3.60533e-32
6.68591e-32
7.25105e-32
6.4463e-32
4.01539e-32
1.82544e-32
5.2933e-33
-1.80857e-33
3.69011e-34
2.96361e-33
1.32633e-33
2.68539e-33
3.00024e-33
1.30241e-32
3.60864e-32
6.02568e-32
8.96851e-32
9.85385e-32
8.48708e-32
5.00652e-32
-7.66949e-33
-5.09739e-32
-7.64271e-32
-6.11918e-32
-7.30424e-33
5.72517e-32
1.20973e-31
1.44959e-31
1.30214e-31
7.88616e-32
1.56798e-32
-3.28587e-32
-5.28909e-32
-3.11113e-32
1.01563e-34
4.94001e-32
7.0325e-32
7.15001e-32
6.50272e-32
2.07624e-32
1.19174e-32
-2.00033e-32
-2.56557e-32
-5.18156e-33
)
;

boundaryField
{
    left
    {
        type            calculated;
        value           uniform 0;
    }
    right
    {
        type            calculated;
        value           uniform 0;
    }
    empty
    {
        type            empty;
        value           nonuniform List<scalar> 0();
    }
}


// ************************************************************************* //
