/*--------------------------------*- C++ -*----------------------------------*\
| =========                 |                                                 |
| \\      /  F ield         | OpenFOAM: The Open Source CFD Toolbox           |
|  \\    /   O peration     | Version:  2106                                  |
|   \\  /    A nd           | Website:  www.openfoam.com                      |
|    \\/     M anipulation  |                                                 |
\*---------------------------------------------------------------------------*/
FoamFile
{
    version     2.0;
    format      ascii;
    arch        "LSB;label=32;scalar=64";
    class       surfaceScalarField;
    location    "0.032";
    object      phi;
}
// * * * * * * * * * * * * * * * * * * * * * * * * * * * * * * * * * * * * * //

dimensions      [0 3 -1 0 0 0 0];

oriented        oriented;

internalField   nonuniform List<scalar> 
799
(
1.94451e-32
4.88821e-32
6.36746e-32
5.44271e-32
3.07645e-32
-3.44862e-32
-9.2483e-32
-1.36985e-31
-1.45664e-31
-1.06549e-31
-4.9417e-32
1.41758e-32
5.39447e-32
6.49565e-32
4.46152e-32
6.60289e-33
-4.31002e-32
-9.42983e-32
-1.33144e-31
-1.59669e-31
-1.50081e-31
-1.12552e-31
-4.99734e-32
2.21738e-32
6.41094e-32
7.45243e-32
3.41394e-32
-3.52445e-32
-1.00338e-31
-1.51774e-31
-1.53507e-31
-1.25131e-31
-7.77684e-32
-2.17303e-32
4.10746e-33
1.60955e-32
-2.3397e-34
-3.73042e-32
-6.63949e-32
-1.02343e-31
-1.10599e-31
-9.74406e-32
-7.33305e-32
-2.60053e-32
-1.82437e-34
1.06754e-32
-4.70311e-33
-5.31604e-32
-9.26387e-32
-1.28484e-31
-1.29994e-31
-9.5755e-32
-5.22037e-32
2.45048e-33
2.71956e-32
2.13503e-32
-1.14593e-32
-7.02746e-32
-1.15423e-31
-1.40337e-31
-1.26956e-31
-7.36066e-32
-1.13223e-32
4.3773e-32
5.67337e-32
1.61214e-32
-5.75582e-32
-1.40972e-31
-1.86308e-31
-1.68708e-31
-9.7257e-32
4.55753e-33
8.10561e-32
9.76416e-32
5.06189e-32
-4.31017e-32
-1.29555e-31
-1.74134e-31
-1.6257e-31
-1.0326e-31
-3.6959e-32
1.21044e-32
2.75256e-32
1.2572e-32
-1.14969e-32
-3.73901e-32
-5.69203e-32
-7.50142e-32
-9.52779e-32
-1.07503e-31
-1.05502e-31
-7.43499e-32
-2.1772e-32
3.16469e-32
6.43155e-32
4.54279e-32
-1.31661e-32
-9.49467e-32
-1.64315e-31
-1.7769e-31
-1.42422e-31
-5.66645e-32
3.41484e-32
8.73665e-32
9.6386e-32
3.84225e-32
-4.08631e-32
-1.1467e-31
-1.58613e-31
-1.4163e-31
-9.78098e-32
-3.5069e-32
1.15481e-32
2.01049e-32
8.63716e-33
-2.20128e-32
-3.88872e-32
-3.6424e-32
-2.37209e-32
-9.864e-33
-1.98193e-32
-5.03468e-32
-9.19116e-32
-1.22764e-31
-1.21377e-31
-8.67315e-32
-2.73911e-32
3.20412e-32
6.98279e-32
7.51604e-32
4.51868e-32
-7.21772e-33
-6.8208e-32
-1.2356e-31
-1.55457e-31
-1.58228e-31
-1.24549e-31
-6.0444e-32
1.32635e-32
7.80084e-32
1.03262e-31
8.06636e-32
1.74215e-32
-6.68106e-32
-1.31693e-31
-1.58229e-31
-1.34779e-31
-7.45816e-32
-1.18984e-32
3.13581e-32
3.20883e-32
-2.53982e-33
-4.96033e-32
-8.67601e-32
-8.73537e-32
-5.45249e-32
-3.79318e-33
3.78581e-32
4.05965e-32
4.84492e-34
-7.06997e-32
-1.37614e-31
-1.64628e-31
-1.33802e-31
-5.36894e-32
3.55888e-32
9.35927e-32
8.55895e-32
1.89915e-32
-7.10668e-32
-1.41939e-31
-1.48941e-31
-1.02659e-31
-2.53003e-32
3.72667e-32
4.35591e-32
7.47088e-33
-6.15335e-32
-1.1127e-31
-1.1357e-31
-7.7475e-32
-6.66383e-33
4.26278e-32
5.5892e-32
2.6632e-32
-4.09305e-32
-9.7094e-32
-1.33757e-31
-1.26291e-31
-7.94597e-32
-2.4363e-32
3.12967e-32
5.40329e-32
4.51804e-32
1.32867e-32
-3.56305e-32
-7.36352e-32
-9.82946e-32
-1.02541e-31
-8.54327e-32
-5.95233e-32
-2.4682e-32
8.35251e-33
3.00836e-32
3.64881e-32
1.70923e-32
-2.28277e-32
-6.94298e-32
-1.06267e-31
-1.09619e-31
-7.58395e-32
-1.79655e-32
3.90151e-32
5.98167e-32
3.1094e-32
-3.69583e-32
-1.12476e-31
-1.49967e-31
-1.24206e-31
-4.18438e-32
6.08556e-32
1.27396e-31
1.17337e-31
3.06599e-32
-9.85798e-32
-2.03453e-31
-2.28545e-31
-1.61686e-31
-2.56194e-32
1.08194e-31
1.76442e-31
1.5119e-31
3.74962e-32
-9.92611e-32
-1.99503e-31
-2.21286e-31
-1.52106e-31
-4.01729e-32
6.86444e-32
1.25795e-31
1.07021e-31
3.69162e-32
-5.54852e-32
-1.25084e-31
-1.43187e-31
-1.12583e-31
-5.03164e-32
9.29412e-33
3.72156e-32
2.40124e-32
-1.608e-32
-5.89274e-32
-7.40268e-32
-5.067e-32
-7.6962e-33
3.28871e-32
3.49616e-32
-8.96836e-33
-7.43349e-32
-1.3342e-31
-1.42666e-31
-9.43585e-32
-1.43677e-32
6.47032e-32
9.59956e-32
6.71397e-32
5.74817e-34
-7.61314e-32
-1.20948e-31
-1.19549e-31
-8.96295e-32
-4.38059e-32
-1.28421e-32
-3.61413e-33
-2.15285e-33
-1.12229e-32
-1.26615e-32
-1.348e-32
-2.34226e-32
-3.23408e-32
-4.81018e-32
-5.43293e-32
-4.93354e-32
-4.45299e-32
-4.09192e-32
-5.18547e-32
-6.64509e-32
-6.83643e-32
-4.58416e-32
2.78978e-33
5.37886e-32
7.59448e-32
4.4811e-32
-3.20665e-32
-1.2289e-31
-1.76041e-31
-1.56613e-31
-7.1115e-32
4.68857e-32
1.31153e-31
1.43367e-31
8.09771e-32
-2.38244e-32
-1.03609e-31
-1.23959e-31
-7.31379e-32
1.81609e-32
9.42502e-32
1.2901e-31
1.08577e-31
6.38538e-32
3.40559e-32
3.71193e-32
8.19468e-32
1.36619e-31
1.75924e-31
1.87704e-31
1.71497e-31
1.61203e-31
1.74495e-31
2.22672e-31
2.99674e-31
3.70643e-31
4.2169e-31
4.38417e-31
4.32577e-31
4.3941e-31
4.73535e-31
5.57433e-31
6.75215e-31
7.95009e-31
8.97176e-31
9.49577e-31
9.7023e-31
9.84161e-31
1.02207e-30
1.12646e-30
1.2854e-30
1.48611e-30
1.6852e-30
1.83023e-30
1.9067e-30
1.91761e-30
1.86647e-30
1.97219e-30
2.18435e-30
3.22079e-30
5.31848e-30
8.60684e-30
1.51548e-29
1.75083e-29
1.99651e-29
2.5627e-30
-4.05186e-29
-9.2221e-29
-1.98138e-28
-1.891e-28
-1.28624e-28
1.59084e-28
8.03008e-28
1.16807e-27
1.81026e-27
1.04837e-27
-7.69782e-28
-3.04535e-27
-7.55201e-27
-7.22267e-27
-5.94059e-27
1.73852e-27
1.68663e-26
2.26577e-26
3.30382e-26
1.66375e-26
-1.36221e-26
-4.10186e-26
-9.05072e-26
-7.13342e-26
-4.22068e-26
3.1558e-26
1.54612e-25
1.62723e-25
1.91985e-25
5.42982e-26
-1.45613e-25
-2.41576e-25
-4.15724e-25
-2.36537e-25
-3.1657e-26
2.1914e-25
5.89181e-25
4.55142e-25
3.8302e-25
-3.70982e-26
-5.44016e-25
-5.80063e-25
-7.54266e-25
-2.54592e-25
2.23614e-25
5.06834e-25
9.15278e-25
5.06844e-25
2.23629e-25
-2.54579e-25
-7.54261e-25
-5.80069e-25
-5.44028e-25
-3.71122e-26
3.83011e-25
4.55141e-25
5.89186e-25
2.19148e-25
-3.16511e-26
-2.36535e-25
-4.15726e-25
-2.41581e-25
-1.45618e-25
5.42948e-26
1.91983e-25
1.62723e-25
1.54613e-25
3.15585e-26
-4.22069e-26
-7.13346e-26
-9.05076e-26
-4.10193e-26
-1.36227e-26
1.66368e-26
3.30375e-26
2.2657e-26
1.68657e-26
1.73806e-27
-5.94095e-27
-7.22294e-27
-7.55223e-27
-3.04559e-27
-7.70037e-28
1.04806e-27
1.80992e-27
1.16772e-27
8.02672e-28
1.58819e-28
-1.2881e-28
-1.89187e-28
-1.98161e-28
-9.22458e-29
-4.0591e-29
2.38121e-30
1.96974e-29
1.72041e-29
1.48876e-29
8.46302e-30
5.30644e-30
3.32388e-30
2.32985e-30
2.07168e-30
1.87583e-30
1.81059e-30
1.71775e-30
1.61954e-30
1.50698e-30
1.39939e-30
1.30569e-30
1.23974e-30
1.1937e-30
1.14392e-30
1.06924e-30
9.55194e-31
8.10698e-31
6.71155e-31
5.63447e-31
5.1415e-31
5.16352e-31
5.40546e-31
5.60864e-31
5.41334e-31
4.84057e-31
3.96651e-31
2.99521e-31
2.24208e-31
1.76665e-31
1.70592e-31
1.94627e-31
2.28977e-31
2.56582e-31
2.50449e-31
2.0591e-31
1.32945e-31
5.41472e-32
3.84434e-33
4.55904e-33
5.01043e-32
1.21927e-31
1.769e-31
1.80088e-31
1.32567e-31
4.1134e-32
-4.29257e-32
-8.33251e-32
-6.9496e-32
3.30808e-33
8.32596e-32
1.39636e-31
1.45144e-31
8.68236e-32
4.27316e-33
-7.68623e-32
-1.14912e-31
-8.81294e-32
-1.46085e-32
8.16083e-32
1.51261e-31
1.57564e-31
9.52493e-32
-1.54947e-32
-1.24351e-31
-1.76217e-31
-1.46335e-31
-4.27775e-32
8.74854e-32
1.79361e-31
1.93664e-31
1.21057e-31
1.03067e-34
-1.11481e-31
-1.65732e-31
-1.41721e-31
-6.21774e-32
3.54597e-32
1.03128e-31
1.21057e-31
9.00259e-32
2.83706e-32
-2.77033e-32
-6.67154e-32
-6.91789e-32
-4.52934e-32
-9.87942e-33
2.87167e-32
4.13879e-32
3.86322e-32
1.38908e-32
-1.61558e-32
-2.57236e-32
-2.44766e-32
5.29255e-33
3.17041e-32
3.86713e-32
2.76281e-32
-1.71814e-32
-5.22653e-32
-6.85526e-32
-5.41322e-32
-2.10649e-33
4.35473e-32
7.56654e-32
7.21095e-32
3.40495e-32
-4.91413e-33
-4.01511e-32
-5.06062e-32
-4.43235e-32
-4.1397e-32
-3.74285e-32
-3.91551e-32
-2.57772e-32
1.60668e-32
6.96923e-32
1.20548e-31
1.24191e-31
6.2042e-32
-4.47734e-32
-1.6411e-31
-2.22082e-31
-1.85347e-31
-6.25792e-32
1.08215e-31
2.30576e-31
2.54145e-31
1.59065e-31
-2.38748e-32
-1.93417e-31
-2.86658e-31
-2.49091e-31
-9.54554e-32
8.82309e-32
2.345e-31
2.60438e-31
1.62746e-31
-2.06737e-33
-1.70252e-31
-2.4611e-31
-2.12295e-31
-9.11894e-32
6.42948e-32
1.65097e-31
1.87814e-31
1.25127e-31
1.4279e-32
-8.00705e-32
-1.38067e-31
-1.34311e-31
-8.98845e-32
-3.42951e-32
2.32327e-32
5.57241e-32
7.32666e-32
7.2442e-32
5.18218e-32
2.41463e-32
-1.7055e-32
-5.28537e-32
-7.869e-32
-8.77889e-32
-7.40396e-32
-4.77345e-32
-8.34996e-33
2.90785e-32
6.15214e-32
7.68897e-32
6.89799e-32
4.13894e-32
-8.95783e-33
-5.49469e-32
-9.1947e-32
-1.01656e-31
-7.78023e-32
-4.21989e-32
9.10829e-33
4.45046e-32
6.20496e-32
6.42448e-32
3.85096e-32
1.09071e-32
-2.67689e-32
-6.0229e-32
-7.47863e-32
-7.80754e-32
-5.23232e-32
-1.54037e-32
2.36814e-32
5.51553e-32
5.82774e-32
4.23726e-32
7.04018e-33
-3.18275e-32
-5.85174e-32
-6.97608e-32
-5.79899e-32
-3.20743e-32
2.79862e-34
2.79621e-32
4.11848e-32
3.53051e-32
1.49801e-32
-9.90801e-33
-2.90289e-32
-2.93087e-32
-2.08063e-32
-7.08683e-33
-2.74313e-33
-1.57971e-32
-2.69149e-32
-3.38452e-32
-1.37584e-32
2.5585e-32
5.88883e-32
7.29807e-32
3.83426e-32
-2.30936e-32
-8.53879e-32
-1.15559e-31
-8.34349e-32
-1.26239e-32
7.2117e-32
1.20496e-31
1.06245e-31
4.19642e-32
-4.7566e-32
-1.06241e-31
-1.11678e-31
-6.1371e-32
1.87981e-32
7.83906e-32
9.61942e-32
5.87242e-32
-7.44041e-33
-6.23761e-32
-8.30425e-32
-5.10462e-32
8.1333e-33
6.3503e-32
8.80577e-32
6.07292e-32
2.59662e-33
-6.17088e-32
-1.01249e-31
-9.03156e-32
-4.10011e-32
3.02747e-32
9.27365e-32
1.15045e-31
9.7185e-32
4.10193e-32
-3.07682e-32
-8.7049e-32
-1.18245e-31
-1.07301e-31
-6.14921e-32
9.89531e-34
7.00843e-32
1.1517e-31
1.27182e-31
9.97346e-32
3.25166e-32
-4.5801e-32
-1.1638e-31
-1.47579e-31
-1.22308e-31
-5.11154e-32
4.73643e-32
1.28056e-31
1.57917e-31
1.2352e-31
3.47378e-32
-6.53432e-32
-1.34066e-31
-1.40194e-31
-8.01871e-32
1.37971e-32
9.80641e-32
1.33717e-31
1.03003e-31
2.69412e-32
-5.79238e-32
-1.10821e-31
-1.02196e-31
-4.52044e-32
3.69906e-32
1.02057e-31
1.13964e-31
7.95514e-32
5.36326e-33
-6.33114e-32
-9.20075e-32
-7.95349e-32
-1.73996e-32
4.74466e-32
9.02027e-32
9.86287e-32
5.61066e-32
4.84943e-33
-4.35405e-32
-6.59902e-32
-4.6457e-32
-1.33784e-32
3.16996e-32
6.24483e-32
6.80463e-32
5.99581e-32
3.56169e-32
1.36891e-32
7.07177e-34
-6.40974e-33
-4.23648e-33
-1.63695e-33
-3.26806e-33
-1.89652e-33
-1.56331e-33
8.48848e-33
3.15868e-32
5.58038e-32
8.52871e-32
9.42016e-32
8.06049e-32
4.58793e-32
-1.1767e-32
-5.49763e-32
-8.03248e-32
-6.49799e-32
-1.09733e-32
5.37116e-32
1.17572e-31
1.41705e-31
1.27111e-31
7.59125e-32
1.28955e-32
-3.54756e-32
-5.53359e-32
-3.33788e-32
-1.98085e-33
4.75103e-32
6.86338e-32
7.00151e-32
6.37483e-32
1.96936e-32
1.10628e-32
-2.06466e-32
-2.60853e-32
-5.397e-33
)
;

boundaryField
{
    left
    {
        type            calculated;
        value           uniform 0;
    }
    right
    {
        type            calculated;
        value           uniform 0;
    }
    empty
    {
        type            empty;
        value           nonuniform List<scalar> 0();
    }
}


// ************************************************************************* //
