/*--------------------------------*- C++ -*----------------------------------*\
| =========                 |                                                 |
| \\      /  F ield         | OpenFOAM: The Open Source CFD Toolbox           |
|  \\    /   O peration     | Version:  2106                                  |
|   \\  /    A nd           | Website:  www.openfoam.com                      |
|    \\/     M anipulation  |                                                 |
\*---------------------------------------------------------------------------*/
FoamFile
{
    version     2.0;
    format      ascii;
    arch        "LSB;label=32;scalar=64";
    note        "nPoints:19922  nCells:9600  nFaces:38760  nInternalFaces:18840";
    class       labelList;
    location    "constant/polyMesh";
    object      neighbour;
}
// * * * * * * * * * * * * * * * * * * * * * * * * * * * * * * * * * * * * * //


18840
(
1
160
2
161
3
162
4
163
5
164
6
165
7
166
8
167
9
168
10
169
11
170
12
171
13
172
14
173
15
174
16
175
17
176
18
177
19
178
20
179
21
180
22
181
23
182
24
183
25
184
26
185
27
186
28
187
29
188
30
189
31
190
32
191
33
192
34
193
35
194
36
195
37
196
38
197
39
198
40
199
41
200
42
201
43
202
44
203
45
204
46
205
47
206
48
207
49
208
50
209
51
210
52
211
53
212
54
213
55
214
56
215
57
216
58
217
59
218
60
219
61
220
62
221
63
222
64
223
65
224
66
225
67
226
68
227
69
228
70
229
71
230
72
231
73
232
74
233
75
234
76
235
77
236
78
237
79
238
80
239
81
240
82
241
83
242
84
243
85
244
86
245
87
246
88
247
89
248
90
249
91
250
92
251
93
252
94
253
95
254
96
255
97
256
98
257
99
258
100
259
101
260
102
261
103
262
104
263
105
264
106
265
107
266
108
267
109
268
110
269
111
270
112
271
113
272
114
273
115
274
116
275
117
276
118
277
119
278
120
279
121
280
122
281
123
282
124
283
125
284
126
285
127
286
128
287
129
288
130
289
131
290
132
291
133
292
134
293
135
294
136
295
137
296
138
297
139
298
140
299
141
300
142
301
143
302
144
303
145
304
146
305
147
306
148
307
149
308
150
309
151
310
152
311
153
312
154
313
155
314
156
315
157
316
158
317
159
318
319
3200
161
320
162
321
163
322
164
323
165
324
166
325
167
326
168
327
169
328
170
329
171
330
172
331
173
332
174
333
175
334
176
335
177
336
178
337
179
338
180
339
181
340
182
341
183
342
184
343
185
344
186
345
187
346
188
347
189
348
190
349
191
350
192
351
193
352
194
353
195
354
196
355
197
356
198
357
199
358
200
359
201
360
202
361
203
362
204
363
205
364
206
365
207
366
208
367
209
368
210
369
211
370
212
371
213
372
214
373
215
374
216
375
217
376
218
377
219
378
220
379
221
380
222
381
223
382
224
383
225
384
226
385
227
386
228
387
229
388
230
389
231
390
232
391
233
392
234
393
235
394
236
395
237
396
238
397
239
398
240
399
241
400
242
401
243
402
244
403
245
404
246
405
247
406
248
407
249
408
250
409
251
410
252
411
253
412
254
413
255
414
256
415
257
416
258
417
259
418
260
419
261
420
262
421
263
422
264
423
265
424
266
425
267
426
268
427
269
428
270
429
271
430
272
431
273
432
274
433
275
434
276
435
277
436
278
437
279
438
280
439
281
440
282
441
283
442
284
443
285
444
286
445
287
446
288
447
289
448
290
449
291
450
292
451
293
452
294
453
295
454
296
455
297
456
298
457
299
458
300
459
301
460
302
461
303
462
304
463
305
464
306
465
307
466
308
467
309
468
310
469
311
470
312
471
313
472
314
473
315
474
316
475
317
476
318
477
319
478
479
3360
321
480
322
481
323
482
324
483
325
484
326
485
327
486
328
487
329
488
330
489
331
490
332
491
333
492
334
493
335
494
336
495
337
496
338
497
339
498
340
499
341
500
342
501
343
502
344
503
345
504
346
505
347
506
348
507
349
508
350
509
351
510
352
511
353
512
354
513
355
514
356
515
357
516
358
517
359
518
360
519
361
520
362
521
363
522
364
523
365
524
366
525
367
526
368
527
369
528
370
529
371
530
372
531
373
532
374
533
375
534
376
535
377
536
378
537
379
538
380
539
381
540
382
541
383
542
384
543
385
544
386
545
387
546
388
547
389
548
390
549
391
550
392
551
393
552
394
553
395
554
396
555
397
556
398
557
399
558
400
559
401
560
402
561
403
562
404
563
405
564
406
565
407
566
408
567
409
568
410
569
411
570
412
571
413
572
414
573
415
574
416
575
417
576
418
577
419
578
420
579
421
580
422
581
423
582
424
583
425
584
426
585
427
586
428
587
429
588
430
589
431
590
432
591
433
592
434
593
435
594
436
595
437
596
438
597
439
598
440
599
441
600
442
601
443
602
444
603
445
604
446
605
447
606
448
607
449
608
450
609
451
610
452
611
453
612
454
613
455
614
456
615
457
616
458
617
459
618
460
619
461
620
462
621
463
622
464
623
465
624
466
625
467
626
468
627
469
628
470
629
471
630
472
631
473
632
474
633
475
634
476
635
477
636
478
637
479
638
639
3520
481
640
482
641
483
642
484
643
485
644
486
645
487
646
488
647
489
648
490
649
491
650
492
651
493
652
494
653
495
654
496
655
497
656
498
657
499
658
500
659
501
660
502
661
503
662
504
663
505
664
506
665
507
666
508
667
509
668
510
669
511
670
512
671
513
672
514
673
515
674
516
675
517
676
518
677
519
678
520
679
521
680
522
681
523
682
524
683
525
684
526
685
527
686
528
687
529
688
530
689
531
690
532
691
533
692
534
693
535
694
536
695
537
696
538
697
539
698
540
699
541
700
542
701
543
702
544
703
545
704
546
705
547
706
548
707
549
708
550
709
551
710
552
711
553
712
554
713
555
714
556
715
557
716
558
717
559
718
560
719
561
720
562
721
563
722
564
723
565
724
566
725
567
726
568
727
569
728
570
729
571
730
572
731
573
732
574
733
575
734
576
735
577
736
578
737
579
738
580
739
581
740
582
741
583
742
584
743
585
744
586
745
587
746
588
747
589
748
590
749
591
750
592
751
593
752
594
753
595
754
596
755
597
756
598
757
599
758
600
759
601
760
602
761
603
762
604
763
605
764
606
765
607
766
608
767
609
768
610
769
611
770
612
771
613
772
614
773
615
774
616
775
617
776
618
777
619
778
620
779
621
780
622
781
623
782
624
783
625
784
626
785
627
786
628
787
629
788
630
789
631
790
632
791
633
792
634
793
635
794
636
795
637
796
638
797
639
798
799
3680
641
800
642
801
643
802
644
803
645
804
646
805
647
806
648
807
649
808
650
809
651
810
652
811
653
812
654
813
655
814
656
815
657
816
658
817
659
818
660
819
661
820
662
821
663
822
664
823
665
824
666
825
667
826
668
827
669
828
670
829
671
830
672
831
673
832
674
833
675
834
676
835
677
836
678
837
679
838
680
839
681
840
682
841
683
842
684
843
685
844
686
845
687
846
688
847
689
848
690
849
691
850
692
851
693
852
694
853
695
854
696
855
697
856
698
857
699
858
700
859
701
860
702
861
703
862
704
863
705
864
706
865
707
866
708
867
709
868
710
869
711
870
712
871
713
872
714
873
715
874
716
875
717
876
718
877
719
878
720
879
721
880
722
881
723
882
724
883
725
884
726
885
727
886
728
887
729
888
730
889
731
890
732
891
733
892
734
893
735
894
736
895
737
896
738
897
739
898
740
899
741
900
742
901
743
902
744
903
745
904
746
905
747
906
748
907
749
908
750
909
751
910
752
911
753
912
754
913
755
914
756
915
757
916
758
917
759
918
760
919
761
920
762
921
763
922
764
923
765
924
766
925
767
926
768
927
769
928
770
929
771
930
772
931
773
932
774
933
775
934
776
935
777
936
778
937
779
938
780
939
781
940
782
941
783
942
784
943
785
944
786
945
787
946
788
947
789
948
790
949
791
950
792
951
793
952
794
953
795
954
796
955
797
956
798
957
799
958
959
3840
801
960
802
961
803
962
804
963
805
964
806
965
807
966
808
967
809
968
810
969
811
970
812
971
813
972
814
973
815
974
816
975
817
976
818
977
819
978
820
979
821
980
822
981
823
982
824
983
825
984
826
985
827
986
828
987
829
988
830
989
831
990
832
991
833
992
834
993
835
994
836
995
837
996
838
997
839
998
840
999
841
1000
842
1001
843
1002
844
1003
845
1004
846
1005
847
1006
848
1007
849
1008
850
1009
851
1010
852
1011
853
1012
854
1013
855
1014
856
1015
857
1016
858
1017
859
1018
860
1019
861
1020
862
1021
863
1022
864
1023
865
1024
866
1025
867
1026
868
1027
869
1028
870
1029
871
1030
872
1031
873
1032
874
1033
875
1034
876
1035
877
1036
878
1037
879
1038
880
1039
881
1040
882
1041
883
1042
884
1043
885
1044
886
1045
887
1046
888
1047
889
1048
890
1049
891
1050
892
1051
893
1052
894
1053
895
1054
896
1055
897
1056
898
1057
899
1058
900
1059
901
1060
902
1061
903
1062
904
1063
905
1064
906
1065
907
1066
908
1067
909
1068
910
1069
911
1070
912
1071
913
1072
914
1073
915
1074
916
1075
917
1076
918
1077
919
1078
920
1079
921
1080
922
1081
923
1082
924
1083
925
1084
926
1085
927
1086
928
1087
929
1088
930
1089
931
1090
932
1091
933
1092
934
1093
935
1094
936
1095
937
1096
938
1097
939
1098
940
1099
941
1100
942
1101
943
1102
944
1103
945
1104
946
1105
947
1106
948
1107
949
1108
950
1109
951
1110
952
1111
953
1112
954
1113
955
1114
956
1115
957
1116
958
1117
959
1118
1119
4000
961
1120
962
1121
963
1122
964
1123
965
1124
966
1125
967
1126
968
1127
969
1128
970
1129
971
1130
972
1131
973
1132
974
1133
975
1134
976
1135
977
1136
978
1137
979
1138
980
1139
981
1140
982
1141
983
1142
984
1143
985
1144
986
1145
987
1146
988
1147
989
1148
990
1149
991
1150
992
1151
993
1152
994
1153
995
1154
996
1155
997
1156
998
1157
999
1158
1000
1159
1001
1160
1002
1161
1003
1162
1004
1163
1005
1164
1006
1165
1007
1166
1008
1167
1009
1168
1010
1169
1011
1170
1012
1171
1013
1172
1014
1173
1015
1174
1016
1175
1017
1176
1018
1177
1019
1178
1020
1179
1021
1180
1022
1181
1023
1182
1024
1183
1025
1184
1026
1185
1027
1186
1028
1187
1029
1188
1030
1189
1031
1190
1032
1191
1033
1192
1034
1193
1035
1194
1036
1195
1037
1196
1038
1197
1039
1198
1040
1199
1041
1200
1042
1201
1043
1202
1044
1203
1045
1204
1046
1205
1047
1206
1048
1207
1049
1208
1050
1209
1051
1210
1052
1211
1053
1212
1054
1213
1055
1214
1056
1215
1057
1216
1058
1217
1059
1218
1060
1219
1061
1220
1062
1221
1063
1222
1064
1223
1065
1224
1066
1225
1067
1226
1068
1227
1069
1228
1070
1229
1071
1230
1072
1231
1073
1232
1074
1233
1075
1234
1076
1235
1077
1236
1078
1237
1079
1238
1080
1239
1081
1240
1082
1241
1083
1242
1084
1243
1085
1244
1086
1245
1087
1246
1088
1247
1089
1248
1090
1249
1091
1250
1092
1251
1093
1252
1094
1253
1095
1254
1096
1255
1097
1256
1098
1257
1099
1258
1100
1259
1101
1260
1102
1261
1103
1262
1104
1263
1105
1264
1106
1265
1107
1266
1108
1267
1109
1268
1110
1269
1111
1270
1112
1271
1113
1272
1114
1273
1115
1274
1116
1275
1117
1276
1118
1277
1119
1278
1279
4160
1121
1280
1122
1281
1123
1282
1124
1283
1125
1284
1126
1285
1127
1286
1128
1287
1129
1288
1130
1289
1131
1290
1132
1291
1133
1292
1134
1293
1135
1294
1136
1295
1137
1296
1138
1297
1139
1298
1140
1299
1141
1300
1142
1301
1143
1302
1144
1303
1145
1304
1146
1305
1147
1306
1148
1307
1149
1308
1150
1309
1151
1310
1152
1311
1153
1312
1154
1313
1155
1314
1156
1315
1157
1316
1158
1317
1159
1318
1160
1319
1161
1320
1162
1321
1163
1322
1164
1323
1165
1324
1166
1325
1167
1326
1168
1327
1169
1328
1170
1329
1171
1330
1172
1331
1173
1332
1174
1333
1175
1334
1176
1335
1177
1336
1178
1337
1179
1338
1180
1339
1181
1340
1182
1341
1183
1342
1184
1343
1185
1344
1186
1345
1187
1346
1188
1347
1189
1348
1190
1349
1191
1350
1192
1351
1193
1352
1194
1353
1195
1354
1196
1355
1197
1356
1198
1357
1199
1358
1200
1359
1201
1360
1202
1361
1203
1362
1204
1363
1205
1364
1206
1365
1207
1366
1208
1367
1209
1368
1210
1369
1211
1370
1212
1371
1213
1372
1214
1373
1215
1374
1216
1375
1217
1376
1218
1377
1219
1378
1220
1379
1221
1380
1222
1381
1223
1382
1224
1383
1225
1384
1226
1385
1227
1386
1228
1387
1229
1388
1230
1389
1231
1390
1232
1391
1233
1392
1234
1393
1235
1394
1236
1395
1237
1396
1238
1397
1239
1398
1240
1399
1241
1400
1242
1401
1243
1402
1244
1403
1245
1404
1246
1405
1247
1406
1248
1407
1249
1408
1250
1409
1251
1410
1252
1411
1253
1412
1254
1413
1255
1414
1256
1415
1257
1416
1258
1417
1259
1418
1260
1419
1261
1420
1262
1421
1263
1422
1264
1423
1265
1424
1266
1425
1267
1426
1268
1427
1269
1428
1270
1429
1271
1430
1272
1431
1273
1432
1274
1433
1275
1434
1276
1435
1277
1436
1278
1437
1279
1438
1439
4320
1281
1440
1282
1441
1283
1442
1284
1443
1285
1444
1286
1445
1287
1446
1288
1447
1289
1448
1290
1449
1291
1450
1292
1451
1293
1452
1294
1453
1295
1454
1296
1455
1297
1456
1298
1457
1299
1458
1300
1459
1301
1460
1302
1461
1303
1462
1304
1463
1305
1464
1306
1465
1307
1466
1308
1467
1309
1468
1310
1469
1311
1470
1312
1471
1313
1472
1314
1473
1315
1474
1316
1475
1317
1476
1318
1477
1319
1478
1320
1479
1321
1480
1322
1481
1323
1482
1324
1483
1325
1484
1326
1485
1327
1486
1328
1487
1329
1488
1330
1489
1331
1490
1332
1491
1333
1492
1334
1493
1335
1494
1336
1495
1337
1496
1338
1497
1339
1498
1340
1499
1341
1500
1342
1501
1343
1502
1344
1503
1345
1504
1346
1505
1347
1506
1348
1507
1349
1508
1350
1509
1351
1510
1352
1511
1353
1512
1354
1513
1355
1514
1356
1515
1357
1516
1358
1517
1359
1518
1360
1519
1361
1520
1362
1521
1363
1522
1364
1523
1365
1524
1366
1525
1367
1526
1368
1527
1369
1528
1370
1529
1371
1530
1372
1531
1373
1532
1374
1533
1375
1534
1376
1535
1377
1536
1378
1537
1379
1538
1380
1539
1381
1540
1382
1541
1383
1542
1384
1543
1385
1544
1386
1545
1387
1546
1388
1547
1389
1548
1390
1549
1391
1550
1392
1551
1393
1552
1394
1553
1395
1554
1396
1555
1397
1556
1398
1557
1399
1558
1400
1559
1401
1560
1402
1561
1403
1562
1404
1563
1405
1564
1406
1565
1407
1566
1408
1567
1409
1568
1410
1569
1411
1570
1412
1571
1413
1572
1414
1573
1415
1574
1416
1575
1417
1576
1418
1577
1419
1578
1420
1579
1421
1580
1422
1581
1423
1582
1424
1583
1425
1584
1426
1585
1427
1586
1428
1587
1429
1588
1430
1589
1431
1590
1432
1591
1433
1592
1434
1593
1435
1594
1436
1595
1437
1596
1438
1597
1439
1598
1599
4480
1441
1600
1442
1601
1443
1602
1444
1603
1445
1604
1446
1605
1447
1606
1448
1607
1449
1608
1450
1609
1451
1610
1452
1611
1453
1612
1454
1613
1455
1614
1456
1615
1457
1616
1458
1617
1459
1618
1460
1619
1461
1620
1462
1621
1463
1622
1464
1623
1465
1624
1466
1625
1467
1626
1468
1627
1469
1628
1470
1629
1471
1630
1472
1631
1473
1632
1474
1633
1475
1634
1476
1635
1477
1636
1478
1637
1479
1638
1480
1639
1481
1640
1482
1641
1483
1642
1484
1643
1485
1644
1486
1645
1487
1646
1488
1647
1489
1648
1490
1649
1491
1650
1492
1651
1493
1652
1494
1653
1495
1654
1496
1655
1497
1656
1498
1657
1499
1658
1500
1659
1501
1660
1502
1661
1503
1662
1504
1663
1505
1664
1506
1665
1507
1666
1508
1667
1509
1668
1510
1669
1511
1670
1512
1671
1513
1672
1514
1673
1515
1674
1516
1675
1517
1676
1518
1677
1519
1678
1520
1679
1521
1680
1522
1681
1523
1682
1524
1683
1525
1684
1526
1685
1527
1686
1528
1687
1529
1688
1530
1689
1531
1690
1532
1691
1533
1692
1534
1693
1535
1694
1536
1695
1537
1696
1538
1697
1539
1698
1540
1699
1541
1700
1542
1701
1543
1702
1544
1703
1545
1704
1546
1705
1547
1706
1548
1707
1549
1708
1550
1709
1551
1710
1552
1711
1553
1712
1554
1713
1555
1714
1556
1715
1557
1716
1558
1717
1559
1718
1560
1719
1561
1720
1562
1721
1563
1722
1564
1723
1565
1724
1566
1725
1567
1726
1568
1727
1569
1728
1570
1729
1571
1730
1572
1731
1573
1732
1574
1733
1575
1734
1576
1735
1577
1736
1578
1737
1579
1738
1580
1739
1581
1740
1582
1741
1583
1742
1584
1743
1585
1744
1586
1745
1587
1746
1588
1747
1589
1748
1590
1749
1591
1750
1592
1751
1593
1752
1594
1753
1595
1754
1596
1755
1597
1756
1598
1757
1599
1758
1759
4640
1601
1760
1602
1761
1603
1762
1604
1763
1605
1764
1606
1765
1607
1766
1608
1767
1609
1768
1610
1769
1611
1770
1612
1771
1613
1772
1614
1773
1615
1774
1616
1775
1617
1776
1618
1777
1619
1778
1620
1779
1621
1780
1622
1781
1623
1782
1624
1783
1625
1784
1626
1785
1627
1786
1628
1787
1629
1788
1630
1789
1631
1790
1632
1791
1633
1792
1634
1793
1635
1794
1636
1795
1637
1796
1638
1797
1639
1798
1640
1799
1641
1800
1642
1801
1643
1802
1644
1803
1645
1804
1646
1805
1647
1806
1648
1807
1649
1808
1650
1809
1651
1810
1652
1811
1653
1812
1654
1813
1655
1814
1656
1815
1657
1816
1658
1817
1659
1818
1660
1819
1661
1820
1662
1821
1663
1822
1664
1823
1665
1824
1666
1825
1667
1826
1668
1827
1669
1828
1670
1829
1671
1830
1672
1831
1673
1832
1674
1833
1675
1834
1676
1835
1677
1836
1678
1837
1679
1838
1680
1839
1681
1840
1682
1841
1683
1842
1684
1843
1685
1844
1686
1845
1687
1846
1688
1847
1689
1848
1690
1849
1691
1850
1692
1851
1693
1852
1694
1853
1695
1854
1696
1855
1697
1856
1698
1857
1699
1858
1700
1859
1701
1860
1702
1861
1703
1862
1704
1863
1705
1864
1706
1865
1707
1866
1708
1867
1709
1868
1710
1869
1711
1870
1712
1871
1713
1872
1714
1873
1715
1874
1716
1875
1717
1876
1718
1877
1719
1878
1720
1879
1721
1880
1722
1881
1723
1882
1724
1883
1725
1884
1726
1885
1727
1886
1728
1887
1729
1888
1730
1889
1731
1890
1732
1891
1733
1892
1734
1893
1735
1894
1736
1895
1737
1896
1738
1897
1739
1898
1740
1899
1741
1900
1742
1901
1743
1902
1744
1903
1745
1904
1746
1905
1747
1906
1748
1907
1749
1908
1750
1909
1751
1910
1752
1911
1753
1912
1754
1913
1755
1914
1756
1915
1757
1916
1758
1917
1759
1918
1919
4800
1761
1920
1762
1921
1763
1922
1764
1923
1765
1924
1766
1925
1767
1926
1768
1927
1769
1928
1770
1929
1771
1930
1772
1931
1773
1932
1774
1933
1775
1934
1776
1935
1777
1936
1778
1937
1779
1938
1780
1939
1781
1940
1782
1941
1783
1942
1784
1943
1785
1944
1786
1945
1787
1946
1788
1947
1789
1948
1790
1949
1791
1950
1792
1951
1793
1952
1794
1953
1795
1954
1796
1955
1797
1956
1798
1957
1799
1958
1800
1959
1801
1960
1802
1961
1803
1962
1804
1963
1805
1964
1806
1965
1807
1966
1808
1967
1809
1968
1810
1969
1811
1970
1812
1971
1813
1972
1814
1973
1815
1974
1816
1975
1817
1976
1818
1977
1819
1978
1820
1979
1821
1980
1822
1981
1823
1982
1824
1983
1825
1984
1826
1985
1827
1986
1828
1987
1829
1988
1830
1989
1831
1990
1832
1991
1833
1992
1834
1993
1835
1994
1836
1995
1837
1996
1838
1997
1839
1998
1840
1999
1841
2000
1842
2001
1843
2002
1844
2003
1845
2004
1846
2005
1847
2006
1848
2007
1849
2008
1850
2009
1851
2010
1852
2011
1853
2012
1854
2013
1855
2014
1856
2015
1857
2016
1858
2017
1859
2018
1860
2019
1861
2020
1862
2021
1863
2022
1864
2023
1865
2024
1866
2025
1867
2026
1868
2027
1869
2028
1870
2029
1871
2030
1872
2031
1873
2032
1874
2033
1875
2034
1876
2035
1877
2036
1878
2037
1879
2038
1880
2039
1881
2040
1882
2041
1883
2042
1884
2043
1885
2044
1886
2045
1887
2046
1888
2047
1889
2048
1890
2049
1891
2050
1892
2051
1893
2052
1894
2053
1895
2054
1896
2055
1897
2056
1898
2057
1899
2058
1900
2059
1901
2060
1902
2061
1903
2062
1904
2063
1905
2064
1906
2065
1907
2066
1908
2067
1909
2068
1910
2069
1911
2070
1912
2071
1913
2072
1914
2073
1915
2074
1916
2075
1917
2076
1918
2077
1919
2078
2079
4960
1921
2080
1922
2081
1923
2082
1924
2083
1925
2084
1926
2085
1927
2086
1928
2087
1929
2088
1930
2089
1931
2090
1932
2091
1933
2092
1934
2093
1935
2094
1936
2095
1937
2096
1938
2097
1939
2098
1940
2099
1941
2100
1942
2101
1943
2102
1944
2103
1945
2104
1946
2105
1947
2106
1948
2107
1949
2108
1950
2109
1951
2110
1952
2111
1953
2112
1954
2113
1955
2114
1956
2115
1957
2116
1958
2117
1959
2118
1960
2119
1961
2120
1962
2121
1963
2122
1964
2123
1965
2124
1966
2125
1967
2126
1968
2127
1969
2128
1970
2129
1971
2130
1972
2131
1973
2132
1974
2133
1975
2134
1976
2135
1977
2136
1978
2137
1979
2138
1980
2139
1981
2140
1982
2141
1983
2142
1984
2143
1985
2144
1986
2145
1987
2146
1988
2147
1989
2148
1990
2149
1991
2150
1992
2151
1993
2152
1994
2153
1995
2154
1996
2155
1997
2156
1998
2157
1999
2158
2000
2159
2001
2160
2002
2161
2003
2162
2004
2163
2005
2164
2006
2165
2007
2166
2008
2167
2009
2168
2010
2169
2011
2170
2012
2171
2013
2172
2014
2173
2015
2174
2016
2175
2017
2176
2018
2177
2019
2178
2020
2179
2021
2180
2022
2181
2023
2182
2024
2183
2025
2184
2026
2185
2027
2186
2028
2187
2029
2188
2030
2189
2031
2190
2032
2191
2033
2192
2034
2193
2035
2194
2036
2195
2037
2196
2038
2197
2039
2198
2040
2199
2041
2200
2042
2201
2043
2202
2044
2203
2045
2204
2046
2205
2047
2206
2048
2207
2049
2208
2050
2209
2051
2210
2052
2211
2053
2212
2054
2213
2055
2214
2056
2215
2057
2216
2058
2217
2059
2218
2060
2219
2061
2220
2062
2221
2063
2222
2064
2223
2065
2224
2066
2225
2067
2226
2068
2227
2069
2228
2070
2229
2071
2230
2072
2231
2073
2232
2074
2233
2075
2234
2076
2235
2077
2236
2078
2237
2079
2238
2239
5120
2081
2240
2082
2241
2083
2242
2084
2243
2085
2244
2086
2245
2087
2246
2088
2247
2089
2248
2090
2249
2091
2250
2092
2251
2093
2252
2094
2253
2095
2254
2096
2255
2097
2256
2098
2257
2099
2258
2100
2259
2101
2260
2102
2261
2103
2262
2104
2263
2105
2264
2106
2265
2107
2266
2108
2267
2109
2268
2110
2269
2111
2270
2112
2271
2113
2272
2114
2273
2115
2274
2116
2275
2117
2276
2118
2277
2119
2278
2120
2279
2121
2280
2122
2281
2123
2282
2124
2283
2125
2284
2126
2285
2127
2286
2128
2287
2129
2288
2130
2289
2131
2290
2132
2291
2133
2292
2134
2293
2135
2294
2136
2295
2137
2296
2138
2297
2139
2298
2140
2299
2141
2300
2142
2301
2143
2302
2144
2303
2145
2304
2146
2305
2147
2306
2148
2307
2149
2308
2150
2309
2151
2310
2152
2311
2153
2312
2154
2313
2155
2314
2156
2315
2157
2316
2158
2317
2159
2318
2160
2319
2161
2320
2162
2321
2163
2322
2164
2323
2165
2324
2166
2325
2167
2326
2168
2327
2169
2328
2170
2329
2171
2330
2172
2331
2173
2332
2174
2333
2175
2334
2176
2335
2177
2336
2178
2337
2179
2338
2180
2339
2181
2340
2182
2341
2183
2342
2184
2343
2185
2344
2186
2345
2187
2346
2188
2347
2189
2348
2190
2349
2191
2350
2192
2351
2193
2352
2194
2353
2195
2354
2196
2355
2197
2356
2198
2357
2199
2358
2200
2359
2201
2360
2202
2361
2203
2362
2204
2363
2205
2364
2206
2365
2207
2366
2208
2367
2209
2368
2210
2369
2211
2370
2212
2371
2213
2372
2214
2373
2215
2374
2216
2375
2217
2376
2218
2377
2219
2378
2220
2379
2221
2380
2222
2381
2223
2382
2224
2383
2225
2384
2226
2385
2227
2386
2228
2387
2229
2388
2230
2389
2231
2390
2232
2391
2233
2392
2234
2393
2235
2394
2236
2395
2237
2396
2238
2397
2239
2398
2399
5280
2241
2400
2242
2401
2243
2402
2244
2403
2245
2404
2246
2405
2247
2406
2248
2407
2249
2408
2250
2409
2251
2410
2252
2411
2253
2412
2254
2413
2255
2414
2256
2415
2257
2416
2258
2417
2259
2418
2260
2419
2261
2420
2262
2421
2263
2422
2264
2423
2265
2424
2266
2425
2267
2426
2268
2427
2269
2428
2270
2429
2271
2430
2272
2431
2273
2432
2274
2433
2275
2434
2276
2435
2277
2436
2278
2437
2279
2438
2280
2439
2281
2440
2282
2441
2283
2442
2284
2443
2285
2444
2286
2445
2287
2446
2288
2447
2289
2448
2290
2449
2291
2450
2292
2451
2293
2452
2294
2453
2295
2454
2296
2455
2297
2456
2298
2457
2299
2458
2300
2459
2301
2460
2302
2461
2303
2462
2304
2463
2305
2464
2306
2465
2307
2466
2308
2467
2309
2468
2310
2469
2311
2470
2312
2471
2313
2472
2314
2473
2315
2474
2316
2475
2317
2476
2318
2477
2319
2478
2320
2479
2321
2480
2322
2481
2323
2482
2324
2483
2325
2484
2326
2485
2327
2486
2328
2487
2329
2488
2330
2489
2331
2490
2332
2491
2333
2492
2334
2493
2335
2494
2336
2495
2337
2496
2338
2497
2339
2498
2340
2499
2341
2500
2342
2501
2343
2502
2344
2503
2345
2504
2346
2505
2347
2506
2348
2507
2349
2508
2350
2509
2351
2510
2352
2511
2353
2512
2354
2513
2355
2514
2356
2515
2357
2516
2358
2517
2359
2518
2360
2519
2361
2520
2362
2521
2363
2522
2364
2523
2365
2524
2366
2525
2367
2526
2368
2527
2369
2528
2370
2529
2371
2530
2372
2531
2373
2532
2374
2533
2375
2534
2376
2535
2377
2536
2378
2537
2379
2538
2380
2539
2381
2540
2382
2541
2383
2542
2384
2543
2385
2544
2386
2545
2387
2546
2388
2547
2389
2548
2390
2549
2391
2550
2392
2551
2393
2552
2394
2553
2395
2554
2396
2555
2397
2556
2398
2557
2399
2558
2559
5440
2401
2560
2402
2561
2403
2562
2404
2563
2405
2564
2406
2565
2407
2566
2408
2567
2409
2568
2410
2569
2411
2570
2412
2571
2413
2572
2414
2573
2415
2574
2416
2575
2417
2576
2418
2577
2419
2578
2420
2579
2421
2580
2422
2581
2423
2582
2424
2583
2425
2584
2426
2585
2427
2586
2428
2587
2429
2588
2430
2589
2431
2590
2432
2591
2433
2592
2434
2593
2435
2594
2436
2595
2437
2596
2438
2597
2439
2598
2440
2599
2441
2600
2442
2601
2443
2602
2444
2603
2445
2604
2446
2605
2447
2606
2448
2607
2449
2608
2450
2609
2451
2610
2452
2611
2453
2612
2454
2613
2455
2614
2456
2615
2457
2616
2458
2617
2459
2618
2460
2619
2461
2620
2462
2621
2463
2622
2464
2623
2465
2624
2466
2625
2467
2626
2468
2627
2469
2628
2470
2629
2471
2630
2472
2631
2473
2632
2474
2633
2475
2634
2476
2635
2477
2636
2478
2637
2479
2638
2480
2639
2481
2640
2482
2641
2483
2642
2484
2643
2485
2644
2486
2645
2487
2646
2488
2647
2489
2648
2490
2649
2491
2650
2492
2651
2493
2652
2494
2653
2495
2654
2496
2655
2497
2656
2498
2657
2499
2658
2500
2659
2501
2660
2502
2661
2503
2662
2504
2663
2505
2664
2506
2665
2507
2666
2508
2667
2509
2668
2510
2669
2511
2670
2512
2671
2513
2672
2514
2673
2515
2674
2516
2675
2517
2676
2518
2677
2519
2678
2520
2679
2521
2680
2522
2681
2523
2682
2524
2683
2525
2684
2526
2685
2527
2686
2528
2687
2529
2688
2530
2689
2531
2690
2532
2691
2533
2692
2534
2693
2535
2694
2536
2695
2537
2696
2538
2697
2539
2698
2540
2699
2541
2700
2542
2701
2543
2702
2544
2703
2545
2704
2546
2705
2547
2706
2548
2707
2549
2708
2550
2709
2551
2710
2552
2711
2553
2712
2554
2713
2555
2714
2556
2715
2557
2716
2558
2717
2559
2718
2719
5600
2561
2720
2562
2721
2563
2722
2564
2723
2565
2724
2566
2725
2567
2726
2568
2727
2569
2728
2570
2729
2571
2730
2572
2731
2573
2732
2574
2733
2575
2734
2576
2735
2577
2736
2578
2737
2579
2738
2580
2739
2581
2740
2582
2741
2583
2742
2584
2743
2585
2744
2586
2745
2587
2746
2588
2747
2589
2748
2590
2749
2591
2750
2592
2751
2593
2752
2594
2753
2595
2754
2596
2755
2597
2756
2598
2757
2599
2758
2600
2759
2601
2760
2602
2761
2603
2762
2604
2763
2605
2764
2606
2765
2607
2766
2608
2767
2609
2768
2610
2769
2611
2770
2612
2771
2613
2772
2614
2773
2615
2774
2616
2775
2617
2776
2618
2777
2619
2778
2620
2779
2621
2780
2622
2781
2623
2782
2624
2783
2625
2784
2626
2785
2627
2786
2628
2787
2629
2788
2630
2789
2631
2790
2632
2791
2633
2792
2634
2793
2635
2794
2636
2795
2637
2796
2638
2797
2639
2798
2640
2799
2641
2800
2642
2801
2643
2802
2644
2803
2645
2804
2646
2805
2647
2806
2648
2807
2649
2808
2650
2809
2651
2810
2652
2811
2653
2812
2654
2813
2655
2814
2656
2815
2657
2816
2658
2817
2659
2818
2660
2819
2661
2820
2662
2821
2663
2822
2664
2823
2665
2824
2666
2825
2667
2826
2668
2827
2669
2828
2670
2829
2671
2830
2672
2831
2673
2832
2674
2833
2675
2834
2676
2835
2677
2836
2678
2837
2679
2838
2680
2839
2681
2840
2682
2841
2683
2842
2684
2843
2685
2844
2686
2845
2687
2846
2688
2847
2689
2848
2690
2849
2691
2850
2692
2851
2693
2852
2694
2853
2695
2854
2696
2855
2697
2856
2698
2857
2699
2858
2700
2859
2701
2860
2702
2861
2703
2862
2704
2863
2705
2864
2706
2865
2707
2866
2708
2867
2709
2868
2710
2869
2711
2870
2712
2871
2713
2872
2714
2873
2715
2874
2716
2875
2717
2876
2718
2877
2719
2878
2879
5760
2721
2880
2722
2881
2723
2882
2724
2883
2725
2884
2726
2885
2727
2886
2728
2887
2729
2888
2730
2889
2731
2890
2732
2891
2733
2892
2734
2893
2735
2894
2736
2895
2737
2896
2738
2897
2739
2898
2740
2899
2741
2900
2742
2901
2743
2902
2744
2903
2745
2904
2746
2905
2747
2906
2748
2907
2749
2908
2750
2909
2751
2910
2752
2911
2753
2912
2754
2913
2755
2914
2756
2915
2757
2916
2758
2917
2759
2918
2760
2919
2761
2920
2762
2921
2763
2922
2764
2923
2765
2924
2766
2925
2767
2926
2768
2927
2769
2928
2770
2929
2771
2930
2772
2931
2773
2932
2774
2933
2775
2934
2776
2935
2777
2936
2778
2937
2779
2938
2780
2939
2781
2940
2782
2941
2783
2942
2784
2943
2785
2944
2786
2945
2787
2946
2788
2947
2789
2948
2790
2949
2791
2950
2792
2951
2793
2952
2794
2953
2795
2954
2796
2955
2797
2956
2798
2957
2799
2958
2800
2959
2801
2960
2802
2961
2803
2962
2804
2963
2805
2964
2806
2965
2807
2966
2808
2967
2809
2968
2810
2969
2811
2970
2812
2971
2813
2972
2814
2973
2815
2974
2816
2975
2817
2976
2818
2977
2819
2978
2820
2979
2821
2980
2822
2981
2823
2982
2824
2983
2825
2984
2826
2985
2827
2986
2828
2987
2829
2988
2830
2989
2831
2990
2832
2991
2833
2992
2834
2993
2835
2994
2836
2995
2837
2996
2838
2997
2839
2998
2840
2999
2841
3000
2842
3001
2843
3002
2844
3003
2845
3004
2846
3005
2847
3006
2848
3007
2849
3008
2850
3009
2851
3010
2852
3011
2853
3012
2854
3013
2855
3014
2856
3015
2857
3016
2858
3017
2859
3018
2860
3019
2861
3020
2862
3021
2863
3022
2864
3023
2865
3024
2866
3025
2867
3026
2868
3027
2869
3028
2870
3029
2871
3030
2872
3031
2873
3032
2874
3033
2875
3034
2876
3035
2877
3036
2878
3037
2879
3038
3039
5920
2881
3040
2882
3041
2883
3042
2884
3043
2885
3044
2886
3045
2887
3046
2888
3047
2889
3048
2890
3049
2891
3050
2892
3051
2893
3052
2894
3053
2895
3054
2896
3055
2897
3056
2898
3057
2899
3058
2900
3059
2901
3060
2902
3061
2903
3062
2904
3063
2905
3064
2906
3065
2907
3066
2908
3067
2909
3068
2910
3069
2911
3070
2912
3071
2913
3072
2914
3073
2915
3074
2916
3075
2917
3076
2918
3077
2919
3078
2920
3079
2921
3080
2922
3081
2923
3082
2924
3083
2925
3084
2926
3085
2927
3086
2928
3087
2929
3088
2930
3089
2931
3090
2932
3091
2933
3092
2934
3093
2935
3094
2936
3095
2937
3096
2938
3097
2939
3098
2940
3099
2941
3100
2942
3101
2943
3102
2944
3103
2945
3104
2946
3105
2947
3106
2948
3107
2949
3108
2950
3109
2951
3110
2952
3111
2953
3112
2954
3113
2955
3114
2956
3115
2957
3116
2958
3117
2959
3118
2960
3119
2961
3120
2962
3121
2963
3122
2964
3123
2965
3124
2966
3125
2967
3126
2968
3127
2969
3128
2970
3129
2971
3130
2972
3131
2973
3132
2974
3133
2975
3134
2976
3135
2977
3136
2978
3137
2979
3138
2980
3139
2981
3140
2982
3141
2983
3142
2984
3143
2985
3144
2986
3145
2987
3146
2988
3147
2989
3148
2990
3149
2991
3150
2992
3151
2993
3152
2994
3153
2995
3154
2996
3155
2997
3156
2998
3157
2999
3158
3000
3159
3001
3160
3002
3161
3003
3162
3004
3163
3005
3164
3006
3165
3007
3166
3008
3167
3009
3168
3010
3169
3011
3170
3012
3171
3013
3172
3014
3173
3015
3174
3016
3175
3017
3176
3018
3177
3019
3178
3020
3179
3021
3180
3022
3181
3023
3182
3024
3183
3025
3184
3026
3185
3027
3186
3028
3187
3029
3188
3030
3189
3031
3190
3032
3191
3033
3192
3034
3193
3035
3194
3036
3195
3037
3196
3038
3197
3039
3198
3199
6080
3041
3042
3043
3044
3045
3046
3047
3048
3049
3050
3051
3052
3053
3054
3055
3056
3057
3058
3059
3060
3061
3062
3063
3064
3065
3066
3067
3068
3069
3070
3071
3072
3073
3074
3075
3076
3077
3078
3079
3080
3081
3082
3083
3084
3085
3086
3087
3088
3089
3090
3091
3092
3093
3094
3095
3096
3097
3098
3099
3100
3101
3102
3103
3104
3105
3106
3107
3108
3109
3110
3111
3112
3113
3114
3115
3116
3117
3118
3119
3120
3121
3122
3123
3124
3125
3126
3127
3128
3129
3130
3131
3132
3133
3134
3135
3136
3137
3138
3139
3140
3141
3142
3143
3144
3145
3146
3147
3148
3149
3150
3151
3152
3153
3154
3155
3156
3157
3158
3159
3160
3161
3162
3163
3164
3165
3166
3167
3168
3169
3170
3171
3172
3173
3174
3175
3176
3177
3178
3179
3180
3181
3182
3183
3184
3185
3186
3187
3188
3189
3190
3191
3192
3193
3194
3195
3196
3197
3198
3199
6240
3201
3360
9440
3202
3361
9441
3203
3362
9442
3204
3363
9443
3205
3364
9444
3206
3365
9445
3207
3366
9446
3208
3367
9447
3209
3368
9448
3210
3369
9449
3211
3370
9450
3212
3371
9451
3213
3372
9452
3214
3373
9453
3215
3374
9454
3216
3375
9455
3217
3376
9456
3218
3377
9457
3219
3378
9458
3220
3379
9459
3221
3380
9460
3222
3381
9461
3223
3382
9462
3224
3383
9463
3225
3384
9464
3226
3385
9465
3227
3386
9466
3228
3387
9467
3229
3388
9468
3230
3389
9469
3231
3390
9470
3232
3391
9471
3233
3392
9472
3234
3393
9473
3235
3394
9474
3236
3395
9475
3237
3396
9476
3238
3397
9477
3239
3398
9478
3240
3399
9479
3241
3400
9480
3242
3401
9481
3243
3402
9482
3244
3403
9483
3245
3404
9484
3246
3405
9485
3247
3406
9486
3248
3407
9487
3249
3408
9488
3250
3409
9489
3251
3410
9490
3252
3411
9491
3253
3412
9492
3254
3413
9493
3255
3414
9494
3256
3415
9495
3257
3416
9496
3258
3417
9497
3259
3418
9498
3260
3419
9499
3261
3420
9500
3262
3421
9501
3263
3422
9502
3264
3423
9503
3265
3424
9504
3266
3425
9505
3267
3426
9506
3268
3427
9507
3269
3428
9508
3270
3429
9509
3271
3430
9510
3272
3431
9511
3273
3432
9512
3274
3433
9513
3275
3434
9514
3276
3435
9515
3277
3436
9516
3278
3437
9517
3279
3438
9518
3280
3439
9519
3281
3440
9520
3282
3441
9521
3283
3442
9522
3284
3443
9523
3285
3444
9524
3286
3445
9525
3287
3446
9526
3288
3447
9527
3289
3448
9528
3290
3449
9529
3291
3450
9530
3292
3451
9531
3293
3452
9532
3294
3453
9533
3295
3454
9534
3296
3455
9535
3297
3456
9536
3298
3457
9537
3299
3458
9538
3300
3459
9539
3301
3460
9540
3302
3461
9541
3303
3462
9542
3304
3463
9543
3305
3464
9544
3306
3465
9545
3307
3466
9546
3308
3467
9547
3309
3468
9548
3310
3469
9549
3311
3470
9550
3312
3471
9551
3313
3472
9552
3314
3473
9553
3315
3474
9554
3316
3475
9555
3317
3476
9556
3318
3477
9557
3319
3478
9558
3320
3479
9559
3321
3480
9560
3322
3481
9561
3323
3482
9562
3324
3483
9563
3325
3484
9564
3326
3485
9565
3327
3486
9566
3328
3487
9567
3329
3488
9568
3330
3489
9569
3331
3490
9570
3332
3491
9571
3333
3492
9572
3334
3493
9573
3335
3494
9574
3336
3495
9575
3337
3496
9576
3338
3497
9577
3339
3498
9578
3340
3499
9579
3341
3500
9580
3342
3501
9581
3343
3502
9582
3344
3503
9583
3345
3504
9584
3346
3505
9585
3347
3506
9586
3348
3507
9587
3349
3508
9588
3350
3509
9589
3351
3510
9590
3352
3511
9591
3353
3512
9592
3354
3513
9593
3355
3514
9594
3356
3515
9595
3357
3516
9596
3358
3517
9597
3359
3518
9598
3519
9599
3361
3520
3362
3521
3363
3522
3364
3523
3365
3524
3366
3525
3367
3526
3368
3527
3369
3528
3370
3529
3371
3530
3372
3531
3373
3532
3374
3533
3375
3534
3376
3535
3377
3536
3378
3537
3379
3538
3380
3539
3381
3540
3382
3541
3383
3542
3384
3543
3385
3544
3386
3545
3387
3546
3388
3547
3389
3548
3390
3549
3391
3550
3392
3551
3393
3552
3394
3553
3395
3554
3396
3555
3397
3556
3398
3557
3399
3558
3400
3559
3401
3560
3402
3561
3403
3562
3404
3563
3405
3564
3406
3565
3407
3566
3408
3567
3409
3568
3410
3569
3411
3570
3412
3571
3413
3572
3414
3573
3415
3574
3416
3575
3417
3576
3418
3577
3419
3578
3420
3579
3421
3580
3422
3581
3423
3582
3424
3583
3425
3584
3426
3585
3427
3586
3428
3587
3429
3588
3430
3589
3431
3590
3432
3591
3433
3592
3434
3593
3435
3594
3436
3595
3437
3596
3438
3597
3439
3598
3440
3599
3441
3600
3442
3601
3443
3602
3444
3603
3445
3604
3446
3605
3447
3606
3448
3607
3449
3608
3450
3609
3451
3610
3452
3611
3453
3612
3454
3613
3455
3614
3456
3615
3457
3616
3458
3617
3459
3618
3460
3619
3461
3620
3462
3621
3463
3622
3464
3623
3465
3624
3466
3625
3467
3626
3468
3627
3469
3628
3470
3629
3471
3630
3472
3631
3473
3632
3474
3633
3475
3634
3476
3635
3477
3636
3478
3637
3479
3638
3480
3639
3481
3640
3482
3641
3483
3642
3484
3643
3485
3644
3486
3645
3487
3646
3488
3647
3489
3648
3490
3649
3491
3650
3492
3651
3493
3652
3494
3653
3495
3654
3496
3655
3497
3656
3498
3657
3499
3658
3500
3659
3501
3660
3502
3661
3503
3662
3504
3663
3505
3664
3506
3665
3507
3666
3508
3667
3509
3668
3510
3669
3511
3670
3512
3671
3513
3672
3514
3673
3515
3674
3516
3675
3517
3676
3518
3677
3519
3678
3679
3521
3680
3522
3681
3523
3682
3524
3683
3525
3684
3526
3685
3527
3686
3528
3687
3529
3688
3530
3689
3531
3690
3532
3691
3533
3692
3534
3693
3535
3694
3536
3695
3537
3696
3538
3697
3539
3698
3540
3699
3541
3700
3542
3701
3543
3702
3544
3703
3545
3704
3546
3705
3547
3706
3548
3707
3549
3708
3550
3709
3551
3710
3552
3711
3553
3712
3554
3713
3555
3714
3556
3715
3557
3716
3558
3717
3559
3718
3560
3719
3561
3720
3562
3721
3563
3722
3564
3723
3565
3724
3566
3725
3567
3726
3568
3727
3569
3728
3570
3729
3571
3730
3572
3731
3573
3732
3574
3733
3575
3734
3576
3735
3577
3736
3578
3737
3579
3738
3580
3739
3581
3740
3582
3741
3583
3742
3584
3743
3585
3744
3586
3745
3587
3746
3588
3747
3589
3748
3590
3749
3591
3750
3592
3751
3593
3752
3594
3753
3595
3754
3596
3755
3597
3756
3598
3757
3599
3758
3600
3759
3601
3760
3602
3761
3603
3762
3604
3763
3605
3764
3606
3765
3607
3766
3608
3767
3609
3768
3610
3769
3611
3770
3612
3771
3613
3772
3614
3773
3615
3774
3616
3775
3617
3776
3618
3777
3619
3778
3620
3779
3621
3780
3622
3781
3623
3782
3624
3783
3625
3784
3626
3785
3627
3786
3628
3787
3629
3788
3630
3789
3631
3790
3632
3791
3633
3792
3634
3793
3635
3794
3636
3795
3637
3796
3638
3797
3639
3798
3640
3799
3641
3800
3642
3801
3643
3802
3644
3803
3645
3804
3646
3805
3647
3806
3648
3807
3649
3808
3650
3809
3651
3810
3652
3811
3653
3812
3654
3813
3655
3814
3656
3815
3657
3816
3658
3817
3659
3818
3660
3819
3661
3820
3662
3821
3663
3822
3664
3823
3665
3824
3666
3825
3667
3826
3668
3827
3669
3828
3670
3829
3671
3830
3672
3831
3673
3832
3674
3833
3675
3834
3676
3835
3677
3836
3678
3837
3679
3838
3839
3681
3840
3682
3841
3683
3842
3684
3843
3685
3844
3686
3845
3687
3846
3688
3847
3689
3848
3690
3849
3691
3850
3692
3851
3693
3852
3694
3853
3695
3854
3696
3855
3697
3856
3698
3857
3699
3858
3700
3859
3701
3860
3702
3861
3703
3862
3704
3863
3705
3864
3706
3865
3707
3866
3708
3867
3709
3868
3710
3869
3711
3870
3712
3871
3713
3872
3714
3873
3715
3874
3716
3875
3717
3876
3718
3877
3719
3878
3720
3879
3721
3880
3722
3881
3723
3882
3724
3883
3725
3884
3726
3885
3727
3886
3728
3887
3729
3888
3730
3889
3731
3890
3732
3891
3733
3892
3734
3893
3735
3894
3736
3895
3737
3896
3738
3897
3739
3898
3740
3899
3741
3900
3742
3901
3743
3902
3744
3903
3745
3904
3746
3905
3747
3906
3748
3907
3749
3908
3750
3909
3751
3910
3752
3911
3753
3912
3754
3913
3755
3914
3756
3915
3757
3916
3758
3917
3759
3918
3760
3919
3761
3920
3762
3921
3763
3922
3764
3923
3765
3924
3766
3925
3767
3926
3768
3927
3769
3928
3770
3929
3771
3930
3772
3931
3773
3932
3774
3933
3775
3934
3776
3935
3777
3936
3778
3937
3779
3938
3780
3939
3781
3940
3782
3941
3783
3942
3784
3943
3785
3944
3786
3945
3787
3946
3788
3947
3789
3948
3790
3949
3791
3950
3792
3951
3793
3952
3794
3953
3795
3954
3796
3955
3797
3956
3798
3957
3799
3958
3800
3959
3801
3960
3802
3961
3803
3962
3804
3963
3805
3964
3806
3965
3807
3966
3808
3967
3809
3968
3810
3969
3811
3970
3812
3971
3813
3972
3814
3973
3815
3974
3816
3975
3817
3976
3818
3977
3819
3978
3820
3979
3821
3980
3822
3981
3823
3982
3824
3983
3825
3984
3826
3985
3827
3986
3828
3987
3829
3988
3830
3989
3831
3990
3832
3991
3833
3992
3834
3993
3835
3994
3836
3995
3837
3996
3838
3997
3839
3998
3999
3841
4000
3842
4001
3843
4002
3844
4003
3845
4004
3846
4005
3847
4006
3848
4007
3849
4008
3850
4009
3851
4010
3852
4011
3853
4012
3854
4013
3855
4014
3856
4015
3857
4016
3858
4017
3859
4018
3860
4019
3861
4020
3862
4021
3863
4022
3864
4023
3865
4024
3866
4025
3867
4026
3868
4027
3869
4028
3870
4029
3871
4030
3872
4031
3873
4032
3874
4033
3875
4034
3876
4035
3877
4036
3878
4037
3879
4038
3880
4039
3881
4040
3882
4041
3883
4042
3884
4043
3885
4044
3886
4045
3887
4046
3888
4047
3889
4048
3890
4049
3891
4050
3892
4051
3893
4052
3894
4053
3895
4054
3896
4055
3897
4056
3898
4057
3899
4058
3900
4059
3901
4060
3902
4061
3903
4062
3904
4063
3905
4064
3906
4065
3907
4066
3908
4067
3909
4068
3910
4069
3911
4070
3912
4071
3913
4072
3914
4073
3915
4074
3916
4075
3917
4076
3918
4077
3919
4078
3920
4079
3921
4080
3922
4081
3923
4082
3924
4083
3925
4084
3926
4085
3927
4086
3928
4087
3929
4088
3930
4089
3931
4090
3932
4091
3933
4092
3934
4093
3935
4094
3936
4095
3937
4096
3938
4097
3939
4098
3940
4099
3941
4100
3942
4101
3943
4102
3944
4103
3945
4104
3946
4105
3947
4106
3948
4107
3949
4108
3950
4109
3951
4110
3952
4111
3953
4112
3954
4113
3955
4114
3956
4115
3957
4116
3958
4117
3959
4118
3960
4119
3961
4120
3962
4121
3963
4122
3964
4123
3965
4124
3966
4125
3967
4126
3968
4127
3969
4128
3970
4129
3971
4130
3972
4131
3973
4132
3974
4133
3975
4134
3976
4135
3977
4136
3978
4137
3979
4138
3980
4139
3981
4140
3982
4141
3983
4142
3984
4143
3985
4144
3986
4145
3987
4146
3988
4147
3989
4148
3990
4149
3991
4150
3992
4151
3993
4152
3994
4153
3995
4154
3996
4155
3997
4156
3998
4157
3999
4158
4159
4001
4160
4002
4161
4003
4162
4004
4163
4005
4164
4006
4165
4007
4166
4008
4167
4009
4168
4010
4169
4011
4170
4012
4171
4013
4172
4014
4173
4015
4174
4016
4175
4017
4176
4018
4177
4019
4178
4020
4179
4021
4180
4022
4181
4023
4182
4024
4183
4025
4184
4026
4185
4027
4186
4028
4187
4029
4188
4030
4189
4031
4190
4032
4191
4033
4192
4034
4193
4035
4194
4036
4195
4037
4196
4038
4197
4039
4198
4040
4199
4041
4200
4042
4201
4043
4202
4044
4203
4045
4204
4046
4205
4047
4206
4048
4207
4049
4208
4050
4209
4051
4210
4052
4211
4053
4212
4054
4213
4055
4214
4056
4215
4057
4216
4058
4217
4059
4218
4060
4219
4061
4220
4062
4221
4063
4222
4064
4223
4065
4224
4066
4225
4067
4226
4068
4227
4069
4228
4070
4229
4071
4230
4072
4231
4073
4232
4074
4233
4075
4234
4076
4235
4077
4236
4078
4237
4079
4238
4080
4239
4081
4240
4082
4241
4083
4242
4084
4243
4085
4244
4086
4245
4087
4246
4088
4247
4089
4248
4090
4249
4091
4250
4092
4251
4093
4252
4094
4253
4095
4254
4096
4255
4097
4256
4098
4257
4099
4258
4100
4259
4101
4260
4102
4261
4103
4262
4104
4263
4105
4264
4106
4265
4107
4266
4108
4267
4109
4268
4110
4269
4111
4270
4112
4271
4113
4272
4114
4273
4115
4274
4116
4275
4117
4276
4118
4277
4119
4278
4120
4279
4121
4280
4122
4281
4123
4282
4124
4283
4125
4284
4126
4285
4127
4286
4128
4287
4129
4288
4130
4289
4131
4290
4132
4291
4133
4292
4134
4293
4135
4294
4136
4295
4137
4296
4138
4297
4139
4298
4140
4299
4141
4300
4142
4301
4143
4302
4144
4303
4145
4304
4146
4305
4147
4306
4148
4307
4149
4308
4150
4309
4151
4310
4152
4311
4153
4312
4154
4313
4155
4314
4156
4315
4157
4316
4158
4317
4159
4318
4319
4161
4320
4162
4321
4163
4322
4164
4323
4165
4324
4166
4325
4167
4326
4168
4327
4169
4328
4170
4329
4171
4330
4172
4331
4173
4332
4174
4333
4175
4334
4176
4335
4177
4336
4178
4337
4179
4338
4180
4339
4181
4340
4182
4341
4183
4342
4184
4343
4185
4344
4186
4345
4187
4346
4188
4347
4189
4348
4190
4349
4191
4350
4192
4351
4193
4352
4194
4353
4195
4354
4196
4355
4197
4356
4198
4357
4199
4358
4200
4359
4201
4360
4202
4361
4203
4362
4204
4363
4205
4364
4206
4365
4207
4366
4208
4367
4209
4368
4210
4369
4211
4370
4212
4371
4213
4372
4214
4373
4215
4374
4216
4375
4217
4376
4218
4377
4219
4378
4220
4379
4221
4380
4222
4381
4223
4382
4224
4383
4225
4384
4226
4385
4227
4386
4228
4387
4229
4388
4230
4389
4231
4390
4232
4391
4233
4392
4234
4393
4235
4394
4236
4395
4237
4396
4238
4397
4239
4398
4240
4399
4241
4400
4242
4401
4243
4402
4244
4403
4245
4404
4246
4405
4247
4406
4248
4407
4249
4408
4250
4409
4251
4410
4252
4411
4253
4412
4254
4413
4255
4414
4256
4415
4257
4416
4258
4417
4259
4418
4260
4419
4261
4420
4262
4421
4263
4422
4264
4423
4265
4424
4266
4425
4267
4426
4268
4427
4269
4428
4270
4429
4271
4430
4272
4431
4273
4432
4274
4433
4275
4434
4276
4435
4277
4436
4278
4437
4279
4438
4280
4439
4281
4440
4282
4441
4283
4442
4284
4443
4285
4444
4286
4445
4287
4446
4288
4447
4289
4448
4290
4449
4291
4450
4292
4451
4293
4452
4294
4453
4295
4454
4296
4455
4297
4456
4298
4457
4299
4458
4300
4459
4301
4460
4302
4461
4303
4462
4304
4463
4305
4464
4306
4465
4307
4466
4308
4467
4309
4468
4310
4469
4311
4470
4312
4471
4313
4472
4314
4473
4315
4474
4316
4475
4317
4476
4318
4477
4319
4478
4479
4321
4480
4322
4481
4323
4482
4324
4483
4325
4484
4326
4485
4327
4486
4328
4487
4329
4488
4330
4489
4331
4490
4332
4491
4333
4492
4334
4493
4335
4494
4336
4495
4337
4496
4338
4497
4339
4498
4340
4499
4341
4500
4342
4501
4343
4502
4344
4503
4345
4504
4346
4505
4347
4506
4348
4507
4349
4508
4350
4509
4351
4510
4352
4511
4353
4512
4354
4513
4355
4514
4356
4515
4357
4516
4358
4517
4359
4518
4360
4519
4361
4520
4362
4521
4363
4522
4364
4523
4365
4524
4366
4525
4367
4526
4368
4527
4369
4528
4370
4529
4371
4530
4372
4531
4373
4532
4374
4533
4375
4534
4376
4535
4377
4536
4378
4537
4379
4538
4380
4539
4381
4540
4382
4541
4383
4542
4384
4543
4385
4544
4386
4545
4387
4546
4388
4547
4389
4548
4390
4549
4391
4550
4392
4551
4393
4552
4394
4553
4395
4554
4396
4555
4397
4556
4398
4557
4399
4558
4400
4559
4401
4560
4402
4561
4403
4562
4404
4563
4405
4564
4406
4565
4407
4566
4408
4567
4409
4568
4410
4569
4411
4570
4412
4571
4413
4572
4414
4573
4415
4574
4416
4575
4417
4576
4418
4577
4419
4578
4420
4579
4421
4580
4422
4581
4423
4582
4424
4583
4425
4584
4426
4585
4427
4586
4428
4587
4429
4588
4430
4589
4431
4590
4432
4591
4433
4592
4434
4593
4435
4594
4436
4595
4437
4596
4438
4597
4439
4598
4440
4599
4441
4600
4442
4601
4443
4602
4444
4603
4445
4604
4446
4605
4447
4606
4448
4607
4449
4608
4450
4609
4451
4610
4452
4611
4453
4612
4454
4613
4455
4614
4456
4615
4457
4616
4458
4617
4459
4618
4460
4619
4461
4620
4462
4621
4463
4622
4464
4623
4465
4624
4466
4625
4467
4626
4468
4627
4469
4628
4470
4629
4471
4630
4472
4631
4473
4632
4474
4633
4475
4634
4476
4635
4477
4636
4478
4637
4479
4638
4639
4481
4640
4482
4641
4483
4642
4484
4643
4485
4644
4486
4645
4487
4646
4488
4647
4489
4648
4490
4649
4491
4650
4492
4651
4493
4652
4494
4653
4495
4654
4496
4655
4497
4656
4498
4657
4499
4658
4500
4659
4501
4660
4502
4661
4503
4662
4504
4663
4505
4664
4506
4665
4507
4666
4508
4667
4509
4668
4510
4669
4511
4670
4512
4671
4513
4672
4514
4673
4515
4674
4516
4675
4517
4676
4518
4677
4519
4678
4520
4679
4521
4680
4522
4681
4523
4682
4524
4683
4525
4684
4526
4685
4527
4686
4528
4687
4529
4688
4530
4689
4531
4690
4532
4691
4533
4692
4534
4693
4535
4694
4536
4695
4537
4696
4538
4697
4539
4698
4540
4699
4541
4700
4542
4701
4543
4702
4544
4703
4545
4704
4546
4705
4547
4706
4548
4707
4549
4708
4550
4709
4551
4710
4552
4711
4553
4712
4554
4713
4555
4714
4556
4715
4557
4716
4558
4717
4559
4718
4560
4719
4561
4720
4562
4721
4563
4722
4564
4723
4565
4724
4566
4725
4567
4726
4568
4727
4569
4728
4570
4729
4571
4730
4572
4731
4573
4732
4574
4733
4575
4734
4576
4735
4577
4736
4578
4737
4579
4738
4580
4739
4581
4740
4582
4741
4583
4742
4584
4743
4585
4744
4586
4745
4587
4746
4588
4747
4589
4748
4590
4749
4591
4750
4592
4751
4593
4752
4594
4753
4595
4754
4596
4755
4597
4756
4598
4757
4599
4758
4600
4759
4601
4760
4602
4761
4603
4762
4604
4763
4605
4764
4606
4765
4607
4766
4608
4767
4609
4768
4610
4769
4611
4770
4612
4771
4613
4772
4614
4773
4615
4774
4616
4775
4617
4776
4618
4777
4619
4778
4620
4779
4621
4780
4622
4781
4623
4782
4624
4783
4625
4784
4626
4785
4627
4786
4628
4787
4629
4788
4630
4789
4631
4790
4632
4791
4633
4792
4634
4793
4635
4794
4636
4795
4637
4796
4638
4797
4639
4798
4799
4641
4800
4642
4801
4643
4802
4644
4803
4645
4804
4646
4805
4647
4806
4648
4807
4649
4808
4650
4809
4651
4810
4652
4811
4653
4812
4654
4813
4655
4814
4656
4815
4657
4816
4658
4817
4659
4818
4660
4819
4661
4820
4662
4821
4663
4822
4664
4823
4665
4824
4666
4825
4667
4826
4668
4827
4669
4828
4670
4829
4671
4830
4672
4831
4673
4832
4674
4833
4675
4834
4676
4835
4677
4836
4678
4837
4679
4838
4680
4839
4681
4840
4682
4841
4683
4842
4684
4843
4685
4844
4686
4845
4687
4846
4688
4847
4689
4848
4690
4849
4691
4850
4692
4851
4693
4852
4694
4853
4695
4854
4696
4855
4697
4856
4698
4857
4699
4858
4700
4859
4701
4860
4702
4861
4703
4862
4704
4863
4705
4864
4706
4865
4707
4866
4708
4867
4709
4868
4710
4869
4711
4870
4712
4871
4713
4872
4714
4873
4715
4874
4716
4875
4717
4876
4718
4877
4719
4878
4720
4879
4721
4880
4722
4881
4723
4882
4724
4883
4725
4884
4726
4885
4727
4886
4728
4887
4729
4888
4730
4889
4731
4890
4732
4891
4733
4892
4734
4893
4735
4894
4736
4895
4737
4896
4738
4897
4739
4898
4740
4899
4741
4900
4742
4901
4743
4902
4744
4903
4745
4904
4746
4905
4747
4906
4748
4907
4749
4908
4750
4909
4751
4910
4752
4911
4753
4912
4754
4913
4755
4914
4756
4915
4757
4916
4758
4917
4759
4918
4760
4919
4761
4920
4762
4921
4763
4922
4764
4923
4765
4924
4766
4925
4767
4926
4768
4927
4769
4928
4770
4929
4771
4930
4772
4931
4773
4932
4774
4933
4775
4934
4776
4935
4777
4936
4778
4937
4779
4938
4780
4939
4781
4940
4782
4941
4783
4942
4784
4943
4785
4944
4786
4945
4787
4946
4788
4947
4789
4948
4790
4949
4791
4950
4792
4951
4793
4952
4794
4953
4795
4954
4796
4955
4797
4956
4798
4957
4799
4958
4959
4801
4960
4802
4961
4803
4962
4804
4963
4805
4964
4806
4965
4807
4966
4808
4967
4809
4968
4810
4969
4811
4970
4812
4971
4813
4972
4814
4973
4815
4974
4816
4975
4817
4976
4818
4977
4819
4978
4820
4979
4821
4980
4822
4981
4823
4982
4824
4983
4825
4984
4826
4985
4827
4986
4828
4987
4829
4988
4830
4989
4831
4990
4832
4991
4833
4992
4834
4993
4835
4994
4836
4995
4837
4996
4838
4997
4839
4998
4840
4999
4841
5000
4842
5001
4843
5002
4844
5003
4845
5004
4846
5005
4847
5006
4848
5007
4849
5008
4850
5009
4851
5010
4852
5011
4853
5012
4854
5013
4855
5014
4856
5015
4857
5016
4858
5017
4859
5018
4860
5019
4861
5020
4862
5021
4863
5022
4864
5023
4865
5024
4866
5025
4867
5026
4868
5027
4869
5028
4870
5029
4871
5030
4872
5031
4873
5032
4874
5033
4875
5034
4876
5035
4877
5036
4878
5037
4879
5038
4880
5039
4881
5040
4882
5041
4883
5042
4884
5043
4885
5044
4886
5045
4887
5046
4888
5047
4889
5048
4890
5049
4891
5050
4892
5051
4893
5052
4894
5053
4895
5054
4896
5055
4897
5056
4898
5057
4899
5058
4900
5059
4901
5060
4902
5061
4903
5062
4904
5063
4905
5064
4906
5065
4907
5066
4908
5067
4909
5068
4910
5069
4911
5070
4912
5071
4913
5072
4914
5073
4915
5074
4916
5075
4917
5076
4918
5077
4919
5078
4920
5079
4921
5080
4922
5081
4923
5082
4924
5083
4925
5084
4926
5085
4927
5086
4928
5087
4929
5088
4930
5089
4931
5090
4932
5091
4933
5092
4934
5093
4935
5094
4936
5095
4937
5096
4938
5097
4939
5098
4940
5099
4941
5100
4942
5101
4943
5102
4944
5103
4945
5104
4946
5105
4947
5106
4948
5107
4949
5108
4950
5109
4951
5110
4952
5111
4953
5112
4954
5113
4955
5114
4956
5115
4957
5116
4958
5117
4959
5118
5119
4961
5120
4962
5121
4963
5122
4964
5123
4965
5124
4966
5125
4967
5126
4968
5127
4969
5128
4970
5129
4971
5130
4972
5131
4973
5132
4974
5133
4975
5134
4976
5135
4977
5136
4978
5137
4979
5138
4980
5139
4981
5140
4982
5141
4983
5142
4984
5143
4985
5144
4986
5145
4987
5146
4988
5147
4989
5148
4990
5149
4991
5150
4992
5151
4993
5152
4994
5153
4995
5154
4996
5155
4997
5156
4998
5157
4999
5158
5000
5159
5001
5160
5002
5161
5003
5162
5004
5163
5005
5164
5006
5165
5007
5166
5008
5167
5009
5168
5010
5169
5011
5170
5012
5171
5013
5172
5014
5173
5015
5174
5016
5175
5017
5176
5018
5177
5019
5178
5020
5179
5021
5180
5022
5181
5023
5182
5024
5183
5025
5184
5026
5185
5027
5186
5028
5187
5029
5188
5030
5189
5031
5190
5032
5191
5033
5192
5034
5193
5035
5194
5036
5195
5037
5196
5038
5197
5039
5198
5040
5199
5041
5200
5042
5201
5043
5202
5044
5203
5045
5204
5046
5205
5047
5206
5048
5207
5049
5208
5050
5209
5051
5210
5052
5211
5053
5212
5054
5213
5055
5214
5056
5215
5057
5216
5058
5217
5059
5218
5060
5219
5061
5220
5062
5221
5063
5222
5064
5223
5065
5224
5066
5225
5067
5226
5068
5227
5069
5228
5070
5229
5071
5230
5072
5231
5073
5232
5074
5233
5075
5234
5076
5235
5077
5236
5078
5237
5079
5238
5080
5239
5081
5240
5082
5241
5083
5242
5084
5243
5085
5244
5086
5245
5087
5246
5088
5247
5089
5248
5090
5249
5091
5250
5092
5251
5093
5252
5094
5253
5095
5254
5096
5255
5097
5256
5098
5257
5099
5258
5100
5259
5101
5260
5102
5261
5103
5262
5104
5263
5105
5264
5106
5265
5107
5266
5108
5267
5109
5268
5110
5269
5111
5270
5112
5271
5113
5272
5114
5273
5115
5274
5116
5275
5117
5276
5118
5277
5119
5278
5279
5121
5280
5122
5281
5123
5282
5124
5283
5125
5284
5126
5285
5127
5286
5128
5287
5129
5288
5130
5289
5131
5290
5132
5291
5133
5292
5134
5293
5135
5294
5136
5295
5137
5296
5138
5297
5139
5298
5140
5299
5141
5300
5142
5301
5143
5302
5144
5303
5145
5304
5146
5305
5147
5306
5148
5307
5149
5308
5150
5309
5151
5310
5152
5311
5153
5312
5154
5313
5155
5314
5156
5315
5157
5316
5158
5317
5159
5318
5160
5319
5161
5320
5162
5321
5163
5322
5164
5323
5165
5324
5166
5325
5167
5326
5168
5327
5169
5328
5170
5329
5171
5330
5172
5331
5173
5332
5174
5333
5175
5334
5176
5335
5177
5336
5178
5337
5179
5338
5180
5339
5181
5340
5182
5341
5183
5342
5184
5343
5185
5344
5186
5345
5187
5346
5188
5347
5189
5348
5190
5349
5191
5350
5192
5351
5193
5352
5194
5353
5195
5354
5196
5355
5197
5356
5198
5357
5199
5358
5200
5359
5201
5360
5202
5361
5203
5362
5204
5363
5205
5364
5206
5365
5207
5366
5208
5367
5209
5368
5210
5369
5211
5370
5212
5371
5213
5372
5214
5373
5215
5374
5216
5375
5217
5376
5218
5377
5219
5378
5220
5379
5221
5380
5222
5381
5223
5382
5224
5383
5225
5384
5226
5385
5227
5386
5228
5387
5229
5388
5230
5389
5231
5390
5232
5391
5233
5392
5234
5393
5235
5394
5236
5395
5237
5396
5238
5397
5239
5398
5240
5399
5241
5400
5242
5401
5243
5402
5244
5403
5245
5404
5246
5405
5247
5406
5248
5407
5249
5408
5250
5409
5251
5410
5252
5411
5253
5412
5254
5413
5255
5414
5256
5415
5257
5416
5258
5417
5259
5418
5260
5419
5261
5420
5262
5421
5263
5422
5264
5423
5265
5424
5266
5425
5267
5426
5268
5427
5269
5428
5270
5429
5271
5430
5272
5431
5273
5432
5274
5433
5275
5434
5276
5435
5277
5436
5278
5437
5279
5438
5439
5281
5440
5282
5441
5283
5442
5284
5443
5285
5444
5286
5445
5287
5446
5288
5447
5289
5448
5290
5449
5291
5450
5292
5451
5293
5452
5294
5453
5295
5454
5296
5455
5297
5456
5298
5457
5299
5458
5300
5459
5301
5460
5302
5461
5303
5462
5304
5463
5305
5464
5306
5465
5307
5466
5308
5467
5309
5468
5310
5469
5311
5470
5312
5471
5313
5472
5314
5473
5315
5474
5316
5475
5317
5476
5318
5477
5319
5478
5320
5479
5321
5480
5322
5481
5323
5482
5324
5483
5325
5484
5326
5485
5327
5486
5328
5487
5329
5488
5330
5489
5331
5490
5332
5491
5333
5492
5334
5493
5335
5494
5336
5495
5337
5496
5338
5497
5339
5498
5340
5499
5341
5500
5342
5501
5343
5502
5344
5503
5345
5504
5346
5505
5347
5506
5348
5507
5349
5508
5350
5509
5351
5510
5352
5511
5353
5512
5354
5513
5355
5514
5356
5515
5357
5516
5358
5517
5359
5518
5360
5519
5361
5520
5362
5521
5363
5522
5364
5523
5365
5524
5366
5525
5367
5526
5368
5527
5369
5528
5370
5529
5371
5530
5372
5531
5373
5532
5374
5533
5375
5534
5376
5535
5377
5536
5378
5537
5379
5538
5380
5539
5381
5540
5382
5541
5383
5542
5384
5543
5385
5544
5386
5545
5387
5546
5388
5547
5389
5548
5390
5549
5391
5550
5392
5551
5393
5552
5394
5553
5395
5554
5396
5555
5397
5556
5398
5557
5399
5558
5400
5559
5401
5560
5402
5561
5403
5562
5404
5563
5405
5564
5406
5565
5407
5566
5408
5567
5409
5568
5410
5569
5411
5570
5412
5571
5413
5572
5414
5573
5415
5574
5416
5575
5417
5576
5418
5577
5419
5578
5420
5579
5421
5580
5422
5581
5423
5582
5424
5583
5425
5584
5426
5585
5427
5586
5428
5587
5429
5588
5430
5589
5431
5590
5432
5591
5433
5592
5434
5593
5435
5594
5436
5595
5437
5596
5438
5597
5439
5598
5599
5441
5600
5442
5601
5443
5602
5444
5603
5445
5604
5446
5605
5447
5606
5448
5607
5449
5608
5450
5609
5451
5610
5452
5611
5453
5612
5454
5613
5455
5614
5456
5615
5457
5616
5458
5617
5459
5618
5460
5619
5461
5620
5462
5621
5463
5622
5464
5623
5465
5624
5466
5625
5467
5626
5468
5627
5469
5628
5470
5629
5471
5630
5472
5631
5473
5632
5474
5633
5475
5634
5476
5635
5477
5636
5478
5637
5479
5638
5480
5639
5481
5640
5482
5641
5483
5642
5484
5643
5485
5644
5486
5645
5487
5646
5488
5647
5489
5648
5490
5649
5491
5650
5492
5651
5493
5652
5494
5653
5495
5654
5496
5655
5497
5656
5498
5657
5499
5658
5500
5659
5501
5660
5502
5661
5503
5662
5504
5663
5505
5664
5506
5665
5507
5666
5508
5667
5509
5668
5510
5669
5511
5670
5512
5671
5513
5672
5514
5673
5515
5674
5516
5675
5517
5676
5518
5677
5519
5678
5520
5679
5521
5680
5522
5681
5523
5682
5524
5683
5525
5684
5526
5685
5527
5686
5528
5687
5529
5688
5530
5689
5531
5690
5532
5691
5533
5692
5534
5693
5535
5694
5536
5695
5537
5696
5538
5697
5539
5698
5540
5699
5541
5700
5542
5701
5543
5702
5544
5703
5545
5704
5546
5705
5547
5706
5548
5707
5549
5708
5550
5709
5551
5710
5552
5711
5553
5712
5554
5713
5555
5714
5556
5715
5557
5716
5558
5717
5559
5718
5560
5719
5561
5720
5562
5721
5563
5722
5564
5723
5565
5724
5566
5725
5567
5726
5568
5727
5569
5728
5570
5729
5571
5730
5572
5731
5573
5732
5574
5733
5575
5734
5576
5735
5577
5736
5578
5737
5579
5738
5580
5739
5581
5740
5582
5741
5583
5742
5584
5743
5585
5744
5586
5745
5587
5746
5588
5747
5589
5748
5590
5749
5591
5750
5592
5751
5593
5752
5594
5753
5595
5754
5596
5755
5597
5756
5598
5757
5599
5758
5759
5601
5760
5602
5761
5603
5762
5604
5763
5605
5764
5606
5765
5607
5766
5608
5767
5609
5768
5610
5769
5611
5770
5612
5771
5613
5772
5614
5773
5615
5774
5616
5775
5617
5776
5618
5777
5619
5778
5620
5779
5621
5780
5622
5781
5623
5782
5624
5783
5625
5784
5626
5785
5627
5786
5628
5787
5629
5788
5630
5789
5631
5790
5632
5791
5633
5792
5634
5793
5635
5794
5636
5795
5637
5796
5638
5797
5639
5798
5640
5799
5641
5800
5642
5801
5643
5802
5644
5803
5645
5804
5646
5805
5647
5806
5648
5807
5649
5808
5650
5809
5651
5810
5652
5811
5653
5812
5654
5813
5655
5814
5656
5815
5657
5816
5658
5817
5659
5818
5660
5819
5661
5820
5662
5821
5663
5822
5664
5823
5665
5824
5666
5825
5667
5826
5668
5827
5669
5828
5670
5829
5671
5830
5672
5831
5673
5832
5674
5833
5675
5834
5676
5835
5677
5836
5678
5837
5679
5838
5680
5839
5681
5840
5682
5841
5683
5842
5684
5843
5685
5844
5686
5845
5687
5846
5688
5847
5689
5848
5690
5849
5691
5850
5692
5851
5693
5852
5694
5853
5695
5854
5696
5855
5697
5856
5698
5857
5699
5858
5700
5859
5701
5860
5702
5861
5703
5862
5704
5863
5705
5864
5706
5865
5707
5866
5708
5867
5709
5868
5710
5869
5711
5870
5712
5871
5713
5872
5714
5873
5715
5874
5716
5875
5717
5876
5718
5877
5719
5878
5720
5879
5721
5880
5722
5881
5723
5882
5724
5883
5725
5884
5726
5885
5727
5886
5728
5887
5729
5888
5730
5889
5731
5890
5732
5891
5733
5892
5734
5893
5735
5894
5736
5895
5737
5896
5738
5897
5739
5898
5740
5899
5741
5900
5742
5901
5743
5902
5744
5903
5745
5904
5746
5905
5747
5906
5748
5907
5749
5908
5750
5909
5751
5910
5752
5911
5753
5912
5754
5913
5755
5914
5756
5915
5757
5916
5758
5917
5759
5918
5919
5761
5920
5762
5921
5763
5922
5764
5923
5765
5924
5766
5925
5767
5926
5768
5927
5769
5928
5770
5929
5771
5930
5772
5931
5773
5932
5774
5933
5775
5934
5776
5935
5777
5936
5778
5937
5779
5938
5780
5939
5781
5940
5782
5941
5783
5942
5784
5943
5785
5944
5786
5945
5787
5946
5788
5947
5789
5948
5790
5949
5791
5950
5792
5951
5793
5952
5794
5953
5795
5954
5796
5955
5797
5956
5798
5957
5799
5958
5800
5959
5801
5960
5802
5961
5803
5962
5804
5963
5805
5964
5806
5965
5807
5966
5808
5967
5809
5968
5810
5969
5811
5970
5812
5971
5813
5972
5814
5973
5815
5974
5816
5975
5817
5976
5818
5977
5819
5978
5820
5979
5821
5980
5822
5981
5823
5982
5824
5983
5825
5984
5826
5985
5827
5986
5828
5987
5829
5988
5830
5989
5831
5990
5832
5991
5833
5992
5834
5993
5835
5994
5836
5995
5837
5996
5838
5997
5839
5998
5840
5999
5841
6000
5842
6001
5843
6002
5844
6003
5845
6004
5846
6005
5847
6006
5848
6007
5849
6008
5850
6009
5851
6010
5852
6011
5853
6012
5854
6013
5855
6014
5856
6015
5857
6016
5858
6017
5859
6018
5860
6019
5861
6020
5862
6021
5863
6022
5864
6023
5865
6024
5866
6025
5867
6026
5868
6027
5869
6028
5870
6029
5871
6030
5872
6031
5873
6032
5874
6033
5875
6034
5876
6035
5877
6036
5878
6037
5879
6038
5880
6039
5881
6040
5882
6041
5883
6042
5884
6043
5885
6044
5886
6045
5887
6046
5888
6047
5889
6048
5890
6049
5891
6050
5892
6051
5893
6052
5894
6053
5895
6054
5896
6055
5897
6056
5898
6057
5899
6058
5900
6059
5901
6060
5902
6061
5903
6062
5904
6063
5905
6064
5906
6065
5907
6066
5908
6067
5909
6068
5910
6069
5911
6070
5912
6071
5913
6072
5914
6073
5915
6074
5916
6075
5917
6076
5918
6077
5919
6078
6079
5921
6080
5922
6081
5923
6082
5924
6083
5925
6084
5926
6085
5927
6086
5928
6087
5929
6088
5930
6089
5931
6090
5932
6091
5933
6092
5934
6093
5935
6094
5936
6095
5937
6096
5938
6097
5939
6098
5940
6099
5941
6100
5942
6101
5943
6102
5944
6103
5945
6104
5946
6105
5947
6106
5948
6107
5949
6108
5950
6109
5951
6110
5952
6111
5953
6112
5954
6113
5955
6114
5956
6115
5957
6116
5958
6117
5959
6118
5960
6119
5961
6120
5962
6121
5963
6122
5964
6123
5965
6124
5966
6125
5967
6126
5968
6127
5969
6128
5970
6129
5971
6130
5972
6131
5973
6132
5974
6133
5975
6134
5976
6135
5977
6136
5978
6137
5979
6138
5980
6139
5981
6140
5982
6141
5983
6142
5984
6143
5985
6144
5986
6145
5987
6146
5988
6147
5989
6148
5990
6149
5991
6150
5992
6151
5993
6152
5994
6153
5995
6154
5996
6155
5997
6156
5998
6157
5999
6158
6000
6159
6001
6160
6002
6161
6003
6162
6004
6163
6005
6164
6006
6165
6007
6166
6008
6167
6009
6168
6010
6169
6011
6170
6012
6171
6013
6172
6014
6173
6015
6174
6016
6175
6017
6176
6018
6177
6019
6178
6020
6179
6021
6180
6022
6181
6023
6182
6024
6183
6025
6184
6026
6185
6027
6186
6028
6187
6029
6188
6030
6189
6031
6190
6032
6191
6033
6192
6034
6193
6035
6194
6036
6195
6037
6196
6038
6197
6039
6198
6040
6199
6041
6200
6042
6201
6043
6202
6044
6203
6045
6204
6046
6205
6047
6206
6048
6207
6049
6208
6050
6209
6051
6210
6052
6211
6053
6212
6054
6213
6055
6214
6056
6215
6057
6216
6058
6217
6059
6218
6060
6219
6061
6220
6062
6221
6063
6222
6064
6223
6065
6224
6066
6225
6067
6226
6068
6227
6069
6228
6070
6229
6071
6230
6072
6231
6073
6232
6074
6233
6075
6234
6076
6235
6077
6236
6078
6237
6079
6238
6239
6081
6240
6082
6241
6083
6242
6084
6243
6085
6244
6086
6245
6087
6246
6088
6247
6089
6248
6090
6249
6091
6250
6092
6251
6093
6252
6094
6253
6095
6254
6096
6255
6097
6256
6098
6257
6099
6258
6100
6259
6101
6260
6102
6261
6103
6262
6104
6263
6105
6264
6106
6265
6107
6266
6108
6267
6109
6268
6110
6269
6111
6270
6112
6271
6113
6272
6114
6273
6115
6274
6116
6275
6117
6276
6118
6277
6119
6278
6120
6279
6121
6280
6122
6281
6123
6282
6124
6283
6125
6284
6126
6285
6127
6286
6128
6287
6129
6288
6130
6289
6131
6290
6132
6291
6133
6292
6134
6293
6135
6294
6136
6295
6137
6296
6138
6297
6139
6298
6140
6299
6141
6300
6142
6301
6143
6302
6144
6303
6145
6304
6146
6305
6147
6306
6148
6307
6149
6308
6150
6309
6151
6310
6152
6311
6153
6312
6154
6313
6155
6314
6156
6315
6157
6316
6158
6317
6159
6318
6160
6319
6161
6320
6162
6321
6163
6322
6164
6323
6165
6324
6166
6325
6167
6326
6168
6327
6169
6328
6170
6329
6171
6330
6172
6331
6173
6332
6174
6333
6175
6334
6176
6335
6177
6336
6178
6337
6179
6338
6180
6339
6181
6340
6182
6341
6183
6342
6184
6343
6185
6344
6186
6345
6187
6346
6188
6347
6189
6348
6190
6349
6191
6350
6192
6351
6193
6352
6194
6353
6195
6354
6196
6355
6197
6356
6198
6357
6199
6358
6200
6359
6201
6360
6202
6361
6203
6362
6204
6363
6205
6364
6206
6365
6207
6366
6208
6367
6209
6368
6210
6369
6211
6370
6212
6371
6213
6372
6214
6373
6215
6374
6216
6375
6217
6376
6218
6377
6219
6378
6220
6379
6221
6380
6222
6381
6223
6382
6224
6383
6225
6384
6226
6385
6227
6386
6228
6387
6229
6388
6230
6389
6231
6390
6232
6391
6233
6392
6234
6393
6235
6394
6236
6395
6237
6396
6238
6397
6239
6398
6399
6241
6242
6243
6244
6245
6246
6247
6248
6249
6250
6251
6252
6253
6254
6255
6256
6257
6258
6259
6260
6261
6262
6263
6264
6265
6266
6267
6268
6269
6270
6271
6272
6273
6274
6275
6276
6277
6278
6279
6280
6281
6282
6283
6284
6285
6286
6287
6288
6289
6290
6291
6292
6293
6294
6295
6296
6297
6298
6299
6300
6301
6302
6303
6304
6305
6306
6307
6308
6309
6310
6311
6312
6313
6314
6315
6316
6317
6318
6319
6320
6321
6322
6323
6324
6325
6326
6327
6328
6329
6330
6331
6332
6333
6334
6335
6336
6337
6338
6339
6340
6341
6342
6343
6344
6345
6346
6347
6348
6349
6350
6351
6352
6353
6354
6355
6356
6357
6358
6359
6360
6361
6362
6363
6364
6365
6366
6367
6368
6369
6370
6371
6372
6373
6374
6375
6376
6377
6378
6379
6380
6381
6382
6383
6384
6385
6386
6387
6388
6389
6390
6391
6392
6393
6394
6395
6396
6397
6398
6399
6401
6560
6402
6561
6403
6562
6404
6563
6405
6564
6406
6565
6407
6566
6408
6567
6409
6568
6410
6569
6411
6570
6412
6571
6413
6572
6414
6573
6415
6574
6416
6575
6417
6576
6418
6577
6419
6578
6420
6579
6421
6580
6422
6581
6423
6582
6424
6583
6425
6584
6426
6585
6427
6586
6428
6587
6429
6588
6430
6589
6431
6590
6432
6591
6433
6592
6434
6593
6435
6594
6436
6595
6437
6596
6438
6597
6439
6598
6440
6599
6441
6600
6442
6601
6443
6602
6444
6603
6445
6604
6446
6605
6447
6606
6448
6607
6449
6608
6450
6609
6451
6610
6452
6611
6453
6612
6454
6613
6455
6614
6456
6615
6457
6616
6458
6617
6459
6618
6460
6619
6461
6620
6462
6621
6463
6622
6464
6623
6465
6624
6466
6625
6467
6626
6468
6627
6469
6628
6470
6629
6471
6630
6472
6631
6473
6632
6474
6633
6475
6634
6476
6635
6477
6636
6478
6637
6479
6638
6480
6639
6481
6640
6482
6641
6483
6642
6484
6643
6485
6644
6486
6645
6487
6646
6488
6647
6489
6648
6490
6649
6491
6650
6492
6651
6493
6652
6494
6653
6495
6654
6496
6655
6497
6656
6498
6657
6499
6658
6500
6659
6501
6660
6502
6661
6503
6662
6504
6663
6505
6664
6506
6665
6507
6666
6508
6667
6509
6668
6510
6669
6511
6670
6512
6671
6513
6672
6514
6673
6515
6674
6516
6675
6517
6676
6518
6677
6519
6678
6520
6679
6521
6680
6522
6681
6523
6682
6524
6683
6525
6684
6526
6685
6527
6686
6528
6687
6529
6688
6530
6689
6531
6690
6532
6691
6533
6692
6534
6693
6535
6694
6536
6695
6537
6696
6538
6697
6539
6698
6540
6699
6541
6700
6542
6701
6543
6702
6544
6703
6545
6704
6546
6705
6547
6706
6548
6707
6549
6708
6550
6709
6551
6710
6552
6711
6553
6712
6554
6713
6555
6714
6556
6715
6557
6716
6558
6717
6559
6718
6719
6561
6720
6562
6721
6563
6722
6564
6723
6565
6724
6566
6725
6567
6726
6568
6727
6569
6728
6570
6729
6571
6730
6572
6731
6573
6732
6574
6733
6575
6734
6576
6735
6577
6736
6578
6737
6579
6738
6580
6739
6581
6740
6582
6741
6583
6742
6584
6743
6585
6744
6586
6745
6587
6746
6588
6747
6589
6748
6590
6749
6591
6750
6592
6751
6593
6752
6594
6753
6595
6754
6596
6755
6597
6756
6598
6757
6599
6758
6600
6759
6601
6760
6602
6761
6603
6762
6604
6763
6605
6764
6606
6765
6607
6766
6608
6767
6609
6768
6610
6769
6611
6770
6612
6771
6613
6772
6614
6773
6615
6774
6616
6775
6617
6776
6618
6777
6619
6778
6620
6779
6621
6780
6622
6781
6623
6782
6624
6783
6625
6784
6626
6785
6627
6786
6628
6787
6629
6788
6630
6789
6631
6790
6632
6791
6633
6792
6634
6793
6635
6794
6636
6795
6637
6796
6638
6797
6639
6798
6640
6799
6641
6800
6642
6801
6643
6802
6644
6803
6645
6804
6646
6805
6647
6806
6648
6807
6649
6808
6650
6809
6651
6810
6652
6811
6653
6812
6654
6813
6655
6814
6656
6815
6657
6816
6658
6817
6659
6818
6660
6819
6661
6820
6662
6821
6663
6822
6664
6823
6665
6824
6666
6825
6667
6826
6668
6827
6669
6828
6670
6829
6671
6830
6672
6831
6673
6832
6674
6833
6675
6834
6676
6835
6677
6836
6678
6837
6679
6838
6680
6839
6681
6840
6682
6841
6683
6842
6684
6843
6685
6844
6686
6845
6687
6846
6688
6847
6689
6848
6690
6849
6691
6850
6692
6851
6693
6852
6694
6853
6695
6854
6696
6855
6697
6856
6698
6857
6699
6858
6700
6859
6701
6860
6702
6861
6703
6862
6704
6863
6705
6864
6706
6865
6707
6866
6708
6867
6709
6868
6710
6869
6711
6870
6712
6871
6713
6872
6714
6873
6715
6874
6716
6875
6717
6876
6718
6877
6719
6878
6879
6721
6880
6722
6881
6723
6882
6724
6883
6725
6884
6726
6885
6727
6886
6728
6887
6729
6888
6730
6889
6731
6890
6732
6891
6733
6892
6734
6893
6735
6894
6736
6895
6737
6896
6738
6897
6739
6898
6740
6899
6741
6900
6742
6901
6743
6902
6744
6903
6745
6904
6746
6905
6747
6906
6748
6907
6749
6908
6750
6909
6751
6910
6752
6911
6753
6912
6754
6913
6755
6914
6756
6915
6757
6916
6758
6917
6759
6918
6760
6919
6761
6920
6762
6921
6763
6922
6764
6923
6765
6924
6766
6925
6767
6926
6768
6927
6769
6928
6770
6929
6771
6930
6772
6931
6773
6932
6774
6933
6775
6934
6776
6935
6777
6936
6778
6937
6779
6938
6780
6939
6781
6940
6782
6941
6783
6942
6784
6943
6785
6944
6786
6945
6787
6946
6788
6947
6789
6948
6790
6949
6791
6950
6792
6951
6793
6952
6794
6953
6795
6954
6796
6955
6797
6956
6798
6957
6799
6958
6800
6959
6801
6960
6802
6961
6803
6962
6804
6963
6805
6964
6806
6965
6807
6966
6808
6967
6809
6968
6810
6969
6811
6970
6812
6971
6813
6972
6814
6973
6815
6974
6816
6975
6817
6976
6818
6977
6819
6978
6820
6979
6821
6980
6822
6981
6823
6982
6824
6983
6825
6984
6826
6985
6827
6986
6828
6987
6829
6988
6830
6989
6831
6990
6832
6991
6833
6992
6834
6993
6835
6994
6836
6995
6837
6996
6838
6997
6839
6998
6840
6999
6841
7000
6842
7001
6843
7002
6844
7003
6845
7004
6846
7005
6847
7006
6848
7007
6849
7008
6850
7009
6851
7010
6852
7011
6853
7012
6854
7013
6855
7014
6856
7015
6857
7016
6858
7017
6859
7018
6860
7019
6861
7020
6862
7021
6863
7022
6864
7023
6865
7024
6866
7025
6867
7026
6868
7027
6869
7028
6870
7029
6871
7030
6872
7031
6873
7032
6874
7033
6875
7034
6876
7035
6877
7036
6878
7037
6879
7038
7039
6881
7040
6882
7041
6883
7042
6884
7043
6885
7044
6886
7045
6887
7046
6888
7047
6889
7048
6890
7049
6891
7050
6892
7051
6893
7052
6894
7053
6895
7054
6896
7055
6897
7056
6898
7057
6899
7058
6900
7059
6901
7060
6902
7061
6903
7062
6904
7063
6905
7064
6906
7065
6907
7066
6908
7067
6909
7068
6910
7069
6911
7070
6912
7071
6913
7072
6914
7073
6915
7074
6916
7075
6917
7076
6918
7077
6919
7078
6920
7079
6921
7080
6922
7081
6923
7082
6924
7083
6925
7084
6926
7085
6927
7086
6928
7087
6929
7088
6930
7089
6931
7090
6932
7091
6933
7092
6934
7093
6935
7094
6936
7095
6937
7096
6938
7097
6939
7098
6940
7099
6941
7100
6942
7101
6943
7102
6944
7103
6945
7104
6946
7105
6947
7106
6948
7107
6949
7108
6950
7109
6951
7110
6952
7111
6953
7112
6954
7113
6955
7114
6956
7115
6957
7116
6958
7117
6959
7118
6960
7119
6961
7120
6962
7121
6963
7122
6964
7123
6965
7124
6966
7125
6967
7126
6968
7127
6969
7128
6970
7129
6971
7130
6972
7131
6973
7132
6974
7133
6975
7134
6976
7135
6977
7136
6978
7137
6979
7138
6980
7139
6981
7140
6982
7141
6983
7142
6984
7143
6985
7144
6986
7145
6987
7146
6988
7147
6989
7148
6990
7149
6991
7150
6992
7151
6993
7152
6994
7153
6995
7154
6996
7155
6997
7156
6998
7157
6999
7158
7000
7159
7001
7160
7002
7161
7003
7162
7004
7163
7005
7164
7006
7165
7007
7166
7008
7167
7009
7168
7010
7169
7011
7170
7012
7171
7013
7172
7014
7173
7015
7174
7016
7175
7017
7176
7018
7177
7019
7178
7020
7179
7021
7180
7022
7181
7023
7182
7024
7183
7025
7184
7026
7185
7027
7186
7028
7187
7029
7188
7030
7189
7031
7190
7032
7191
7033
7192
7034
7193
7035
7194
7036
7195
7037
7196
7038
7197
7039
7198
7199
7041
7200
7042
7201
7043
7202
7044
7203
7045
7204
7046
7205
7047
7206
7048
7207
7049
7208
7050
7209
7051
7210
7052
7211
7053
7212
7054
7213
7055
7214
7056
7215
7057
7216
7058
7217
7059
7218
7060
7219
7061
7220
7062
7221
7063
7222
7064
7223
7065
7224
7066
7225
7067
7226
7068
7227
7069
7228
7070
7229
7071
7230
7072
7231
7073
7232
7074
7233
7075
7234
7076
7235
7077
7236
7078
7237
7079
7238
7080
7239
7081
7240
7082
7241
7083
7242
7084
7243
7085
7244
7086
7245
7087
7246
7088
7247
7089
7248
7090
7249
7091
7250
7092
7251
7093
7252
7094
7253
7095
7254
7096
7255
7097
7256
7098
7257
7099
7258
7100
7259
7101
7260
7102
7261
7103
7262
7104
7263
7105
7264
7106
7265
7107
7266
7108
7267
7109
7268
7110
7269
7111
7270
7112
7271
7113
7272
7114
7273
7115
7274
7116
7275
7117
7276
7118
7277
7119
7278
7120
7279
7121
7280
7122
7281
7123
7282
7124
7283
7125
7284
7126
7285
7127
7286
7128
7287
7129
7288
7130
7289
7131
7290
7132
7291
7133
7292
7134
7293
7135
7294
7136
7295
7137
7296
7138
7297
7139
7298
7140
7299
7141
7300
7142
7301
7143
7302
7144
7303
7145
7304
7146
7305
7147
7306
7148
7307
7149
7308
7150
7309
7151
7310
7152
7311
7153
7312
7154
7313
7155
7314
7156
7315
7157
7316
7158
7317
7159
7318
7160
7319
7161
7320
7162
7321
7163
7322
7164
7323
7165
7324
7166
7325
7167
7326
7168
7327
7169
7328
7170
7329
7171
7330
7172
7331
7173
7332
7174
7333
7175
7334
7176
7335
7177
7336
7178
7337
7179
7338
7180
7339
7181
7340
7182
7341
7183
7342
7184
7343
7185
7344
7186
7345
7187
7346
7188
7347
7189
7348
7190
7349
7191
7350
7192
7351
7193
7352
7194
7353
7195
7354
7196
7355
7197
7356
7198
7357
7199
7358
7359
7201
7360
7202
7361
7203
7362
7204
7363
7205
7364
7206
7365
7207
7366
7208
7367
7209
7368
7210
7369
7211
7370
7212
7371
7213
7372
7214
7373
7215
7374
7216
7375
7217
7376
7218
7377
7219
7378
7220
7379
7221
7380
7222
7381
7223
7382
7224
7383
7225
7384
7226
7385
7227
7386
7228
7387
7229
7388
7230
7389
7231
7390
7232
7391
7233
7392
7234
7393
7235
7394
7236
7395
7237
7396
7238
7397
7239
7398
7240
7399
7241
7400
7242
7401
7243
7402
7244
7403
7245
7404
7246
7405
7247
7406
7248
7407
7249
7408
7250
7409
7251
7410
7252
7411
7253
7412
7254
7413
7255
7414
7256
7415
7257
7416
7258
7417
7259
7418
7260
7419
7261
7420
7262
7421
7263
7422
7264
7423
7265
7424
7266
7425
7267
7426
7268
7427
7269
7428
7270
7429
7271
7430
7272
7431
7273
7432
7274
7433
7275
7434
7276
7435
7277
7436
7278
7437
7279
7438
7280
7439
7281
7440
7282
7441
7283
7442
7284
7443
7285
7444
7286
7445
7287
7446
7288
7447
7289
7448
7290
7449
7291
7450
7292
7451
7293
7452
7294
7453
7295
7454
7296
7455
7297
7456
7298
7457
7299
7458
7300
7459
7301
7460
7302
7461
7303
7462
7304
7463
7305
7464
7306
7465
7307
7466
7308
7467
7309
7468
7310
7469
7311
7470
7312
7471
7313
7472
7314
7473
7315
7474
7316
7475
7317
7476
7318
7477
7319
7478
7320
7479
7321
7480
7322
7481
7323
7482
7324
7483
7325
7484
7326
7485
7327
7486
7328
7487
7329
7488
7330
7489
7331
7490
7332
7491
7333
7492
7334
7493
7335
7494
7336
7495
7337
7496
7338
7497
7339
7498
7340
7499
7341
7500
7342
7501
7343
7502
7344
7503
7345
7504
7346
7505
7347
7506
7348
7507
7349
7508
7350
7509
7351
7510
7352
7511
7353
7512
7354
7513
7355
7514
7356
7515
7357
7516
7358
7517
7359
7518
7519
7361
7520
7362
7521
7363
7522
7364
7523
7365
7524
7366
7525
7367
7526
7368
7527
7369
7528
7370
7529
7371
7530
7372
7531
7373
7532
7374
7533
7375
7534
7376
7535
7377
7536
7378
7537
7379
7538
7380
7539
7381
7540
7382
7541
7383
7542
7384
7543
7385
7544
7386
7545
7387
7546
7388
7547
7389
7548
7390
7549
7391
7550
7392
7551
7393
7552
7394
7553
7395
7554
7396
7555
7397
7556
7398
7557
7399
7558
7400
7559
7401
7560
7402
7561
7403
7562
7404
7563
7405
7564
7406
7565
7407
7566
7408
7567
7409
7568
7410
7569
7411
7570
7412
7571
7413
7572
7414
7573
7415
7574
7416
7575
7417
7576
7418
7577
7419
7578
7420
7579
7421
7580
7422
7581
7423
7582
7424
7583
7425
7584
7426
7585
7427
7586
7428
7587
7429
7588
7430
7589
7431
7590
7432
7591
7433
7592
7434
7593
7435
7594
7436
7595
7437
7596
7438
7597
7439
7598
7440
7599
7441
7600
7442
7601
7443
7602
7444
7603
7445
7604
7446
7605
7447
7606
7448
7607
7449
7608
7450
7609
7451
7610
7452
7611
7453
7612
7454
7613
7455
7614
7456
7615
7457
7616
7458
7617
7459
7618
7460
7619
7461
7620
7462
7621
7463
7622
7464
7623
7465
7624
7466
7625
7467
7626
7468
7627
7469
7628
7470
7629
7471
7630
7472
7631
7473
7632
7474
7633
7475
7634
7476
7635
7477
7636
7478
7637
7479
7638
7480
7639
7481
7640
7482
7641
7483
7642
7484
7643
7485
7644
7486
7645
7487
7646
7488
7647
7489
7648
7490
7649
7491
7650
7492
7651
7493
7652
7494
7653
7495
7654
7496
7655
7497
7656
7498
7657
7499
7658
7500
7659
7501
7660
7502
7661
7503
7662
7504
7663
7505
7664
7506
7665
7507
7666
7508
7667
7509
7668
7510
7669
7511
7670
7512
7671
7513
7672
7514
7673
7515
7674
7516
7675
7517
7676
7518
7677
7519
7678
7679
7521
7680
7522
7681
7523
7682
7524
7683
7525
7684
7526
7685
7527
7686
7528
7687
7529
7688
7530
7689
7531
7690
7532
7691
7533
7692
7534
7693
7535
7694
7536
7695
7537
7696
7538
7697
7539
7698
7540
7699
7541
7700
7542
7701
7543
7702
7544
7703
7545
7704
7546
7705
7547
7706
7548
7707
7549
7708
7550
7709
7551
7710
7552
7711
7553
7712
7554
7713
7555
7714
7556
7715
7557
7716
7558
7717
7559
7718
7560
7719
7561
7720
7562
7721
7563
7722
7564
7723
7565
7724
7566
7725
7567
7726
7568
7727
7569
7728
7570
7729
7571
7730
7572
7731
7573
7732
7574
7733
7575
7734
7576
7735
7577
7736
7578
7737
7579
7738
7580
7739
7581
7740
7582
7741
7583
7742
7584
7743
7585
7744
7586
7745
7587
7746
7588
7747
7589
7748
7590
7749
7591
7750
7592
7751
7593
7752
7594
7753
7595
7754
7596
7755
7597
7756
7598
7757
7599
7758
7600
7759
7601
7760
7602
7761
7603
7762
7604
7763
7605
7764
7606
7765
7607
7766
7608
7767
7609
7768
7610
7769
7611
7770
7612
7771
7613
7772
7614
7773
7615
7774
7616
7775
7617
7776
7618
7777
7619
7778
7620
7779
7621
7780
7622
7781
7623
7782
7624
7783
7625
7784
7626
7785
7627
7786
7628
7787
7629
7788
7630
7789
7631
7790
7632
7791
7633
7792
7634
7793
7635
7794
7636
7795
7637
7796
7638
7797
7639
7798
7640
7799
7641
7800
7642
7801
7643
7802
7644
7803
7645
7804
7646
7805
7647
7806
7648
7807
7649
7808
7650
7809
7651
7810
7652
7811
7653
7812
7654
7813
7655
7814
7656
7815
7657
7816
7658
7817
7659
7818
7660
7819
7661
7820
7662
7821
7663
7822
7664
7823
7665
7824
7666
7825
7667
7826
7668
7827
7669
7828
7670
7829
7671
7830
7672
7831
7673
7832
7674
7833
7675
7834
7676
7835
7677
7836
7678
7837
7679
7838
7839
7681
7840
7682
7841
7683
7842
7684
7843
7685
7844
7686
7845
7687
7846
7688
7847
7689
7848
7690
7849
7691
7850
7692
7851
7693
7852
7694
7853
7695
7854
7696
7855
7697
7856
7698
7857
7699
7858
7700
7859
7701
7860
7702
7861
7703
7862
7704
7863
7705
7864
7706
7865
7707
7866
7708
7867
7709
7868
7710
7869
7711
7870
7712
7871
7713
7872
7714
7873
7715
7874
7716
7875
7717
7876
7718
7877
7719
7878
7720
7879
7721
7880
7722
7881
7723
7882
7724
7883
7725
7884
7726
7885
7727
7886
7728
7887
7729
7888
7730
7889
7731
7890
7732
7891
7733
7892
7734
7893
7735
7894
7736
7895
7737
7896
7738
7897
7739
7898
7740
7899
7741
7900
7742
7901
7743
7902
7744
7903
7745
7904
7746
7905
7747
7906
7748
7907
7749
7908
7750
7909
7751
7910
7752
7911
7753
7912
7754
7913
7755
7914
7756
7915
7757
7916
7758
7917
7759
7918
7760
7919
7761
7920
7762
7921
7763
7922
7764
7923
7765
7924
7766
7925
7767
7926
7768
7927
7769
7928
7770
7929
7771
7930
7772
7931
7773
7932
7774
7933
7775
7934
7776
7935
7777
7936
7778
7937
7779
7938
7780
7939
7781
7940
7782
7941
7783
7942
7784
7943
7785
7944
7786
7945
7787
7946
7788
7947
7789
7948
7790
7949
7791
7950
7792
7951
7793
7952
7794
7953
7795
7954
7796
7955
7797
7956
7798
7957
7799
7958
7800
7959
7801
7960
7802
7961
7803
7962
7804
7963
7805
7964
7806
7965
7807
7966
7808
7967
7809
7968
7810
7969
7811
7970
7812
7971
7813
7972
7814
7973
7815
7974
7816
7975
7817
7976
7818
7977
7819
7978
7820
7979
7821
7980
7822
7981
7823
7982
7824
7983
7825
7984
7826
7985
7827
7986
7828
7987
7829
7988
7830
7989
7831
7990
7832
7991
7833
7992
7834
7993
7835
7994
7836
7995
7837
7996
7838
7997
7839
7998
7999
7841
8000
7842
8001
7843
8002
7844
8003
7845
8004
7846
8005
7847
8006
7848
8007
7849
8008
7850
8009
7851
8010
7852
8011
7853
8012
7854
8013
7855
8014
7856
8015
7857
8016
7858
8017
7859
8018
7860
8019
7861
8020
7862
8021
7863
8022
7864
8023
7865
8024
7866
8025
7867
8026
7868
8027
7869
8028
7870
8029
7871
8030
7872
8031
7873
8032
7874
8033
7875
8034
7876
8035
7877
8036
7878
8037
7879
8038
7880
8039
7881
8040
7882
8041
7883
8042
7884
8043
7885
8044
7886
8045
7887
8046
7888
8047
7889
8048
7890
8049
7891
8050
7892
8051
7893
8052
7894
8053
7895
8054
7896
8055
7897
8056
7898
8057
7899
8058
7900
8059
7901
8060
7902
8061
7903
8062
7904
8063
7905
8064
7906
8065
7907
8066
7908
8067
7909
8068
7910
8069
7911
8070
7912
8071
7913
8072
7914
8073
7915
8074
7916
8075
7917
8076
7918
8077
7919
8078
7920
8079
7921
8080
7922
8081
7923
8082
7924
8083
7925
8084
7926
8085
7927
8086
7928
8087
7929
8088
7930
8089
7931
8090
7932
8091
7933
8092
7934
8093
7935
8094
7936
8095
7937
8096
7938
8097
7939
8098
7940
8099
7941
8100
7942
8101
7943
8102
7944
8103
7945
8104
7946
8105
7947
8106
7948
8107
7949
8108
7950
8109
7951
8110
7952
8111
7953
8112
7954
8113
7955
8114
7956
8115
7957
8116
7958
8117
7959
8118
7960
8119
7961
8120
7962
8121
7963
8122
7964
8123
7965
8124
7966
8125
7967
8126
7968
8127
7969
8128
7970
8129
7971
8130
7972
8131
7973
8132
7974
8133
7975
8134
7976
8135
7977
8136
7978
8137
7979
8138
7980
8139
7981
8140
7982
8141
7983
8142
7984
8143
7985
8144
7986
8145
7987
8146
7988
8147
7989
8148
7990
8149
7991
8150
7992
8151
7993
8152
7994
8153
7995
8154
7996
8155
7997
8156
7998
8157
7999
8158
8159
8001
8160
8002
8161
8003
8162
8004
8163
8005
8164
8006
8165
8007
8166
8008
8167
8009
8168
8010
8169
8011
8170
8012
8171
8013
8172
8014
8173
8015
8174
8016
8175
8017
8176
8018
8177
8019
8178
8020
8179
8021
8180
8022
8181
8023
8182
8024
8183
8025
8184
8026
8185
8027
8186
8028
8187
8029
8188
8030
8189
8031
8190
8032
8191
8033
8192
8034
8193
8035
8194
8036
8195
8037
8196
8038
8197
8039
8198
8040
8199
8041
8200
8042
8201
8043
8202
8044
8203
8045
8204
8046
8205
8047
8206
8048
8207
8049
8208
8050
8209
8051
8210
8052
8211
8053
8212
8054
8213
8055
8214
8056
8215
8057
8216
8058
8217
8059
8218
8060
8219
8061
8220
8062
8221
8063
8222
8064
8223
8065
8224
8066
8225
8067
8226
8068
8227
8069
8228
8070
8229
8071
8230
8072
8231
8073
8232
8074
8233
8075
8234
8076
8235
8077
8236
8078
8237
8079
8238
8080
8239
8081
8240
8082
8241
8083
8242
8084
8243
8085
8244
8086
8245
8087
8246
8088
8247
8089
8248
8090
8249
8091
8250
8092
8251
8093
8252
8094
8253
8095
8254
8096
8255
8097
8256
8098
8257
8099
8258
8100
8259
8101
8260
8102
8261
8103
8262
8104
8263
8105
8264
8106
8265
8107
8266
8108
8267
8109
8268
8110
8269
8111
8270
8112
8271
8113
8272
8114
8273
8115
8274
8116
8275
8117
8276
8118
8277
8119
8278
8120
8279
8121
8280
8122
8281
8123
8282
8124
8283
8125
8284
8126
8285
8127
8286
8128
8287
8129
8288
8130
8289
8131
8290
8132
8291
8133
8292
8134
8293
8135
8294
8136
8295
8137
8296
8138
8297
8139
8298
8140
8299
8141
8300
8142
8301
8143
8302
8144
8303
8145
8304
8146
8305
8147
8306
8148
8307
8149
8308
8150
8309
8151
8310
8152
8311
8153
8312
8154
8313
8155
8314
8156
8315
8157
8316
8158
8317
8159
8318
8319
8161
8320
8162
8321
8163
8322
8164
8323
8165
8324
8166
8325
8167
8326
8168
8327
8169
8328
8170
8329
8171
8330
8172
8331
8173
8332
8174
8333
8175
8334
8176
8335
8177
8336
8178
8337
8179
8338
8180
8339
8181
8340
8182
8341
8183
8342
8184
8343
8185
8344
8186
8345
8187
8346
8188
8347
8189
8348
8190
8349
8191
8350
8192
8351
8193
8352
8194
8353
8195
8354
8196
8355
8197
8356
8198
8357
8199
8358
8200
8359
8201
8360
8202
8361
8203
8362
8204
8363
8205
8364
8206
8365
8207
8366
8208
8367
8209
8368
8210
8369
8211
8370
8212
8371
8213
8372
8214
8373
8215
8374
8216
8375
8217
8376
8218
8377
8219
8378
8220
8379
8221
8380
8222
8381
8223
8382
8224
8383
8225
8384
8226
8385
8227
8386
8228
8387
8229
8388
8230
8389
8231
8390
8232
8391
8233
8392
8234
8393
8235
8394
8236
8395
8237
8396
8238
8397
8239
8398
8240
8399
8241
8400
8242
8401
8243
8402
8244
8403
8245
8404
8246
8405
8247
8406
8248
8407
8249
8408
8250
8409
8251
8410
8252
8411
8253
8412
8254
8413
8255
8414
8256
8415
8257
8416
8258
8417
8259
8418
8260
8419
8261
8420
8262
8421
8263
8422
8264
8423
8265
8424
8266
8425
8267
8426
8268
8427
8269
8428
8270
8429
8271
8430
8272
8431
8273
8432
8274
8433
8275
8434
8276
8435
8277
8436
8278
8437
8279
8438
8280
8439
8281
8440
8282
8441
8283
8442
8284
8443
8285
8444
8286
8445
8287
8446
8288
8447
8289
8448
8290
8449
8291
8450
8292
8451
8293
8452
8294
8453
8295
8454
8296
8455
8297
8456
8298
8457
8299
8458
8300
8459
8301
8460
8302
8461
8303
8462
8304
8463
8305
8464
8306
8465
8307
8466
8308
8467
8309
8468
8310
8469
8311
8470
8312
8471
8313
8472
8314
8473
8315
8474
8316
8475
8317
8476
8318
8477
8319
8478
8479
8321
8480
8322
8481
8323
8482
8324
8483
8325
8484
8326
8485
8327
8486
8328
8487
8329
8488
8330
8489
8331
8490
8332
8491
8333
8492
8334
8493
8335
8494
8336
8495
8337
8496
8338
8497
8339
8498
8340
8499
8341
8500
8342
8501
8343
8502
8344
8503
8345
8504
8346
8505
8347
8506
8348
8507
8349
8508
8350
8509
8351
8510
8352
8511
8353
8512
8354
8513
8355
8514
8356
8515
8357
8516
8358
8517
8359
8518
8360
8519
8361
8520
8362
8521
8363
8522
8364
8523
8365
8524
8366
8525
8367
8526
8368
8527
8369
8528
8370
8529
8371
8530
8372
8531
8373
8532
8374
8533
8375
8534
8376
8535
8377
8536
8378
8537
8379
8538
8380
8539
8381
8540
8382
8541
8383
8542
8384
8543
8385
8544
8386
8545
8387
8546
8388
8547
8389
8548
8390
8549
8391
8550
8392
8551
8393
8552
8394
8553
8395
8554
8396
8555
8397
8556
8398
8557
8399
8558
8400
8559
8401
8560
8402
8561
8403
8562
8404
8563
8405
8564
8406
8565
8407
8566
8408
8567
8409
8568
8410
8569
8411
8570
8412
8571
8413
8572
8414
8573
8415
8574
8416
8575
8417
8576
8418
8577
8419
8578
8420
8579
8421
8580
8422
8581
8423
8582
8424
8583
8425
8584
8426
8585
8427
8586
8428
8587
8429
8588
8430
8589
8431
8590
8432
8591
8433
8592
8434
8593
8435
8594
8436
8595
8437
8596
8438
8597
8439
8598
8440
8599
8441
8600
8442
8601
8443
8602
8444
8603
8445
8604
8446
8605
8447
8606
8448
8607
8449
8608
8450
8609
8451
8610
8452
8611
8453
8612
8454
8613
8455
8614
8456
8615
8457
8616
8458
8617
8459
8618
8460
8619
8461
8620
8462
8621
8463
8622
8464
8623
8465
8624
8466
8625
8467
8626
8468
8627
8469
8628
8470
8629
8471
8630
8472
8631
8473
8632
8474
8633
8475
8634
8476
8635
8477
8636
8478
8637
8479
8638
8639
8481
8640
8482
8641
8483
8642
8484
8643
8485
8644
8486
8645
8487
8646
8488
8647
8489
8648
8490
8649
8491
8650
8492
8651
8493
8652
8494
8653
8495
8654
8496
8655
8497
8656
8498
8657
8499
8658
8500
8659
8501
8660
8502
8661
8503
8662
8504
8663
8505
8664
8506
8665
8507
8666
8508
8667
8509
8668
8510
8669
8511
8670
8512
8671
8513
8672
8514
8673
8515
8674
8516
8675
8517
8676
8518
8677
8519
8678
8520
8679
8521
8680
8522
8681
8523
8682
8524
8683
8525
8684
8526
8685
8527
8686
8528
8687
8529
8688
8530
8689
8531
8690
8532
8691
8533
8692
8534
8693
8535
8694
8536
8695
8537
8696
8538
8697
8539
8698
8540
8699
8541
8700
8542
8701
8543
8702
8544
8703
8545
8704
8546
8705
8547
8706
8548
8707
8549
8708
8550
8709
8551
8710
8552
8711
8553
8712
8554
8713
8555
8714
8556
8715
8557
8716
8558
8717
8559
8718
8560
8719
8561
8720
8562
8721
8563
8722
8564
8723
8565
8724
8566
8725
8567
8726
8568
8727
8569
8728
8570
8729
8571
8730
8572
8731
8573
8732
8574
8733
8575
8734
8576
8735
8577
8736
8578
8737
8579
8738
8580
8739
8581
8740
8582
8741
8583
8742
8584
8743
8585
8744
8586
8745
8587
8746
8588
8747
8589
8748
8590
8749
8591
8750
8592
8751
8593
8752
8594
8753
8595
8754
8596
8755
8597
8756
8598
8757
8599
8758
8600
8759
8601
8760
8602
8761
8603
8762
8604
8763
8605
8764
8606
8765
8607
8766
8608
8767
8609
8768
8610
8769
8611
8770
8612
8771
8613
8772
8614
8773
8615
8774
8616
8775
8617
8776
8618
8777
8619
8778
8620
8779
8621
8780
8622
8781
8623
8782
8624
8783
8625
8784
8626
8785
8627
8786
8628
8787
8629
8788
8630
8789
8631
8790
8632
8791
8633
8792
8634
8793
8635
8794
8636
8795
8637
8796
8638
8797
8639
8798
8799
8641
8800
8642
8801
8643
8802
8644
8803
8645
8804
8646
8805
8647
8806
8648
8807
8649
8808
8650
8809
8651
8810
8652
8811
8653
8812
8654
8813
8655
8814
8656
8815
8657
8816
8658
8817
8659
8818
8660
8819
8661
8820
8662
8821
8663
8822
8664
8823
8665
8824
8666
8825
8667
8826
8668
8827
8669
8828
8670
8829
8671
8830
8672
8831
8673
8832
8674
8833
8675
8834
8676
8835
8677
8836
8678
8837
8679
8838
8680
8839
8681
8840
8682
8841
8683
8842
8684
8843
8685
8844
8686
8845
8687
8846
8688
8847
8689
8848
8690
8849
8691
8850
8692
8851
8693
8852
8694
8853
8695
8854
8696
8855
8697
8856
8698
8857
8699
8858
8700
8859
8701
8860
8702
8861
8703
8862
8704
8863
8705
8864
8706
8865
8707
8866
8708
8867
8709
8868
8710
8869
8711
8870
8712
8871
8713
8872
8714
8873
8715
8874
8716
8875
8717
8876
8718
8877
8719
8878
8720
8879
8721
8880
8722
8881
8723
8882
8724
8883
8725
8884
8726
8885
8727
8886
8728
8887
8729
8888
8730
8889
8731
8890
8732
8891
8733
8892
8734
8893
8735
8894
8736
8895
8737
8896
8738
8897
8739
8898
8740
8899
8741
8900
8742
8901
8743
8902
8744
8903
8745
8904
8746
8905
8747
8906
8748
8907
8749
8908
8750
8909
8751
8910
8752
8911
8753
8912
8754
8913
8755
8914
8756
8915
8757
8916
8758
8917
8759
8918
8760
8919
8761
8920
8762
8921
8763
8922
8764
8923
8765
8924
8766
8925
8767
8926
8768
8927
8769
8928
8770
8929
8771
8930
8772
8931
8773
8932
8774
8933
8775
8934
8776
8935
8777
8936
8778
8937
8779
8938
8780
8939
8781
8940
8782
8941
8783
8942
8784
8943
8785
8944
8786
8945
8787
8946
8788
8947
8789
8948
8790
8949
8791
8950
8792
8951
8793
8952
8794
8953
8795
8954
8796
8955
8797
8956
8798
8957
8799
8958
8959
8801
8960
8802
8961
8803
8962
8804
8963
8805
8964
8806
8965
8807
8966
8808
8967
8809
8968
8810
8969
8811
8970
8812
8971
8813
8972
8814
8973
8815
8974
8816
8975
8817
8976
8818
8977
8819
8978
8820
8979
8821
8980
8822
8981
8823
8982
8824
8983
8825
8984
8826
8985
8827
8986
8828
8987
8829
8988
8830
8989
8831
8990
8832
8991
8833
8992
8834
8993
8835
8994
8836
8995
8837
8996
8838
8997
8839
8998
8840
8999
8841
9000
8842
9001
8843
9002
8844
9003
8845
9004
8846
9005
8847
9006
8848
9007
8849
9008
8850
9009
8851
9010
8852
9011
8853
9012
8854
9013
8855
9014
8856
9015
8857
9016
8858
9017
8859
9018
8860
9019
8861
9020
8862
9021
8863
9022
8864
9023
8865
9024
8866
9025
8867
9026
8868
9027
8869
9028
8870
9029
8871
9030
8872
9031
8873
9032
8874
9033
8875
9034
8876
9035
8877
9036
8878
9037
8879
9038
8880
9039
8881
9040
8882
9041
8883
9042
8884
9043
8885
9044
8886
9045
8887
9046
8888
9047
8889
9048
8890
9049
8891
9050
8892
9051
8893
9052
8894
9053
8895
9054
8896
9055
8897
9056
8898
9057
8899
9058
8900
9059
8901
9060
8902
9061
8903
9062
8904
9063
8905
9064
8906
9065
8907
9066
8908
9067
8909
9068
8910
9069
8911
9070
8912
9071
8913
9072
8914
9073
8915
9074
8916
9075
8917
9076
8918
9077
8919
9078
8920
9079
8921
9080
8922
9081
8923
9082
8924
9083
8925
9084
8926
9085
8927
9086
8928
9087
8929
9088
8930
9089
8931
9090
8932
9091
8933
9092
8934
9093
8935
9094
8936
9095
8937
9096
8938
9097
8939
9098
8940
9099
8941
9100
8942
9101
8943
9102
8944
9103
8945
9104
8946
9105
8947
9106
8948
9107
8949
9108
8950
9109
8951
9110
8952
9111
8953
9112
8954
9113
8955
9114
8956
9115
8957
9116
8958
9117
8959
9118
9119
8961
9120
8962
9121
8963
9122
8964
9123
8965
9124
8966
9125
8967
9126
8968
9127
8969
9128
8970
9129
8971
9130
8972
9131
8973
9132
8974
9133
8975
9134
8976
9135
8977
9136
8978
9137
8979
9138
8980
9139
8981
9140
8982
9141
8983
9142
8984
9143
8985
9144
8986
9145
8987
9146
8988
9147
8989
9148
8990
9149
8991
9150
8992
9151
8993
9152
8994
9153
8995
9154
8996
9155
8997
9156
8998
9157
8999
9158
9000
9159
9001
9160
9002
9161
9003
9162
9004
9163
9005
9164
9006
9165
9007
9166
9008
9167
9009
9168
9010
9169
9011
9170
9012
9171
9013
9172
9014
9173
9015
9174
9016
9175
9017
9176
9018
9177
9019
9178
9020
9179
9021
9180
9022
9181
9023
9182
9024
9183
9025
9184
9026
9185
9027
9186
9028
9187
9029
9188
9030
9189
9031
9190
9032
9191
9033
9192
9034
9193
9035
9194
9036
9195
9037
9196
9038
9197
9039
9198
9040
9199
9041
9200
9042
9201
9043
9202
9044
9203
9045
9204
9046
9205
9047
9206
9048
9207
9049
9208
9050
9209
9051
9210
9052
9211
9053
9212
9054
9213
9055
9214
9056
9215
9057
9216
9058
9217
9059
9218
9060
9219
9061
9220
9062
9221
9063
9222
9064
9223
9065
9224
9066
9225
9067
9226
9068
9227
9069
9228
9070
9229
9071
9230
9072
9231
9073
9232
9074
9233
9075
9234
9076
9235
9077
9236
9078
9237
9079
9238
9080
9239
9081
9240
9082
9241
9083
9242
9084
9243
9085
9244
9086
9245
9087
9246
9088
9247
9089
9248
9090
9249
9091
9250
9092
9251
9093
9252
9094
9253
9095
9254
9096
9255
9097
9256
9098
9257
9099
9258
9100
9259
9101
9260
9102
9261
9103
9262
9104
9263
9105
9264
9106
9265
9107
9266
9108
9267
9109
9268
9110
9269
9111
9270
9112
9271
9113
9272
9114
9273
9115
9274
9116
9275
9117
9276
9118
9277
9119
9278
9279
9121
9280
9122
9281
9123
9282
9124
9283
9125
9284
9126
9285
9127
9286
9128
9287
9129
9288
9130
9289
9131
9290
9132
9291
9133
9292
9134
9293
9135
9294
9136
9295
9137
9296
9138
9297
9139
9298
9140
9299
9141
9300
9142
9301
9143
9302
9144
9303
9145
9304
9146
9305
9147
9306
9148
9307
9149
9308
9150
9309
9151
9310
9152
9311
9153
9312
9154
9313
9155
9314
9156
9315
9157
9316
9158
9317
9159
9318
9160
9319
9161
9320
9162
9321
9163
9322
9164
9323
9165
9324
9166
9325
9167
9326
9168
9327
9169
9328
9170
9329
9171
9330
9172
9331
9173
9332
9174
9333
9175
9334
9176
9335
9177
9336
9178
9337
9179
9338
9180
9339
9181
9340
9182
9341
9183
9342
9184
9343
9185
9344
9186
9345
9187
9346
9188
9347
9189
9348
9190
9349
9191
9350
9192
9351
9193
9352
9194
9353
9195
9354
9196
9355
9197
9356
9198
9357
9199
9358
9200
9359
9201
9360
9202
9361
9203
9362
9204
9363
9205
9364
9206
9365
9207
9366
9208
9367
9209
9368
9210
9369
9211
9370
9212
9371
9213
9372
9214
9373
9215
9374
9216
9375
9217
9376
9218
9377
9219
9378
9220
9379
9221
9380
9222
9381
9223
9382
9224
9383
9225
9384
9226
9385
9227
9386
9228
9387
9229
9388
9230
9389
9231
9390
9232
9391
9233
9392
9234
9393
9235
9394
9236
9395
9237
9396
9238
9397
9239
9398
9240
9399
9241
9400
9242
9401
9243
9402
9244
9403
9245
9404
9246
9405
9247
9406
9248
9407
9249
9408
9250
9409
9251
9410
9252
9411
9253
9412
9254
9413
9255
9414
9256
9415
9257
9416
9258
9417
9259
9418
9260
9419
9261
9420
9262
9421
9263
9422
9264
9423
9265
9424
9266
9425
9267
9426
9268
9427
9269
9428
9270
9429
9271
9430
9272
9431
9273
9432
9274
9433
9275
9434
9276
9435
9277
9436
9278
9437
9279
9438
9439
9281
9440
9282
9441
9283
9442
9284
9443
9285
9444
9286
9445
9287
9446
9288
9447
9289
9448
9290
9449
9291
9450
9292
9451
9293
9452
9294
9453
9295
9454
9296
9455
9297
9456
9298
9457
9299
9458
9300
9459
9301
9460
9302
9461
9303
9462
9304
9463
9305
9464
9306
9465
9307
9466
9308
9467
9309
9468
9310
9469
9311
9470
9312
9471
9313
9472
9314
9473
9315
9474
9316
9475
9317
9476
9318
9477
9319
9478
9320
9479
9321
9480
9322
9481
9323
9482
9324
9483
9325
9484
9326
9485
9327
9486
9328
9487
9329
9488
9330
9489
9331
9490
9332
9491
9333
9492
9334
9493
9335
9494
9336
9495
9337
9496
9338
9497
9339
9498
9340
9499
9341
9500
9342
9501
9343
9502
9344
9503
9345
9504
9346
9505
9347
9506
9348
9507
9349
9508
9350
9509
9351
9510
9352
9511
9353
9512
9354
9513
9355
9514
9356
9515
9357
9516
9358
9517
9359
9518
9360
9519
9361
9520
9362
9521
9363
9522
9364
9523
9365
9524
9366
9525
9367
9526
9368
9527
9369
9528
9370
9529
9371
9530
9372
9531
9373
9532
9374
9533
9375
9534
9376
9535
9377
9536
9378
9537
9379
9538
9380
9539
9381
9540
9382
9541
9383
9542
9384
9543
9385
9544
9386
9545
9387
9546
9388
9547
9389
9548
9390
9549
9391
9550
9392
9551
9393
9552
9394
9553
9395
9554
9396
9555
9397
9556
9398
9557
9399
9558
9400
9559
9401
9560
9402
9561
9403
9562
9404
9563
9405
9564
9406
9565
9407
9566
9408
9567
9409
9568
9410
9569
9411
9570
9412
9571
9413
9572
9414
9573
9415
9574
9416
9575
9417
9576
9418
9577
9419
9578
9420
9579
9421
9580
9422
9581
9423
9582
9424
9583
9425
9584
9426
9585
9427
9586
9428
9587
9429
9588
9430
9589
9431
9590
9432
9591
9433
9592
9434
9593
9435
9594
9436
9595
9437
9596
9438
9597
9439
9598
9599
9441
9442
9443
9444
9445
9446
9447
9448
9449
9450
9451
9452
9453
9454
9455
9456
9457
9458
9459
9460
9461
9462
9463
9464
9465
9466
9467
9468
9469
9470
9471
9472
9473
9474
9475
9476
9477
9478
9479
9480
9481
9482
9483
9484
9485
9486
9487
9488
9489
9490
9491
9492
9493
9494
9495
9496
9497
9498
9499
9500
9501
9502
9503
9504
9505
9506
9507
9508
9509
9510
9511
9512
9513
9514
9515
9516
9517
9518
9519
9520
9521
9522
9523
9524
9525
9526
9527
9528
9529
9530
9531
9532
9533
9534
9535
9536
9537
9538
9539
9540
9541
9542
9543
9544
9545
9546
9547
9548
9549
9550
9551
9552
9553
9554
9555
9556
9557
9558
9559
9560
9561
9562
9563
9564
9565
9566
9567
9568
9569
9570
9571
9572
9573
9574
9575
9576
9577
9578
9579
9580
9581
9582
9583
9584
9585
9586
9587
9588
9589
9590
9591
9592
9593
9594
9595
9596
9597
9598
9599
)


// ************************************************************************* //
