/*--------------------------------*- C++ -*----------------------------------*\
| =========                 |                                                 |
| \\      /  F ield         | OpenFOAM: The Open Source CFD Toolbox           |
|  \\    /   O peration     | Version:  2106                                  |
|   \\  /    A nd           | Website:  www.openfoam.com                      |
|    \\/     M anipulation  |                                                 |
\*---------------------------------------------------------------------------*/
FoamFile
{
    version     2.0;
    format      ascii;
    arch        "LSB;label=32;scalar=64";
    class       surfaceScalarField;
    location    "0.026";
    object      phi;
}
// * * * * * * * * * * * * * * * * * * * * * * * * * * * * * * * * * * * * * //

dimensions      [0 3 -1 0 0 0 0];

oriented        oriented;

internalField   nonuniform List<scalar> 
799
(
1.97949e-32
4.95803e-32
6.47203e-32
5.58166e-32
3.25003e-32
-3.24053e-32
-9.00666e-32
-1.34234e-31
-1.4259e-31
-1.03147e-31
-4.56931e-32
1.82141e-32
5.82914e-32
6.96068e-32
4.95598e-32
1.18348e-32
-3.75917e-32
-8.8516e-32
-1.27095e-31
-1.53363e-31
-1.43524e-31
-1.05761e-31
-4.29573e-32
2.94096e-32
7.15558e-32
8.21657e-32
4.19706e-32
-2.72339e-32
-9.21574e-32
-1.43428e-31
-1.44998e-31
-1.16474e-31
-6.89679e-32
-1.2798e-32
1.31617e-32
2.52632e-32
9.03885e-33
-2.79339e-32
-5.69353e-32
-9.27984e-32
-1.00982e-31
-8.77556e-32
-6.35835e-32
-1.62019e-32
9.67112e-33
2.05698e-32
5.23123e-33
-4.31926e-32
-8.2645e-32
-1.18466e-31
-1.19961e-31
-8.57103e-32
-4.21505e-32
1.25085e-32
3.72552e-32
3.14082e-32
-1.40683e-33
-6.0232e-32
-1.05391e-31
-1.3032e-31
-1.16957e-31
-6.36279e-32
-1.36461e-33
5.37099e-32
6.66462e-32
2.60068e-32
-4.76999e-32
-1.31145e-31
-1.76514e-31
-1.58949e-31
-8.75322e-32
1.42474e-32
9.07121e-32
1.07265e-31
6.02004e-32
-3.35618e-32
-1.20061e-31
-1.64676e-31
-1.53145e-31
-9.3874e-32
-2.76168e-32
2.14032e-32
3.67806e-32
2.17848e-32
-2.32466e-33
-2.8263e-32
-4.78353e-32
-6.59744e-32
-8.62802e-32
-9.85504e-32
-9.65948e-32
-6.54891e-32
-1.29537e-32
4.04235e-32
7.30499e-32
5.41186e-32
-4.51785e-33
-8.6344e-32
-1.5576e-31
-1.69179e-31
-1.33955e-31
-4.82385e-32
4.25303e-32
9.57059e-32
1.0468e-31
4.66799e-32
-3.26347e-32
-1.0648e-31
-1.5046e-31
-1.33517e-31
-8.97329e-32
-2.70306e-32
1.95542e-32
2.80764e-32
1.65707e-32
-1.4112e-32
-3.10165e-32
-2.85815e-32
-1.5906e-32
-2.07571e-33
-1.20576e-32
-4.26099e-32
-8.42004e-32
-1.15074e-31
-1.13708e-31
-7.90865e-32
-1.97641e-32
3.96486e-32
7.74141e-32
8.27298e-32
5.27413e-32
3.25001e-34
-6.06796e-32
-1.16049e-31
-1.4796e-31
-1.50742e-31
-1.17072e-31
-5.29766e-32
2.0722e-32
8.54586e-32
1.10704e-31
8.80993e-32
2.48515e-32
-5.93858e-32
-1.24271e-31
-1.50813e-31
-1.2737e-31
-6.71758e-32
-4.4992e-33
3.87548e-32
3.94803e-32
4.84943e-33
-4.22167e-32
-7.93784e-32
-7.99735e-32
-4.71477e-32
3.57501e-33
4.52157e-32
4.79481e-32
7.8286e-33
-6.33654e-32
-1.30286e-31
-1.57309e-31
-1.2649e-31
-4.63878e-32
4.2876e-32
1.00869e-31
9.28539e-32
2.62408e-32
-6.3828e-32
-1.34712e-31
-1.4173e-31
-9.54607e-32
-1.81238e-32
4.44258e-32
5.07031e-32
1.45968e-32
-5.44271e-32
-1.04182e-31
-1.06504e-31
-7.04277e-32
3.6224e-34
4.96333e-32
6.2876e-32
3.35954e-32
-3.39897e-32
-9.01802e-32
-1.26868e-31
-1.19429e-31
-7.26226e-32
-1.7553e-32
3.80856e-32
6.07977e-32
5.19174e-32
1.99996e-32
-2.89424e-32
-6.69691e-32
-9.16547e-32
-9.5929e-32
-7.8848e-32
-5.29646e-32
-1.81481e-32
1.48597e-32
3.65709e-32
4.2952e-32
2.35342e-32
-1.64072e-32
-6.30306e-32
-9.9885e-32
-1.03254e-31
-6.949e-32
-1.1643e-32
4.53135e-32
6.60955e-32
3.73551e-32
-3.07111e-32
-1.06247e-31
-1.43754e-31
-1.18006e-31
-3.56583e-32
6.70284e-32
1.33554e-31
1.23482e-31
3.67947e-32
-9.24533e-32
-1.97339e-31
-2.22436e-31
-1.55584e-31
-1.95271e-32
1.1428e-31
1.82524e-31
1.57268e-31
4.35707e-32
-9.31884e-32
-1.93432e-31
-2.15217e-31
-1.46036e-31
-3.40987e-32
7.47216e-32
1.31878e-31
1.13111e-31
4.30129e-32
-4.93788e-32
-1.18966e-31
-1.37061e-31
-1.06448e-31
-4.417e-32
1.54526e-32
4.33891e-32
3.02025e-32
-9.87641e-33
-5.27073e-32
-6.77869e-32
-4.44107e-32
-1.41887e-33
3.91799e-32
4.12691e-32
-2.63913e-33
-6.79898e-32
-1.27058e-31
-1.36282e-31
-8.79563e-32
-7.94897e-33
7.11376e-32
1.02441e-31
7.35976e-32
7.03388e-33
-6.96735e-32
-1.145e-31
-1.13119e-31
-8.32273e-32
-3.7441e-32
-6.52531e-33
2.64063e-33
4.02217e-33
-5.14283e-33
-6.69787e-33
-7.65783e-33
-1.77667e-32
-2.68835e-32
-4.28777e-32
-4.93805e-32
-4.47026e-32
-4.02688e-32
-3.70839e-32
-4.85073e-32
-6.36631e-32
-6.62121e-32
-4.44092e-32
3.40348e-33
5.34763e-32
7.45877e-32
4.22787e-32
-3.5921e-32
-1.28225e-31
-1.83031e-31
-1.65451e-31
-8.20055e-32
3.37111e-32
1.15444e-31
1.24854e-31
5.936e-32
-4.88645e-32
-1.32423e-31
-1.56928e-31
-1.10663e-31
-2.4354e-32
4.62765e-32
7.5069e-32
4.81332e-32
-3.66924e-33
-4.11622e-32
-4.6451e-32
-1.06763e-32
3.42039e-32
6.29341e-32
6.33099e-32
3.48257e-32
1.13344e-32
1.04632e-32
4.34611e-32
1.04225e-31
1.57847e-31
1.90394e-31
1.87419e-31
1.60635e-31
1.45231e-31
1.55791e-31
2.14747e-31
3.06183e-31
3.98183e-31
4.71081e-31
4.92698e-31
4.81036e-31
4.61095e-31
4.63564e-31
5.30917e-31
6.51228e-31
8.11695e-31
9.68946e-31
1.07054e-30
1.10198e-30
1.0663e-30
9.67037e-31
1.02311e-30
1.18416e-30
2.16804e-30
4.21179e-30
7.44489e-30
1.39363e-29
1.6232e-29
1.863e-29
1.1677e-30
-4.19745e-29
-9.37386e-29
-1.99719e-28
-1.90743e-28
-1.30331e-28
1.57313e-28
8.01172e-28
1.16617e-27
1.8083e-27
1.04634e-27
-7.71877e-28
-3.04751e-27
-7.55424e-27
-7.22496e-27
-5.94295e-27
1.7361e-27
1.68638e-26
2.26551e-26
3.30356e-26
1.66348e-26
-1.36248e-26
-4.10214e-26
-9.051e-26
-7.13371e-26
-4.22098e-26
3.1555e-26
1.54609e-25
1.6272e-25
1.91982e-25
5.42951e-26
-1.45616e-25
-2.41579e-25
-4.15728e-25
-2.36541e-25
-3.16603e-26
2.19137e-25
5.89178e-25
4.55139e-25
3.83017e-25
-3.71017e-26
-5.4402e-25
-5.80067e-25
-7.5427e-25
-2.54596e-25
2.2361e-25
5.0683e-25
9.15275e-25
5.06841e-25
2.23626e-25
-2.54582e-25
-7.54265e-25
-5.80073e-25
-5.44032e-25
-3.71156e-26
3.83008e-25
4.55137e-25
5.89183e-25
2.19145e-25
-3.16544e-26
-2.36539e-25
-4.15729e-25
-2.41584e-25
-1.45621e-25
5.42917e-26
1.9198e-25
1.6272e-25
1.5461e-25
3.15556e-26
-4.22097e-26
-7.13375e-26
-9.05103e-26
-4.1022e-26
-1.36253e-26
1.66342e-26
3.3035e-26
2.26546e-26
1.68632e-26
1.73572e-27
-5.94324e-27
-7.22516e-27
-7.55439e-27
-3.04769e-27
-7.7207e-28
1.04609e-27
1.80802e-27
1.16588e-27
8.00892e-28
1.57103e-28
-1.30464e-28
-1.90779e-28
-1.99692e-28
-9.37155e-29
-4.20008e-29
1.03038e-30
1.84046e-29
1.59683e-29
1.37076e-29
7.33761e-30
4.23439e-30
2.30388e-30
1.36053e-30
1.15163e-30
1.0036e-30
9.84687e-31
9.36682e-31
8.8178e-31
8.10994e-31
7.43606e-31
6.88574e-31
6.59739e-31
6.49263e-31
6.33511e-31
5.91345e-31
5.08299e-31
3.93329e-31
2.8186e-31
2.00802e-31
1.76765e-31
2.02875e-31
2.49656e-31
2.91286e-31
2.91827e-31
2.53431e-31
1.83755e-31
1.03252e-31
4.34989e-32
1.05069e-32
1.80135e-32
5.46979e-32
1.00814e-31
1.39355e-31
1.43367e-31
1.08221e-31
4.39413e-32
-2.68426e-32
-6.97593e-32
-6.22421e-32
-1.04422e-32
6.71226e-32
1.27355e-31
1.35351e-31
9.22257e-32
4.80241e-33
-7.56063e-32
-1.12689e-31
-9.58444e-32
-2.03062e-32
6.2118e-32
1.20729e-31
1.28253e-31
7.17519e-32
-9.16171e-33
-8.88249e-32
-1.25556e-31
-9.75935e-32
-2.30171e-32
7.41453e-32
1.44642e-31
1.51696e-31
9.00493e-32
-2.00899e-32
-1.28417e-31
-1.79813e-31
-1.49521e-31
-4.55964e-32
8.49877e-32
1.77146e-31
1.91699e-31
1.19312e-31
-1.44746e-33
-1.12863e-31
-1.6696e-31
-1.42814e-31
-6.31494e-32
3.4593e-32
1.02348e-31
1.2035e-31
8.9391e-32
2.78071e-32
-2.82028e-32
-6.71521e-32
-6.95532e-32
-4.56064e-32
-1.01382e-32
2.85049e-32
4.12194e-32
3.85103e-32
1.38125e-32
-1.61859e-32
-2.57085e-32
-2.44187e-32
5.3911e-33
3.18461e-32
3.88474e-32
2.78312e-32
-1.69474e-32
-5.20027e-32
-6.82637e-32
-5.38147e-32
-1.76192e-33
4.39215e-32
7.60735e-32
7.25504e-32
3.45229e-32
-4.40857e-33
-3.9614e-32
-5.00381e-32
-4.37246e-32
-4.07703e-32
-3.67725e-32
-3.8475e-32
-2.50742e-32
1.67911e-32
7.0438e-32
1.21314e-31
1.24978e-31
6.28485e-32
-4.39458e-32
-1.63267e-31
-2.2122e-31
-1.84471e-31
-6.16824e-32
1.0913e-31
2.31509e-31
2.55101e-31
1.6005e-31
-2.28648e-32
-1.92379e-31
-2.85599e-31
-2.48008e-31
-9.43525e-32
8.935e-32
2.35636e-31
2.6159e-31
1.63915e-31
-8.76825e-34
-1.69039e-31
-2.44876e-31
-2.11046e-31
-8.99221e-32
6.55813e-32
1.66397e-31
1.89132e-31
1.26467e-31
1.56331e-32
-7.87013e-32
-1.3669e-31
-1.32924e-31
-8.84867e-32
-3.28845e-32
2.46555e-32
5.71595e-32
7.47118e-32
7.39015e-32
5.32928e-32
2.56307e-32
-1.55572e-32
-5.13466e-32
-7.71711e-32
-8.62591e-32
-7.25019e-32
-4.61907e-32
-6.80019e-33
3.06313e-32
6.30817e-32
7.84508e-32
7.05432e-32
4.29543e-32
-7.39e-33
-5.33784e-32
-9.03758e-32
-1.00076e-31
-7.62217e-32
-4.06191e-32
1.06874e-32
4.60837e-32
6.36324e-32
6.58187e-32
4.00744e-32
1.24569e-32
-2.52342e-32
-5.87118e-32
-7.32846e-32
-7.65888e-32
-5.08506e-32
-1.39453e-32
2.51274e-32
5.65802e-32
5.9688e-32
4.37641e-32
8.41692e-33
-3.04658e-32
-5.71742e-32
-6.84337e-32
-5.66839e-32
-3.07893e-32
1.54136e-33
2.91989e-32
4.2396e-32
3.6492e-32
1.61387e-32
-8.77803e-33
-2.7923e-32
-2.82314e-32
-1.9759e-32
-6.07089e-33
-1.75854e-33
-1.48447e-32
-2.59925e-32
-3.29545e-32
-1.28947e-32
2.64103e-32
5.96782e-32
7.3733e-32
3.90588e-32
-2.24123e-32
-8.47349e-32
-1.14931e-31
-8.28368e-32
-1.20491e-32
7.26647e-32
1.21007e-31
1.06724e-31
4.24111e-32
-4.71462e-32
-1.05847e-31
-1.1131e-31
-6.10264e-32
1.91164e-32
7.86803e-32
9.64575e-32
5.89638e-32
-7.22224e-33
-6.21805e-32
-8.28656e-32
-5.08867e-32
8.27173e-33
6.36189e-32
8.81528e-32
6.08037e-32
2.65079e-33
-6.16715e-32
-1.01229e-31
-9.03103e-32
-4.10134e-32
3.02461e-32
9.26884e-32
1.14979e-31
9.7097e-32
4.09087e-32
-3.09029e-32
-8.72025e-32
-1.18422e-31
-1.075e-31
-6.17133e-32
7.47567e-34
6.9821e-32
1.14882e-31
1.2687e-31
9.9399e-32
3.21585e-32
-4.61832e-32
-1.16787e-31
-1.48012e-31
-1.22779e-31
-5.16209e-32
4.68272e-32
1.27482e-31
1.57303e-31
1.22861e-31
3.40351e-32
-6.6094e-32
-1.3486e-31
-1.41037e-31
-8.10816e-32
1.28492e-32
9.7062e-32
1.32659e-31
1.01888e-31
2.57676e-32
-5.91576e-32
-1.12119e-31
-1.03556e-31
-4.66308e-32
3.5492e-32
1.00487e-31
1.12327e-31
7.78482e-32
3.59156e-33
-6.51507e-32
-9.39169e-32
-8.1512e-32
-1.94459e-32
4.53305e-32
8.8012e-32
9.63702e-32
5.37756e-32
2.45105e-33
-4.60057e-32
-6.85232e-32
-4.9054e-32
-1.60416e-32
2.89732e-32
5.96707e-32
6.52198e-32
5.70828e-32
3.26915e-32
1.07192e-32
-2.30359e-33
-9.45812e-33
-7.31552e-33
-4.74131e-33
-6.38942e-33
-5.02975e-33
-4.70123e-33
5.35047e-33
2.84534e-32
5.26817e-32
8.2183e-32
9.11232e-32
7.75586e-32
4.2873e-32
-1.47257e-32
-5.78832e-32
-8.31705e-32
-6.77532e-32
-1.36681e-32
5.10992e-32
1.15049e-31
1.39279e-31
1.24788e-31
7.36984e-32
1.07965e-32
-3.74545e-32
-5.71858e-32
-3.50978e-32
-3.56147e-33
4.60719e-32
6.73413e-32
6.88746e-32
6.27643e-32
1.8863e-32
1.03895e-32
-2.11544e-32
-2.64283e-32
-5.56914e-33
)
;

boundaryField
{
    left
    {
        type            calculated;
        value           uniform 0;
    }
    right
    {
        type            calculated;
        value           uniform 0;
    }
    empty
    {
        type            empty;
        value           nonuniform List<scalar> 0();
    }
}


// ************************************************************************* //
