/*--------------------------------*- C++ -*----------------------------------*\
| =========                 |                                                 |
| \\      /  F ield         | OpenFOAM: The Open Source CFD Toolbox           |
|  \\    /   O peration     | Version:  2106                                  |
|   \\  /    A nd           | Website:  www.openfoam.com                      |
|    \\/     M anipulation  |                                                 |
\*---------------------------------------------------------------------------*/
FoamFile
{
    version     2.0;
    format      ascii;
    arch        "LSB;label=32;scalar=64";
    class       surfaceScalarField;
    location    "0.016";
    object      phi;
}
// * * * * * * * * * * * * * * * * * * * * * * * * * * * * * * * * * * * * * //

dimensions      [0 3 -1 0 0 0 0];

oriented        oriented;

internalField   nonuniform List<scalar> 
799
(
2.05367e-32
5.10608e-32
6.69396e-32
5.87702e-32
3.61789e-32
-2.80102e-32
-8.49598e-32
-1.28435e-31
-1.36109e-31
-9.60061e-32
-3.79051e-32
2.66318e-32
6.73212e-32
7.92292e-32
5.97542e-32
2.25794e-32
-2.63175e-32
-7.67378e-32
-1.14836e-31
-1.40644e-31
-1.30373e-31
-9.21962e-32
-2.90033e-32
4.37291e-32
8.62185e-32
9.71506e-32
5.72539e-32
-1.16744e-32
-7.63458e-32
-1.27385e-31
-1.28747e-31
-1.00029e-31
-5.23529e-32
3.97261e-33
3.00707e-32
4.22956e-32
2.61783e-32
-1.07017e-32
-3.96245e-32
-7.54229e-32
-8.3552e-32
-7.02814e-32
-4.60801e-32
1.32107e-33
2.72042e-32
3.81078e-32
2.27632e-32
-2.56732e-32
-6.51431e-32
-1.00988e-31
-1.02509e-31
-6.82909e-32
-2.47673e-32
2.98511e-32
5.45537e-32
4.866e-32
1.57971e-32
-4.30822e-32
-8.82964e-32
-1.13281e-31
-9.99723e-32
-4.67008e-32
1.55008e-32
7.05118e-32
8.33867e-32
4.26834e-32
-3.10887e-32
-1.14597e-31
-1.60028e-31
-1.42528e-31
-7.1175e-32
3.05343e-32
1.06931e-31
1.23413e-31
7.62849e-32
-1.75458e-32
-1.04112e-31
-1.48796e-31
-1.37349e-31
-7.81536e-32
-1.19706e-32
3.69745e-32
5.22777e-32
3.72073e-32
1.30189e-32
-1.29955e-32
-3.2646e-32
-5.08641e-32
-7.12504e-32
-8.36019e-32
-8.17267e-32
-5.07031e-32
1.75196e-33
5.5047e-32
8.75907e-32
6.85766e-32
9.85666e-33
-7.20515e-32
-1.41547e-31
-1.55045e-31
-1.19907e-31
-3.4274e-32
5.64151e-32
1.09512e-31
1.18409e-31
6.03324e-32
-1.90665e-32
-9.2984e-32
-1.37041e-31
-1.20172e-31
-7.64643e-32
-1.38338e-32
3.26806e-32
4.11397e-32
2.95781e-32
-1.16459e-33
-1.81263e-32
-1.57483e-32
-3.12606e-33
1.06514e-32
6.20755e-34
-2.99794e-32
-7.16122e-32
-1.02526e-31
-1.01194e-31
-6.66056e-32
-7.32079e-33
5.20633e-32
8.98032e-32
9.50954e-32
6.50841e-32
1.26479e-32
-4.83709e-32
-1.03751e-31
-1.35671e-31
-1.38464e-31
-1.048e-31
-4.0709e-32
3.29879e-32
9.77243e-32
1.22972e-31
1.0037e-31
3.71265e-32
-4.71048e-32
-1.11982e-31
-1.38518e-31
-1.15062e-31
-5.48589e-32
7.82314e-33
5.10838e-32
5.18147e-32
1.71889e-32
-2.98709e-32
-6.70254e-32
-6.76167e-32
-3.47886e-32
1.59416e-32
5.75868e-32
6.03207e-32
2.02012e-32
-5.09913e-32
-1.17915e-31
-1.44944e-31
-1.14131e-31
-3.40389e-32
5.5214e-32
1.13194e-31
1.05163e-31
3.85336e-32
-5.15577e-32
-1.22465e-31
-1.29506e-31
-8.32671e-32
-5.95676e-33
5.65591e-32
6.28019e-32
2.6658e-32
-4.24036e-32
-9.22022e-32
-9.45677e-32
-5.8537e-32
1.22078e-32
6.14311e-32
7.46229e-32
4.52925e-32
-2.23423e-32
-7.85825e-32
-1.1532e-31
-1.0793e-31
-6.11784e-32
-6.16298e-33
4.94197e-32
7.20764e-32
6.31419e-32
3.11722e-32
-1.78224e-32
-5.59034e-32
-8.06408e-32
-8.49649e-32
-6.79332e-32
-4.20974e-32
-7.32681e-33
2.56353e-32
4.72936e-32
5.36274e-32
3.41632e-32
-5.82208e-33
-5.24906e-32
-8.93857e-32
-9.27967e-32
-5.90749e-32
-1.2622e-33
5.56579e-32
7.64083e-32
4.76389e-32
-2.0457e-32
-9.60211e-32
-1.33557e-31
-1.07837e-31
-2.55141e-32
7.71493e-32
1.43653e-31
1.3356e-31
4.68505e-32
-8.24174e-32
-1.87321e-31
-2.12436e-31
-1.45597e-31
-9.55141e-33
1.24245e-31
1.92477e-31
1.67212e-31
5.35065e-32
-8.32594e-32
-1.83508e-31
-2.05295e-31
-1.36117e-31
-2.41802e-32
8.46416e-32
1.418e-31
1.23038e-31
5.29458e-32
-3.94374e-32
-1.09018e-31
-1.271e-31
-9.64712e-32
-3.41762e-32
2.54652e-32
5.34205e-32
4.0258e-32
2.06135e-34
-4.25962e-32
-5.76468e-32
-3.42364e-32
8.79157e-33
4.94283e-32
5.15608e-32
7.69394e-33
-5.76094e-32
-1.16624e-31
-1.25798e-31
-7.74149e-32
2.65267e-33
8.17995e-32
1.13166e-31
8.43888e-32
1.78985e-32
-5.87348e-32
-1.03483e-31
-1.02021e-31
-7.20448e-32
-2.61776e-32
4.82202e-33
1.40736e-32
1.55416e-32
6.46089e-33
4.98861e-33
4.10765e-33
-5.92675e-33
-1.49638e-32
-3.08867e-32
-3.73209e-32
-3.25888e-32
-2.81102e-32
-2.48904e-32
-3.62968e-32
-5.14515e-32
-5.4021e-32
-3.22684e-32
1.54633e-32
6.54201e-32
8.63719e-32
5.38553e-32
-2.46065e-32
-1.17241e-31
-1.72455e-31
-1.5537e-31
-7.25248e-32
4.24747e-32
1.23357e-31
1.31764e-31
6.50942e-32
-4.4495e-32
-1.29639e-31
-1.55986e-31
-1.11847e-31
-2.79771e-32
3.98487e-32
6.54367e-32
3.48483e-32
-2.11091e-32
-6.33119e-32
-7.39316e-32
-4.41692e-32
-6.0648e-33
1.50574e-32
6.89818e-33
-3.11261e-32
-6.52725e-32
-7.80017e-32
-5.81964e-32
-1.20488e-32
2.53838e-32
4.00696e-32
1.73947e-32
-3.10335e-32
-7.02079e-32
-8.56542e-32
-5.51344e-32
5.31737e-33
6.35805e-32
9.98832e-32
8.18289e-32
2.73209e-32
-3.88665e-32
-8.61282e-32
-7.22118e-32
-9.10152e-33
9.01967e-32
1.82254e-31
2.14449e-31
1.72265e-31
5.85731e-32
-1.23053e-31
-1.53822e-31
-8.40352e-32
8.04092e-31
2.74771e-30
5.87627e-30
1.2259e-29
1.44417e-29
1.67227e-29
-8.60448e-31
-4.41271e-29
-9.60191e-29
-2.0213e-28
-1.93288e-28
-1.33012e-28
1.54492e-28
7.98211e-28
1.16307e-27
1.80505e-27
1.04295e-27
-7.75411e-28
-3.05119e-27
-7.55806e-27
-7.22892e-27
-5.94705e-27
1.73186e-27
1.68594e-26
2.26506e-26
3.3031e-26
1.66301e-26
-1.36297e-26
-4.10264e-26
-9.05151e-26
-7.13423e-26
-4.22151e-26
3.15496e-26
1.54604e-25
1.62714e-25
1.91976e-25
5.42893e-26
-1.45622e-25
-2.41585e-25
-4.15734e-25
-2.36547e-25
-3.16664e-26
2.19131e-25
5.89172e-25
4.55133e-25
3.83011e-25
-3.71079e-26
-5.44026e-25
-5.80073e-25
-7.54276e-25
-2.54602e-25
2.23604e-25
5.06824e-25
9.15268e-25
5.06834e-25
2.2362e-25
-2.54588e-25
-7.54271e-25
-5.80079e-25
-5.44038e-25
-3.71218e-26
3.83002e-25
4.55131e-25
5.89176e-25
2.19139e-25
-3.16604e-26
-2.36544e-25
-4.15735e-25
-2.4159e-25
-1.45627e-25
5.42861e-26
1.91975e-25
1.62714e-25
1.54604e-25
3.15503e-26
-4.22149e-26
-7.13425e-26
-9.05153e-26
-4.10269e-26
-1.363e-26
1.66296e-26
3.30305e-26
2.26502e-26
1.6859e-26
1.73162e-27
-5.9472e-27
-7.22899e-27
-7.55807e-27
-3.05123e-27
-7.75477e-28
1.04282e-27
1.80489e-27
1.16289e-27
7.98038e-28
1.54384e-28
-1.33049e-28
-1.93233e-28
-2.02018e-28
-9.59154e-29
-4.40779e-29
-9.27277e-31
1.65629e-29
1.42388e-29
1.20864e-29
5.82072e-30
2.81769e-30
9.83131e-31
1.3152e-31
1.00363e-32
-5.48213e-32
5.13907e-33
3.18151e-32
4.73877e-32
4.3025e-32
3.80266e-32
4.15339e-32
6.74196e-32
1.08047e-31
1.39856e-31
1.41914e-31
9.98392e-32
2.28012e-32
-5.36823e-32
-1.02487e-31
-9.69078e-32
-4.36135e-32
2.80238e-32
9.23709e-32
1.13599e-31
9.40308e-32
4.14231e-32
-2.36084e-32
-6.93937e-32
-8.97739e-32
-7.09254e-32
-2.40425e-32
3.12087e-32
7.79294e-32
8.92322e-32
6.05863e-32
2.0794e-33
-6.35677e-32
-1.01939e-31
-9.03998e-32
-3.50579e-32
4.56256e-32
1.08598e-31
1.18998e-31
7.79791e-32
-7.60742e-33
-8.64141e-32
-1.221e-31
-1.04042e-31
-2.74538e-32
5.58783e-32
1.15272e-31
1.23472e-31
6.75522e-32
-1.28616e-32
-9.20978e-32
-1.28458e-31
-1.00175e-31
-2.53275e-32
7.20719e-32
1.42766e-31
1.49991e-31
8.84905e-32
-2.15268e-32
-1.2974e-31
-1.81034e-31
-1.50659e-31
-4.66602e-32
8.39916e-32
1.76214e-31
1.90827e-31
1.18497e-31
-2.20429e-33
-1.13564e-31
-1.67613e-31
-1.43423e-31
-6.37182e-32
3.40649e-32
1.01867e-31
1.19913e-31
8.8996e-32
2.74498e-32
-2.85278e-32
-6.74422e-32
-6.98072e-32
-4.58279e-32
-1.03255e-32
2.83604e-32
4.11231e-32
3.84592e-32
1.38065e-32
-1.61468e-32
-2.56243e-32
-2.4287e-32
5.57166e-33
3.20773e-32
3.9131e-32
2.81712e-32
-1.65562e-32
-5.15574e-32
-6.77666e-32
-5.32715e-32
-1.1706e-33
4.45584e-32
7.67585e-32
7.32877e-32
3.53113e-32
-3.56899e-33
-3.87232e-32
-4.90962e-32
-4.27331e-32
-3.97276e-32
-3.56869e-32
-3.73405e-32
-2.38904e-32
1.80239e-32
7.17193e-32
1.22643e-31
1.26353e-31
6.42689e-32
-4.24803e-32
-1.61752e-31
-2.19657e-31
-1.82864e-31
-6.00358e-32
1.10818e-31
2.33235e-31
2.56858e-31
1.61835e-31
-2.10556e-32
-1.90549e-31
-2.83741e-31
-2.46125e-31
-9.24461e-32
9.12838e-32
2.37595e-31
2.63572e-31
1.6592e-31
1.15518e-33
-1.6698e-31
-2.42789e-31
-2.0893e-31
-8.77803e-32
6.77499e-32
1.68591e-31
1.9135e-31
1.28705e-31
1.78901e-32
-7.64188e-32
-1.34377e-31
-1.30586e-31
-8.61237e-32
-3.05012e-32
2.70629e-32
5.95925e-32
7.71673e-32
7.63782e-32
5.5794e-32
2.81562e-32
-1.30068e-32
-4.87707e-32
-7.45764e-32
-8.3644e-32
-6.9865e-32
-4.35335e-32
-4.12269e-33
3.33336e-32
6.58014e-32
8.11877e-32
7.32967e-32
4.57243e-32
-4.60465e-33
-5.05782e-32
-8.75681e-32
-9.72655e-32
-7.3402e-32
-3.77964e-32
1.35154e-32
4.89079e-32
6.64491e-32
6.86353e-32
4.28865e-32
1.52675e-32
-2.24326e-32
-5.59162e-32
-7.05011e-32
-7.38218e-32
-4.81037e-32
-1.12227e-32
2.78222e-32
5.92449e-32
6.23196e-32
4.63641e-32
1.09823e-32
-2.79395e-32
-5.46872e-32
-6.59902e-32
-5.42892e-32
-2.84436e-32
3.83799e-33
3.14408e-32
4.45808e-32
3.86188e-32
1.82061e-32
-6.76934e-33
-2.59715e-32
-2.63416e-32
-1.7933e-32
-4.30507e-33
-5.17218e-35
-1.31986e-32
-2.44097e-32
-3.14348e-32
-1.14472e-32
2.78017e-32
6.10068e-32
7.50014e-32
4.02625e-32
-2.12687e-32
-8.36516e-32
-1.13911e-31
-8.18761e-32
-1.11523e-32
7.34983e-32
1.21786e-31
1.07448e-31
4.30806e-32
-4.65308e-32
-1.05282e-31
-1.10796e-31
-6.0563e-32
1.95339e-32
7.90549e-32
9.67915e-32
5.92617e-32
-6.96194e-33
-6.19548e-32
-8.26723e-32
-5.07272e-32
8.40052e-33
6.37182e-32
8.82244e-32
6.08496e-32
2.67486e-33
-6.16679e-32
-1.01241e-31
-9.03359e-32
-4.10513e-32
3.01965e-32
9.26267e-32
1.14907e-31
9.70165e-32
4.08222e-32
-3.09992e-32
-8.73108e-32
-1.18545e-31
-1.07638e-31
-6.18675e-32
5.75428e-34
6.96306e-32
1.14672e-31
1.26638e-31
9.91448e-32
3.18771e-32
-4.64947e-32
-1.17131e-31
-1.48394e-31
-1.23202e-31
-5.20904e-32
4.63021e-32
1.26901e-31
1.56665e-31
1.22166e-31
3.32813e-32
-6.69095e-32
-1.35745e-31
-1.41994e-31
-8.21146e-32
1.17354e-32
9.58626e-32
1.31369e-31
1.005e-31
2.4281e-32
-6.07511e-32
-1.13821e-31
-1.05376e-31
-4.85703e-32
3.34307e-32
9.82966e-32
1.10004e-31
7.53791e-32
9.71993e-34
-6.79168e-32
-9.68337e-32
-8.45814e-32
-2.26718e-32
4.19457e-32
8.44641e-32
9.26508e-32
4.98846e-32
-1.61297e-33
-5.02452e-32
-7.29431e-32
-5.36552e-32
-2.08249e-32
2.40094e-32
5.45279e-32
5.99039e-32
5.15969e-32
2.70426e-32
4.913e-33
-8.25893e-33
-1.55549e-32
-1.35485e-32
-1.10993e-32
-1.28631e-32
-1.16074e-32
-1.13698e-32
-1.3963e-33
2.16456e-32
4.58304e-32
7.53009e-32
8.42287e-32
7.06692e-32
3.60059e-32
-2.15482e-32
-6.4639e-32
-8.98412e-32
-7.43182e-32
-2.01072e-32
4.48106e-32
1.08932e-31
1.33356e-31
1.1908e-31
6.82313e-32
5.5867e-33
-4.23812e-32
-6.18193e-32
-3.94154e-32
-7.54799e-33
4.24337e-32
6.40703e-32
6.59797e-32
6.02575e-32
1.67589e-32
8.69377e-33
-2.24348e-32
-2.72843e-32
-5.99885e-33
)
;

boundaryField
{
    left
    {
        type            calculated;
        value           uniform 0;
    }
    right
    {
        type            calculated;
        value           uniform 0;
    }
    empty
    {
        type            empty;
        value           nonuniform List<scalar> 0();
    }
}


// ************************************************************************* //
