/*--------------------------------*- C++ -*----------------------------------*\
| =========                 |                                                 |
| \\      /  F ield         | OpenFOAM: The Open Source CFD Toolbox           |
|  \\    /   O peration     | Version:  2106                                  |
|   \\  /    A nd           | Website:  www.openfoam.com                      |
|    \\/     M anipulation  |                                                 |
\*---------------------------------------------------------------------------*/
FoamFile
{
    version     2.0;
    format      ascii;
    arch        "LSB;label=32;scalar=64";
    class       surfaceScalarField;
    location    "0.107";
    object      phi;
}
// * * * * * * * * * * * * * * * * * * * * * * * * * * * * * * * * * * * * * //

dimensions      [0 3 -1 0 0 0 0];

oriented        oriented;

internalField   nonuniform List<scalar> 
799
(
1.68722e-32
4.37376e-32
5.59618e-32
4.41504e-32
1.79403e-32
-4.98455e-32
-1.10372e-31
-1.57388e-31
-1.68575e-31
-1.31943e-31
-7.72725e-32
-1.61223e-32
2.12286e-32
2.98495e-32
7.14155e-33
-3.32082e-32
-8.52209e-32
-1.38696e-31
-1.79786e-31
-2.08523e-31
-2.01109e-31
-1.65725e-31
-1.05254e-31
-3.51738e-32
4.73508e-33
1.31622e-32
-2.91662e-32
-1.00452e-31
-1.67411e-31
-2.20662e-31
-2.24166e-31
-1.97519e-31
-1.51837e-31
-9.74378e-32
-7.31943e-32
-6.27561e-32
-8.05893e-32
-1.19118e-31
-1.49623e-31
-1.86938e-31
-1.96519e-31
-1.84638e-31
-1.61759e-31
-1.1562e-31
-9.09359e-32
-8.11795e-32
-9.76123e-32
-1.47081e-31
-1.8753e-31
-2.24302e-31
-2.26698e-31
-1.93306e-31
-1.5056e-31
-9.66721e-32
-7.2654e-32
-7.91893e-32
-1.1265e-31
-1.72083e-31
-2.17811e-31
-2.43264e-31
-2.30391e-31
-1.7752e-31
-1.15682e-31
-6.09997e-32
-4.84191e-32
-8.93835e-32
-1.63384e-31
-2.47091e-31
-2.92692e-31
-2.75333e-31
-2.04097e-31
-1.02472e-31
-2.61355e-32
-9.68683e-33
-5.68285e-32
-1.50643e-31
-2.37169e-31
-2.818e-31
-2.70268e-31
-2.10974e-31
-1.44672e-31
-9.55893e-32
-8.0133e-32
-9.50334e-32
-1.19031e-31
-1.44843e-31
-1.64276e-31
-1.82261e-31
-2.02402e-31
-2.14494e-31
-2.1235e-31
-1.81045e-31
-1.28296e-31
-7.47005e-32
-4.18499e-32
-6.05449e-32
-1.18939e-31
-2.00515e-31
-2.69671e-31
-2.82829e-31
-2.47339e-31
-1.61346e-31
-7.02964e-32
-1.68376e-32
-7.58034e-33
-6.52984e-32
-1.44327e-31
-2.17876e-31
-2.61564e-31
-2.44325e-31
-2.00251e-31
-1.37256e-31
-9.03803e-32
-8.15601e-32
-9.27655e-32
-1.2315e-31
-1.39762e-31
-1.37037e-31
-1.24072e-31
-1.09955e-31
-1.19651e-31
-1.4992e-31
-1.91228e-31
-2.21825e-31
-2.20183e-31
-1.85286e-31
-1.25693e-31
-6.60143e-32
-2.79839e-32
-2.24085e-32
-5.21403e-32
-1.04304e-31
-1.65054e-31
-2.2017e-31
-2.51832e-31
-2.54368e-31
-2.20456e-31
-1.56121e-31
-8.21841e-32
-1.72116e-32
8.26814e-33
-1.41047e-32
-7.71223e-32
-1.6113e-31
-2.25788e-31
-2.52105e-31
-2.28427e-31
-1.68004e-31
-1.05099e-31
-6.16162e-32
-6.06669e-32
-9.50732e-32
-1.41914e-31
-1.78844e-31
-1.79206e-31
-1.46145e-31
-9.51846e-32
-5.33001e-32
-5.03209e-32
-9.01937e-32
-1.61133e-31
-2.27796e-31
-2.54555e-31
-2.23467e-31
-1.4309e-31
-5.35469e-32
4.73132e-33
-2.99196e-33
-6.92974e-32
-1.59058e-31
-2.29622e-31
-2.36307e-31
-1.89701e-31
-1.1201e-31
-4.90962e-32
-4.24427e-32
-7.8163e-32
-1.46784e-31
-1.96123e-31
-1.9801e-31
-1.61485e-31
-9.02246e-32
-4.04671e-32
-2.67159e-32
-5.54668e-32
-1.22501e-31
-1.78112e-31
-2.14195e-31
-2.06126e-31
-1.58664e-31
-1.02902e-31
-4.65421e-32
-2.3072e-32
-3.11576e-32
-6.22429e-32
-1.10308e-31
-1.47418e-31
-1.71135e-31
-1.74392e-31
-1.5624e-31
-1.29228e-31
-9.32233e-32
-5.89587e-32
-3.59284e-32
-2.81592e-32
-4.61097e-32
-8.45011e-32
-1.29487e-31
-1.64613e-31
-1.6616e-31
-1.3047e-31
-7.05915e-32
-1.14864e-32
1.15676e-32
-1.47726e-32
-8.02992e-32
-1.5315e-31
-1.87816e-31
-1.59067e-31
-7.35419e-32
3.25008e-32
1.02578e-31
9.62604e-32
1.35398e-32
-1.11514e-31
-2.11961e-31
-2.32375e-31
-1.60576e-31
-1.9283e-32
1.20053e-31
1.94138e-31
1.75052e-31
6.78714e-32
-6.20074e-32
-1.54986e-31
-1.69103e-31
-9.1827e-32
2.86452e-32
1.46473e-31
2.13126e-31
2.04372e-31
1.44831e-31
6.3565e-32
5.69908e-33
-4.66436e-35
4.35759e-32
1.19552e-31
1.93595e-31
2.36701e-31
2.39479e-31
2.16192e-31
1.91016e-31
1.94496e-31
2.37377e-31
3.00866e-31
3.62996e-31
3.87696e-31
3.67527e-31
3.27091e-31
2.94173e-31
3.12374e-31
3.89462e-31
4.9963e-31
6.10323e-31
6.74753e-31
6.80603e-31
6.50378e-31
6.11717e-31
6.0671e-31
6.4976e-31
7.23238e-31
8.14608e-31
8.93181e-31
9.5216e-31
1.0056e-30
1.0508e-30
1.10603e-30
1.16435e-30
1.21611e-30
1.27155e-30
1.3229e-30
1.38662e-30
1.4645e-30
1.54523e-30
1.62791e-30
1.69929e-30
1.77035e-30
1.85755e-30
1.97275e-30
2.11772e-30
2.26885e-30
2.39503e-30
2.47192e-30
2.50719e-30
2.53275e-30
2.60033e-30
2.74496e-30
2.96024e-30
3.21273e-30
3.43629e-30
3.59274e-30
3.67963e-30
3.72926e-30
3.80919e-30
3.95392e-30
4.17532e-30
4.44279e-30
4.70077e-30
4.92321e-30
5.09636e-30
5.25122e-30
5.42709e-30
5.64198e-30
5.90489e-30
6.18396e-30
6.45405e-30
6.70306e-30
6.9306e-30
7.1706e-30
7.44076e-30
7.75243e-30
8.09956e-30
8.44731e-30
8.78179e-30
9.08859e-30
9.37945e-30
9.68956e-30
1.00335e-29
1.04337e-29
1.08743e-29
1.13231e-29
1.17606e-29
1.21545e-29
1.25226e-29
1.28898e-29
1.32868e-29
1.37558e-29
1.42847e-29
1.48606e-29
1.54398e-29
1.59697e-29
1.64356e-29
1.68401e-29
1.71865e-29
1.76935e-29
1.83102e-29
1.97544e-29
2.22625e-29
2.59636e-29
3.29264e-29
3.56964e-29
3.8571e-29
2.15872e-29
-2.1075e-29
-7.23581e-29
-1.77857e-28
-1.684e-28
-1.07507e-28
1.80616e-28
8.24953e-28
1.19043e-27
1.83303e-27
1.07154e-27
-7.46216e-28
-3.02139e-27
-7.52766e-27
-7.19793e-27
-5.91548e-27
1.76401e-27
1.68921e-26
2.26839e-26
3.30648e-26
1.66644e-26
-1.35949e-26
-4.09911e-26
-9.04793e-26
-7.1306e-26
-4.21783e-26
3.15867e-26
1.54641e-25
1.62752e-25
1.92014e-25
5.4328e-26
-1.45583e-25
-2.41545e-25
-4.15694e-25
-2.36507e-25
-3.16262e-26
2.19171e-25
5.89213e-25
4.55173e-25
3.83052e-25
-3.70668e-26
-5.43985e-25
-5.80032e-25
-7.54235e-25
-2.54561e-25
2.23645e-25
5.06865e-25
9.1531e-25
5.06876e-25
2.23661e-25
-2.54547e-25
-7.5423e-25
-5.80038e-25
-5.43997e-25
-3.70808e-26
3.83043e-25
4.55172e-25
5.89217e-25
2.19179e-25
-3.16205e-26
-2.36505e-25
-4.15696e-25
-2.41551e-25
-1.45588e-25
5.43244e-26
1.92013e-25
1.62752e-25
1.54641e-25
3.1587e-26
-4.21787e-26
-7.13067e-26
-9.048e-26
-4.09921e-26
-1.35957e-26
1.66634e-26
3.30638e-26
2.26829e-26
1.68912e-26
1.76323e-27
-5.91617e-27
-7.19853e-27
-7.52821e-27
-3.02196e-27
-7.46806e-28
1.07089e-27
1.83235e-27
1.18974e-27
8.24282e-28
1.80018e-28
-1.08024e-28
-1.68816e-28
-1.78206e-28
-7.27058e-29
-2.14667e-29
2.10901e-29
3.79918e-29
3.50852e-29
3.2357e-29
2.55226e-29
2.19585e-29
1.9571e-29
1.81751e-29
1.75182e-29
1.69273e-29
1.64708e-29
1.59908e-29
1.55098e-29
1.50191e-29
1.45381e-29
1.40762e-29
1.36472e-29
1.32436e-29
1.28418e-29
1.24208e-29
1.19664e-29
1.14876e-29
1.10198e-29
1.05901e-29
1.02251e-29
9.91801e-30
9.63932e-30
9.36324e-30
9.05384e-30
8.71324e-30
8.34906e-30
7.98172e-30
7.64275e-30
7.33809e-30
7.08141e-30
6.86131e-30
6.65795e-30
6.45424e-30
6.22311e-30
5.95984e-30
5.67433e-30
5.38911e-30
5.13842e-30
4.94469e-30
4.80166e-30
4.69067e-30
4.5685e-30
4.4001e-30
4.18647e-30
3.93428e-30
3.69471e-30
3.50394e-30
3.37243e-30
3.30481e-30
3.24914e-30
3.17457e-30
3.05372e-30
2.87349e-30
2.67338e-30
2.47892e-30
2.33165e-30
2.25323e-30
2.22544e-30
2.22412e-30
2.19992e-30
2.11594e-30
1.96679e-30
1.77257e-30
1.58349e-30
1.45454e-30
1.41039e-30
1.44286e-30
1.50489e-30
1.53129e-30
1.48278e-30
1.34994e-30
1.17124e-30
1.00431e-30
8.9703e-31
8.70242e-31
9.01143e-31
9.52214e-31
9.7531e-31
9.50591e-31
8.78774e-31
7.78118e-31
6.84758e-31
6.10117e-31
5.73615e-31
5.64985e-31
5.6935e-31
5.78305e-31
5.62685e-31
5.3293e-31
4.82435e-31
4.27832e-31
3.94848e-31
3.73775e-31
3.82274e-31
3.88422e-31
3.76088e-31
3.46661e-31
2.84352e-31
2.32612e-31
2.00476e-31
1.99819e-31
2.37506e-31
2.6953e-31
2.88695e-31
2.7283e-31
2.23077e-31
1.73006e-31
1.27223e-31
1.06759e-31
1.0354e-31
9.74506e-32
9.28614e-32
8.30181e-32
8.86978e-32
1.23243e-31
1.69951e-31
2.14251e-31
2.11682e-31
1.43649e-31
3.12633e-32
-9.33512e-32
-1.56312e-31
-1.24301e-31
-6.00499e-33
1.60561e-31
2.78924e-31
2.98715e-31
2.00067e-31
1.3752e-32
-1.58978e-31
-2.55234e-31
-2.20511e-31
-6.95667e-32
1.11584e-31
2.55455e-31
2.79133e-31
1.79307e-31
1.24843e-32
-1.57594e-31
-2.35234e-31
-2.03101e-31
-8.35816e-32
7.04112e-32
1.69804e-31
1.91197e-31
1.27267e-31
1.52479e-32
-8.02044e-32
-1.39238e-31
-1.36452e-31
-9.29336e-32
-3.81928e-32
1.85382e-32
5.02758e-32
6.71156e-32
6.56351e-32
4.43997e-32
1.61537e-32
-2.55795e-32
-6.1873e-32
-8.81692e-32
-9.76939e-32
-8.43388e-32
-5.83963e-32
-1.93473e-32
1.77697e-32
4.99312e-32
6.50426e-32
5.68992e-32
2.90966e-32
-2.14379e-32
-6.75964e-32
-1.04745e-31
-1.14579e-31
-9.08377e-32
-5.53314e-32
-4.10238e-33
3.12313e-32
4.87305e-32
5.08837e-32
2.51236e-32
-2.48565e-33
-4.01602e-32
-7.36064e-32
-8.81354e-32
-9.13839e-32
-6.55785e-32
-2.85952e-32
1.05625e-32
4.21162e-32
4.53308e-32
2.95267e-32
-5.6845e-33
-4.44213e-32
-7.09709e-32
-8.20642e-32
-7.01377e-32
-4.40556e-32
-1.15309e-32
1.63283e-32
2.97315e-32
2.40427e-32
3.91205e-33
-2.07745e-32
-3.96802e-32
-3.97434e-32
-3.10186e-32
-1.70728e-32
-1.24969e-32
-2.53154e-32
-3.61939e-32
-4.2882e-32
-2.25454e-32
1.7049e-32
5.06098e-32
6.49565e-32
3.05771e-32
-3.05951e-32
-9.26177e-32
-1.2251e-31
-9.01072e-32
-1.90155e-32
6.60112e-32
1.14677e-31
1.00717e-31
3.67281e-32
-5.25027e-32
-1.10873e-31
-1.16005e-31
-6.53913e-32
1.50877e-32
7.49909e-32
9.31052e-32
5.59509e-32
-9.89597e-33
-6.45126e-32
-8.48565e-32
-5.25358e-32
6.96811e-33
6.26649e-32
8.75497e-32
6.05547e-32
2.75799e-33
-6.12093e-32
-1.0041e-31
-8.91329e-32
-3.94763e-32
3.2145e-32
9.49483e-32
1.17602e-31
1.00084e-31
4.42648e-32
-2.71767e-32
-8.31084e-32
-1.13955e-31
-1.02662e-31
-5.65027e-32
6.33154e-33
7.57838e-32
1.21226e-31
1.33599e-31
1.06513e-31
3.96553e-32
-3.82989e-32
-1.08513e-31
-1.39346e-31
-1.13715e-31
-4.21598e-32
5.66795e-32
1.37733e-31
1.67953e-31
1.33914e-31
4.5492e-32
-5.42315e-32
-1.22597e-31
-1.28374e-31
-6.80173e-32
2.63117e-32
1.10921e-31
1.46912e-31
1.16532e-31
4.08019e-32
-4.37412e-32
-9.63221e-32
-8.73846e-32
-3.00836e-32
5.24116e-32
1.1777e-31
1.29961e-31
9.58271e-32
2.19037e-32
-4.65125e-32
-7.49631e-32
-6.22572e-32
1.02315e-34
6.51556e-32
1.08096e-31
1.16698e-31
7.43356e-32
2.32225e-32
-2.50395e-32
-4.73741e-32
-2.77484e-32
5.40389e-33
5.05338e-32
8.13164e-32
8.69271e-32
7.88277e-32
5.44504e-32
3.24651e-32
1.94022e-32
1.2183e-32
1.42331e-32
1.66847e-32
1.48808e-32
1.60586e-32
1.61725e-32
2.5982e-32
4.88178e-32
7.27475e-32
1.01921e-31
1.10501e-31
9.65459e-32
6.14357e-32
3.38053e-33
-4.0261e-32
-6.60692e-32
-5.12035e-32
2.30134e-33
6.64615e-32
1.29776e-31
1.53343e-31
1.38164e-31
8.63697e-32
2.27395e-32
-2.62624e-32
-4.67715e-32
-2.54779e-32
5.24365e-33
5.40464e-32
7.44718e-32
7.51429e-32
6.81629e-32
2.33793e-32
1.40149e-32
-1.84295e-32
-2.4606e-32
-4.65672e-33
)
;

boundaryField
{
    left
    {
        type            calculated;
        value           uniform 0;
    }
    right
    {
        type            calculated;
        value           uniform 0;
    }
    empty
    {
        type            empty;
        value           nonuniform List<scalar> 0();
    }
}


// ************************************************************************* //
