/*--------------------------------*- C++ -*----------------------------------*\
| =========                 |                                                 |
| \\      /  F ield         | OpenFOAM: The Open Source CFD Toolbox           |
|  \\    /   O peration     | Version:  2106                                  |
|   \\  /    A nd           | Website:  www.openfoam.com                      |
|    \\/     M anipulation  |                                                 |
\*---------------------------------------------------------------------------*/
FoamFile
{
    version     2.0;
    format      ascii;
    arch        "LSB;label=32;scalar=64";
    class       surfaceScalarField;
    location    "0.126";
    object      phi;
}
// * * * * * * * * * * * * * * * * * * * * * * * * * * * * * * * * * * * * * //

dimensions      [0 3 -1 0 0 0 0];

oriented        oriented;

internalField   nonuniform List<scalar> 
799
(
1.64366e-32
4.2866e-32
5.46543e-32
4.24141e-32
1.57736e-32
-5.24455e-32
-1.13406e-31
-1.60854e-31
-1.72466e-31
-1.3626e-31
-8.20109e-32
-2.12805e-32
1.56508e-32
2.38523e-32
7.2843e-34
-4.00356e-32
-9.24582e-32
-1.46342e-31
-1.87835e-31
-2.16971e-31
-2.09959e-31
-1.74969e-31
-1.14888e-31
-4.51916e-32
-5.66494e-33
2.38146e-33
-4.03298e-32
-1.11993e-31
-1.7932e-31
-2.32938e-31
-2.36805e-31
-2.10516e-31
-1.65188e-31
-1.11133e-31
-8.72323e-32
-7.71307e-32
-9.52974e-32
-1.34154e-31
-1.64982e-31
-2.02614e-31
-2.12504e-31
-2.00927e-31
-1.78349e-31
-1.32505e-31
-1.08113e-31
-9.864e-32
-1.15353e-31
-1.65096e-31
-2.05814e-31
-2.42848e-31
-2.45501e-31
-2.1236e-31
-1.69859e-31
-1.1621e-31
-9.24249e-32
-9.9187e-32
-1.32868e-31
-1.92519e-31
-2.38459e-31
-2.64122e-31
-2.51448e-31
-1.98773e-31
-1.37125e-31
-8.26248e-32
-7.02242e-32
-1.1136e-31
-1.85527e-31
-2.69395e-31
-3.15153e-31
-2.97944e-31
-2.26853e-31
-1.25367e-31
-4.91665e-32
-3.28491e-32
-8.01157e-32
-1.74056e-31
-2.60702e-31
-3.05443e-31
-2.9402e-31
-2.34825e-31
-1.68616e-31
-1.19622e-31
-1.04252e-31
-1.19232e-31
-1.4331e-31
-1.69194e-31
-1.88694e-31
-2.06747e-31
-2.26951e-31
-2.39103e-31
-2.3701e-31
-2.05753e-31
-1.53053e-31
-9.94984e-32
-6.66823e-32
-8.54135e-32
-1.43837e-31
-2.2544e-31
-2.94619e-31
-3.07794e-31
-2.72322e-31
-1.86347e-31
-9.53113e-32
-4.18589e-32
-3.26031e-32
-9.0321e-32
-1.69349e-31
-2.42899e-31
-2.86587e-31
-2.69338e-31
-2.25251e-31
-1.62241e-31
-1.15347e-31
-1.06513e-31
-1.17694e-31
-1.48059e-31
-1.64644e-31
-1.61891e-31
-1.48897e-31
-1.34748e-31
-1.4441e-31
-1.74644e-31
-2.15914e-31
-2.46468e-31
-2.44787e-31
-2.09842e-31
-1.50199e-31
-9.04675e-32
-5.23844e-32
-4.67518e-32
-7.64257e-32
-1.28529e-31
-1.89217e-31
-2.44268e-31
-2.75862e-31
-2.78328e-31
-2.44339e-31
-1.79925e-31
-1.05908e-31
-4.08518e-32
-1.52847e-32
-3.75668e-32
-1.0049e-31
-1.84399e-31
-2.48954e-31
-2.75162e-31
-2.51382e-31
-1.90848e-31
-1.27822e-31
-8.42173e-32
-8.3134e-32
-1.17402e-31
-1.64099e-31
-2.00884e-31
-2.01092e-31
-1.6787e-31
-1.16738e-31
-7.46734e-32
-7.15122e-32
-1.11186e-31
-1.81924e-31
-2.48374e-31
-2.74911e-31
-2.43593e-31
-1.62965e-31
-7.31565e-32
-1.4604e-32
-2.20421e-32
-8.80511e-32
-1.77496e-31
-2.47723e-31
-2.54061e-31
-2.07083e-31
-1.29007e-31
-6.56832e-32
-5.86009e-32
-9.38714e-32
-1.62016e-31
-2.10858e-31
-2.12218e-31
-1.75136e-31
-1.03292e-31
-5.29179e-32
-3.85207e-32
-6.65935e-32
-1.32913e-31
-1.87772e-31
-2.23066e-31
-2.14162e-31
-1.6582e-31
-1.09137e-31
-5.18072e-32
-2.73196e-32
-3.43305e-32
-6.42787e-32
-1.11153e-31
-1.47008e-31
-1.69413e-31
-1.71289e-31
-1.51687e-31
-1.23153e-31
-8.55534e-32
-4.96156e-32
-2.48317e-32
-1.52171e-32
-3.1235e-32
-6.76011e-32
-1.10464e-31
-1.43367e-31
-1.42579e-31
-1.04452e-31
-4.20131e-32
1.97724e-32
4.5628e-32
2.22209e-32
-4.02384e-32
-1.09882e-31
-1.41201e-31
-1.08947e-31
-1.97649e-32
9.01034e-32
1.64175e-31
1.62019e-31
8.36444e-32
-3.68748e-32
-1.32594e-31
-1.48071e-31
-7.1127e-32
7.55198e-32
2.20436e-31
3.00332e-31
2.87297e-31
1.86413e-31
6.30863e-32
-2.30786e-32
-3.01077e-32
5.45324e-32
1.82657e-31
3.08435e-31
3.83343e-31
3.8316e-31
3.32514e-31
2.60478e-31
2.12189e-31
2.1637e-31
2.70284e-31
3.56923e-31
4.42011e-31
4.96554e-31
5.11169e-31
5.00137e-31
4.87633e-31
5.04224e-31
5.60659e-31
6.38155e-31
7.14758e-31
7.54405e-31
7.49665e-31
7.25164e-31
7.08681e-31
7.43839e-31
8.38413e-31
9.66599e-31
1.09586e-30
1.17941e-30
1.20496e-30
1.19501e-30
1.17722e-30
1.19368e-30
1.2588e-30
1.35497e-30
1.46967e-30
1.5722e-30
1.65579e-30
1.73448e-30
1.80562e-30
1.88744e-30
1.97304e-30
2.05276e-30
2.13687e-30
2.21758e-30
2.31137e-30
2.42005e-30
2.53229e-30
2.64721e-30
2.75155e-30
2.85632e-30
2.97797e-30
3.12836e-30
3.30927e-30
3.49709e-30
3.66071e-30
3.7758e-30
3.85002e-30
3.91529e-30
4.02334e-30
4.20919e-30
4.46644e-30
4.76165e-30
5.02869e-30
5.22935e-30
5.36119e-30
5.45653e-30
5.58287e-30
5.77475e-30
6.04401e-30
6.36006e-30
6.6673e-30
6.9397e-30
7.16349e-30
7.36965e-30
7.59747e-30
7.86497e-30
8.18111e-30
8.51402e-30
8.83856e-30
9.1426e-30
9.42573e-30
9.72187e-30
1.00487e-29
1.04176e-29
1.08224e-29
1.12282e-29
1.16213e-29
1.19871e-29
1.23374e-29
1.27073e-29
1.31113e-29
1.3572e-29
1.40733e-29
1.45831e-29
1.50819e-29
1.55372e-29
1.5967e-29
1.6396e-29
1.68549e-29
1.73859e-29
1.79769e-29
1.86149e-29
1.92562e-29
1.98481e-29
2.03759e-29
2.08422e-29
2.12503e-29
2.18188e-29
2.24968e-29
2.4002e-29
2.65708e-29
3.03323e-29
3.73551e-29
4.01847e-29
4.31185e-29
2.61934e-29
-1.64106e-29
-6.76362e-29
-1.73078e-28
-1.63564e-28
-1.02616e-28
1.85562e-28
8.29953e-28
1.19548e-27
1.83813e-27
1.0767e-27
-7.41007e-28
-3.01613e-27
-7.52235e-27
-7.19257e-27
-5.91007e-27
1.76946e-27
1.68976e-26
2.26894e-26
3.30704e-26
1.667e-26
-1.35892e-26
-4.09854e-26
-9.04735e-26
-7.13003e-26
-4.21725e-26
3.15926e-26
1.54647e-25
1.62758e-25
1.9202e-25
5.4334e-26
-1.45577e-25
-2.41539e-25
-4.15688e-25
-2.36501e-25
-3.16201e-26
2.19177e-25
5.89219e-25
4.5518e-25
3.83058e-25
-3.70606e-26
-5.43978e-25
-5.80026e-25
-7.54228e-25
-2.54554e-25
2.23652e-25
5.06872e-25
9.15316e-25
5.06882e-25
2.23667e-25
-2.54541e-25
-7.54224e-25
-5.80031e-25
-5.43991e-25
-3.70747e-26
3.83049e-25
4.55178e-25
5.89223e-25
2.19185e-25
-3.16144e-26
-2.36499e-25
-4.1569e-25
-2.41545e-25
-1.45582e-25
5.43303e-26
1.92019e-25
1.62758e-25
1.54647e-25
3.15928e-26
-4.21729e-26
-7.1301e-26
-9.04743e-26
-4.09864e-26
-1.35901e-26
1.6669e-26
3.30693e-26
2.26884e-26
1.68967e-26
1.76864e-27
-5.91079e-27
-7.19321e-27
-7.52293e-27
-3.01674e-27
-7.41631e-28
1.07602e-27
1.83742e-27
1.19476e-27
8.29247e-28
1.84928e-28
-1.0317e-28
-1.64017e-28
-1.73464e-28
-6.80215e-29
-1.68402e-29
2.56583e-29
4.25012e-29
3.95353e-29
3.67474e-29
2.9853e-29
2.62285e-29
2.37803e-29
2.23234e-29
2.16054e-29
2.0953e-29
2.0435e-29
1.98933e-29
1.93506e-29
1.87981e-29
1.82553e-29
1.77315e-29
1.72408e-29
1.67755e-29
1.63122e-29
1.58298e-29
1.53142e-29
1.47743e-29
1.42457e-29
1.37555e-29
1.33302e-29
1.29632e-29
1.26249e-29
1.22896e-29
1.19213e-29
1.15223e-29
1.11001e-29
1.06753e-29
1.02793e-29
9.91804e-30
9.60533e-30
9.32975e-30
9.07147e-30
8.8134e-30
8.52852e-30
8.21209e-30
7.87405e-30
7.53693e-30
7.23498e-30
6.99067e-30
6.79772e-30
6.6375e-30
6.46678e-30
6.25054e-30
5.98977e-30
5.69116e-30
5.4059e-30
5.17016e-30
4.99442e-30
4.8833e-30
4.78487e-30
4.6683e-30
4.50619e-30
4.28545e-30
4.04558e-30
3.8121e-30
3.62658e-30
3.51064e-30
3.44609e-30
3.40876e-30
3.34928e-30
3.23075e-30
3.04781e-30
2.82052e-30
2.5991e-30
2.43854e-30
2.36348e-30
2.36577e-30
2.39832e-30
2.39594e-30
2.31935e-30
2.1591e-30
1.95368e-30
1.76069e-30
1.62802e-30
1.5765e-30
1.58331e-30
1.61092e-30
1.61119e-30
1.56426e-30
1.47083e-30
1.34917e-30
1.23539e-30
1.14091e-30
1.08514e-30
1.0578e-30
1.044e-30
1.03533e-30
1.0026e-30
9.56273e-31
8.89703e-31
8.19522e-31
7.7145e-31
7.35763e-31
7.30114e-31
7.22569e-31
6.96984e-31
6.54742e-31
5.80043e-31
5.16327e-31
4.72614e-31
4.60777e-31
4.87668e-31
5.09269e-31
5.18378e-31
4.92811e-31
4.33699e-31
3.74605e-31
3.20124e-31
2.91278e-31
2.79985e-31
2.66124e-31
2.54055e-31
2.37011e-31
2.35765e-31
2.63649e-31
3.03953e-31
3.42097e-31
3.33616e-31
2.59904e-31
1.42063e-31
1.22101e-32
-5.57752e-32
-2.8588e-32
8.50891e-32
2.47225e-31
3.61342e-31
3.77064e-31
2.74519e-31
8.44708e-32
-9.18315e-32
-1.91508e-31
-1.60051e-31
-1.22282e-32
1.65928e-31
3.06942e-31
3.27887e-31
2.25453e-31
5.61476e-32
-1.16302e-31
-1.9621e-31
-1.66241e-31
-4.87802e-32
1.03249e-31
2.00769e-31
2.20381e-31
1.5475e-31
4.11126e-32
-5.58791e-32
-1.16381e-31
-1.14991e-31
-7.28002e-32
-1.9324e-32
3.62135e-32
6.68222e-32
8.25833e-32
8.00796e-32
5.78717e-32
2.87054e-32
-1.38998e-32
-5.10205e-32
-7.81032e-32
-8.83712e-32
-7.57233e-32
-5.04518e-32
-1.20333e-32
2.44924e-32
5.60965e-32
7.06805e-32
6.20405e-32
3.377e-32
-1.72087e-32
-6.37859e-32
-1.01327e-31
-1.11531e-31
-8.81384e-32
-5.29556e-32
-2.02975e-33
3.30212e-32
5.02592e-32
5.21746e-32
2.61851e-32
-1.63855e-33
-3.95086e-32
-7.3131e-32
-8.78254e-32
-9.12259e-32
-6.55574e-32
-2.87007e-32
1.03428e-32
4.17897e-32
4.49065e-32
2.90187e-32
-6.28034e-33
-4.50969e-32
-7.17185e-32
-8.28812e-32
-7.10165e-32
-4.499e-32
-1.25131e-32
1.53051e-32
2.86768e-32
2.29569e-32
2.80163e-33
-2.19059e-32
-4.08267e-32
-4.09019e-32
-3.21837e-32
-1.8238e-32
-1.36585e-32
-2.64695e-32
-3.73375e-32
-4.4006e-32
-2.36528e-32
1.59643e-32
4.95521e-32
6.39318e-32
2.95856e-32
-3.15508e-32
-9.3537e-32
-1.2339e-31
-9.09475e-32
-1.98115e-32
6.52619e-32
1.13967e-31
1.00052e-31
3.61082e-32
-5.30774e-32
-1.11401e-31
-1.16487e-31
-6.58232e-32
1.47048e-32
7.46576e-32
9.28268e-32
5.57234e-32
-1.00705e-32
-6.4633e-32
-8.49239e-32
-5.25478e-32
7.01386e-33
6.27703e-32
8.77159e-32
6.07819e-32
3.04914e-33
-6.08566e-32
-9.99986e-32
-8.8665e-32
-3.89532e-32
3.27243e-32
9.55863e-32
1.183e-31
1.00846e-31
4.50878e-32
-2.62927e-32
-8.21665e-32
-1.1296e-31
-1.0161e-31
-5.53946e-32
7.49674e-33
7.70018e-32
1.22497e-31
1.34921e-31
1.07888e-31
4.10855e-32
-3.68169e-32
-1.06982e-31
-1.37766e-31
-1.12091e-31
-4.04927e-32
5.83933e-32
1.39485e-31
1.69744e-31
1.35746e-31
4.7364e-32
-5.23221e-32
-1.20647e-31
-1.26386e-31
-6.59951e-32
2.83708e-32
1.13016e-31
1.49041e-31
1.18691e-31
4.29904e-32
-4.15218e-32
-9.40772e-32
-8.51163e-32
-2.77988e-32
5.47122e-32
1.20081e-31
1.32287e-31
9.81622e-32
2.42472e-32
-4.41629e-32
-7.26098e-32
-5.98979e-32
2.46158e-33
6.75148e-32
1.10455e-31
1.19054e-31
7.66896e-32
2.55742e-32
-2.26923e-32
-4.50374e-32
-2.54208e-32
7.71952e-33
5.28352e-32
8.36027e-32
8.91961e-32
8.10786e-32
5.6682e-32
3.46765e-32
2.1593e-32
1.43497e-32
1.63697e-32
1.87911e-32
1.69565e-32
1.81007e-32
1.81812e-32
2.79536e-32
5.07437e-32
7.4626e-32
1.03749e-31
1.12277e-31
9.8268e-32
6.31028e-32
4.9935e-33
-3.87022e-32
-6.45634e-32
-4.9753e-32
3.69387e-33
6.77988e-32
1.31056e-31
1.54565e-31
1.39326e-31
8.74666e-32
2.37702e-32
-2.5297e-32
-4.58725e-32
-2.46436e-32
6.00725e-33
5.4734e-32
7.50857e-32
7.56815e-32
6.86233e-32
2.37692e-32
1.43316e-32
-1.81903e-32
-2.44471e-32
-4.57728e-33
)
;

boundaryField
{
    left
    {
        type            calculated;
        value           uniform 0;
    }
    right
    {
        type            calculated;
        value           uniform 0;
    }
    empty
    {
        type            empty;
        value           nonuniform List<scalar> 0();
    }
}


// ************************************************************************* //
