/*--------------------------------*- C++ -*----------------------------------*\
| =========                 |                                                 |
| \\      /  F ield         | OpenFOAM: The Open Source CFD Toolbox           |
|  \\    /   O peration     | Version:  2106                                  |
|   \\  /    A nd           | Website:  www.openfoam.com                      |
|    \\/     M anipulation  |                                                 |
\*---------------------------------------------------------------------------*/
FoamFile
{
    version     2.0;
    format      ascii;
    arch        "LSB;label=32;scalar=64";
    class       surfaceScalarField;
    location    "0.028";
    object      phi;
}
// * * * * * * * * * * * * * * * * * * * * * * * * * * * * * * * * * * * * * //

dimensions      [0 3 -1 0 0 0 0];

oriented        oriented;

internalField   nonuniform List<scalar> 
799
(
1.96761e-32
4.9342e-32
6.43607e-32
5.53351e-32
3.19033e-32
-3.31185e-32
-9.08926e-32
-1.35179e-31
-1.43649e-31
-1.04327e-31
-4.69861e-32
1.68099e-32
5.67784e-32
6.79876e-32
4.78379e-32
1.00142e-32
-3.95071e-32
-9.05262e-32
-1.29196e-31
-1.5555e-31
-1.45799e-31
-1.08115e-31
-4.53903e-32
2.69028e-32
6.89799e-32
7.95238e-32
3.92656e-32
-2.99964e-32
-9.49792e-32
-1.46304e-31
-1.47931e-31
-1.19456e-31
-7.19944e-32
-1.58637e-32
1.00589e-32
2.21249e-32
5.86788e-33
-3.11352e-32
-6.01635e-32
-9.60509e-32
-1.04253e-31
-9.10453e-32
-6.68922e-32
-1.95294e-32
6.32961e-33
1.72168e-32
1.86574e-33
-4.65674e-32
-8.60259e-32
-1.21853e-31
-1.23351e-31
-8.91012e-32
-4.55407e-32
9.11934e-33
3.38683e-32
2.80243e-32
-4.78624e-33
-6.36076e-32
-1.08767e-31
-1.33686e-31
-1.20312e-31
-6.69712e-32
-4.69953e-33
5.03817e-32
6.33285e-32
2.26981e-32
-5.0998e-32
-1.34431e-31
-1.79787e-31
-1.62208e-31
-9.07811e-32
1.10094e-32
8.74846e-32
1.04045e-31
5.69985e-32
-3.67509e-32
-1.23229e-31
-1.67833e-31
-1.56296e-31
-9.70127e-32
-3.07389e-32
1.82978e-32
3.36914e-32
1.87109e-32
-5.38574e-33
-3.13084e-32
-5.08656e-32
-6.89912e-32
-8.92819e-32
-1.01537e-31
-9.95674e-32
-6.84457e-32
-1.58919e-32
3.75e-32
7.014e-32
5.12222e-32
-7.4011e-33
-8.92127e-32
-1.58612e-31
-1.72016e-31
-1.36778e-31
-5.10462e-32
3.97392e-32
9.29321e-32
1.01921e-31
4.39332e-32
-3.53671e-32
-1.09191e-31
-1.5316e-31
-1.36205e-31
-9.24145e-32
-2.97029e-32
1.6894e-32
2.54283e-32
1.3937e-32
-1.6736e-32
-3.363e-32
-3.11864e-32
-1.85011e-32
-4.66218e-33
-1.46348e-32
-4.51794e-32
-8.67598e-32
-1.17626e-31
-1.16249e-31
-8.16188e-32
-2.22972e-32
3.71208e-32
7.4894e-32
8.02152e-32
5.0231e-32
-2.18172e-33
-6.3181e-32
-1.18545e-31
-1.50451e-31
-1.5323e-31
-1.19557e-31
-5.54593e-32
1.82421e-32
8.29813e-32
1.08229e-31
8.56262e-32
2.23795e-32
-6.18562e-32
-1.2674e-31
-1.53281e-31
-1.29835e-31
-6.96404e-32
-6.96078e-33
3.62948e-32
3.70211e-32
2.38936e-33
-4.46783e-32
-8.184e-32
-8.24381e-32
-4.96108e-32
1.11569e-33
4.27602e-32
4.54941e-32
5.37605e-33
-6.58128e-32
-1.32732e-31
-1.59753e-31
-1.28932e-31
-4.88276e-32
4.04397e-32
9.84338e-32
9.04224e-32
2.38153e-32
-6.62505e-32
-1.3713e-31
-1.44141e-31
-9.78703e-32
-2.05216e-32
4.20334e-32
4.83138e-32
1.22112e-32
-5.68074e-32
-1.06555e-31
-1.08869e-31
-7.27855e-32
-1.98762e-33
4.72906e-32
6.05408e-32
3.12678e-32
-3.63098e-32
-9.24883e-32
-1.29167e-31
-1.21717e-31
-7.49006e-32
-1.9825e-32
3.58226e-32
5.85377e-32
4.96642e-32
1.77569e-32
-3.11752e-32
-6.91935e-32
-9.38695e-32
-9.81338e-32
-8.10431e-32
-5.51516e-32
-2.03268e-32
1.26907e-32
3.44049e-32
4.07966e-32
2.13894e-32
-1.85428e-32
-6.51581e-32
-1.02006e-31
-1.05369e-31
-7.16025e-32
-1.37471e-32
4.32161e-32
6.40056e-32
3.52739e-32
-3.27859e-32
-1.08315e-31
-1.45817e-31
-1.20061e-31
-3.77091e-32
6.49843e-32
1.31515e-31
1.21448e-31
3.47623e-32
-9.44819e-32
-1.99364e-31
-2.24461e-31
-1.57609e-31
-2.1549e-32
1.12261e-31
1.80506e-31
1.55251e-31
4.15547e-32
-9.52031e-32
-1.95445e-31
-2.17227e-31
-1.48045e-31
-3.61089e-32
7.27114e-32
1.29862e-31
1.11092e-31
4.099e-32
-5.1407e-32
-1.20999e-31
-1.39099e-31
-1.08485e-31
-4.62103e-32
1.34108e-32
4.13443e-32
2.81532e-32
-1.19317e-32
-5.47716e-32
-6.9862e-32
-4.64932e-32
-3.5088e-33
3.70794e-32
3.91596e-32
-4.76442e-33
-7.01249e-32
-1.29195e-31
-1.3843e-31
-9.0111e-32
-1.01111e-32
6.89637e-32
1.0026e-31
7.14039e-32
4.83109e-33
-7.18793e-32
-1.16714e-31
-1.1534e-31
-8.54526e-32
-3.96688e-32
-8.75217e-33
4.16031e-34
1.80377e-33
-7.35051e-33
-8.89464e-33
-9.84256e-33
-1.99334e-32
-2.90225e-32
-4.49827e-32
-5.14404e-32
-4.67113e-32
-4.22098e-32
-3.89474e-32
-5.02754e-32
-6.5323e-32
-6.77468e-32
-4.57995e-32
2.18097e-33
5.24494e-32
7.37872e-32
4.174e-32
-3.61593e-32
-1.28121e-31
-1.82538e-31
-1.64518e-31
-8.05776e-32
3.5693e-32
1.18053e-31
1.28162e-31
6.34549e-32
-4.38871e-32
-1.26467e-31
-1.49882e-31
-1.0241e-31
-1.47604e-32
5.73476e-32
8.77675e-32
6.26244e-32
1.27914e-32
-2.25394e-32
-2.54614e-32
1.2904e-32
6.06089e-32
9.24134e-32
9.61305e-32
7.12714e-32
5.17082e-32
5.50816e-32
9.26629e-32
1.58364e-31
2.17296e-31
2.55544e-31
2.5868e-31
2.38432e-31
2.30009e-31
2.48013e-31
3.14892e-31
4.1474e-31
5.15664e-31
5.98009e-31
6.29616e-31
6.28492e-31
6.19647e-31
6.33778e-31
7.1337e-31
8.465e-31
1.02038e-30
1.19164e-30
1.30783e-30
1.35445e-30
1.33453e-30
1.2516e-30
1.32459e-30
1.5031e-30
2.50499e-30
4.56727e-30
7.8194e-30
1.43304e-29
1.66461e-29
1.90645e-29
1.62296e-30
-4.1498e-29
-9.32406e-29
-1.99199e-28
-1.90201e-28
-1.29766e-28
1.579e-28
8.01782e-28
1.1668e-27
1.80895e-27
1.04702e-27
-7.71177e-28
-3.04679e-27
-7.55349e-27
-7.22419e-27
-5.94215e-27
1.73692e-27
1.68646e-26
2.2656e-26
3.30365e-26
1.66357e-26
-1.36239e-26
-4.10205e-26
-9.0509e-26
-7.13361e-26
-4.22088e-26
3.1556e-26
1.5461e-25
1.62721e-25
1.91983e-25
5.42962e-26
-1.45615e-25
-2.41578e-25
-4.15727e-25
-2.3654e-25
-3.16592e-26
2.19138e-25
5.89179e-25
4.5514e-25
3.83018e-25
-3.71005e-26
-5.44018e-25
-5.80066e-25
-7.54269e-25
-2.54595e-25
2.23611e-25
5.06831e-25
9.15276e-25
5.06842e-25
2.23627e-25
-2.54581e-25
-7.54264e-25
-5.80071e-25
-5.44031e-25
-3.71144e-26
3.83009e-25
4.55138e-25
5.89184e-25
2.19146e-25
-3.16533e-26
-2.36537e-25
-4.15728e-25
-2.41583e-25
-1.4562e-25
5.42928e-26
1.91981e-25
1.62721e-25
1.54611e-25
3.15566e-26
-4.22088e-26
-7.13365e-26
-9.05094e-26
-4.10211e-26
-1.36244e-26
1.66351e-26
3.30358e-26
2.26554e-26
1.68641e-26
1.7365e-27
-5.94247e-27
-7.22442e-27
-7.55366e-27
-3.04699e-27
-7.71391e-28
1.04675e-27
1.80865e-27
1.16649e-27
8.01482e-28
1.57671e-28
-1.29918e-28
-1.90254e-28
-1.99189e-28
-9.32338e-29
-4.15399e-29
1.47073e-30
1.88248e-29
1.63688e-29
1.40888e-29
7.70004e-30
4.57848e-30
2.63012e-30
1.66943e-30
1.44373e-30
1.27944e-30
1.24483e-30
1.18167e-30
1.1122e-30
1.0274e-30
9.46583e-31
8.78687e-31
8.37548e-31
8.15328e-31
7.88391e-31
7.35588e-31
6.4245e-31
5.17913e-31
3.97395e-31
3.07792e-31
2.75693e-31
2.94217e-31
3.33871e-31
3.68815e-31
3.63097e-31
3.18851e-31
2.43715e-31
1.58123e-31
9.36393e-32
5.62597e-32
5.97053e-32
9.26327e-32
1.35272e-31
1.70611e-31
1.71673e-31
1.33815e-31
6.7051e-32
-6.00198e-33
-5.09935e-32
-4.53662e-32
4.70348e-33
8.06932e-32
1.39501e-31
1.46199e-31
1.0191e-31
1.34334e-32
-6.79251e-32
-1.05858e-31
-8.97837e-32
-1.49329e-32
6.68772e-32
1.24938e-31
1.31973e-31
7.50344e-32
-6.2683e-33
-8.62787e-32
-1.23316e-31
-9.56254e-32
-2.12853e-32
7.5668e-32
1.45978e-31
1.52869e-31
9.10814e-32
-1.91871e-32
-1.27625e-31
-1.79121e-31
-1.48907e-31
-4.50619e-32
8.54583e-32
1.77556e-31
1.9206e-31
1.19637e-31
-1.15781e-33
-1.12601e-31
-1.66727e-31
-1.42605e-31
-6.29568e-32
3.47615e-32
1.02505e-31
1.20494e-31
8.95234e-32
2.79222e-32
-2.81035e-32
-6.7069e-32
-6.94822e-32
-4.55469e-32
-1.00878e-32
2.85433e-32
4.12465e-32
3.85239e-32
1.3814e-32
-1.61979e-32
-2.57352e-32
-2.44593e-32
5.33543e-33
3.17763e-32
3.87714e-32
2.77514e-32
-1.70324e-32
-5.20955e-32
-6.83624e-32
-5.39223e-32
-1.87778e-33
4.3794e-32
7.59339e-32
7.24014e-32
3.43652e-32
-4.57559e-33
-3.979e-32
-5.0221e-32
-4.39172e-32
-4.09712e-32
-3.69869e-32
-3.86977e-32
-2.53066e-32
1.65501e-32
7.01881e-32
1.21056e-31
1.2471e-31
6.25717e-32
-4.42332e-32
-1.63562e-31
-2.21523e-31
-1.84781e-31
-6.19954e-32
1.08809e-31
2.31182e-31
2.54765e-31
1.59702e-31
-2.32259e-32
-1.92752e-31
-2.8598e-31
-2.48393e-31
-9.47482e-32
8.8946e-32
2.35224e-31
2.6117e-31
1.63489e-31
-1.30753e-33
-1.69475e-31
-2.45315e-31
-2.11485e-31
-9.03634e-32
6.51348e-32
1.65949e-31
1.88675e-31
1.26001e-31
1.51607e-32
-7.91783e-32
-1.37168e-31
-1.33399e-31
-8.89614e-32
-3.33592e-32
2.41836e-32
5.6687e-32
7.42356e-32
7.34171e-32
5.28041e-32
2.51387e-32
-1.60499e-32
-5.18401e-32
-7.76722e-32
-8.67673e-32
-7.30146e-32
-4.67068e-32
-7.32004e-33
3.01167e-32
6.25683e-32
7.79377e-32
7.00286e-32
4.24412e-32
-7.90163e-33
-5.38884e-32
-9.08888e-32
-1.006e-31
-7.67468e-32
-4.11442e-32
1.01661e-32
4.55614e-32
6.31088e-32
6.52981e-32
3.95523e-32
1.19378e-32
-2.57503e-32
-5.92252e-32
-7.37947e-32
-7.70959e-32
-5.13548e-32
-1.44473e-32
2.46233e-32
5.60792e-32
5.91825e-32
4.3261e-32
7.92264e-33
-3.09518e-32
-5.76472e-32
-6.89001e-32
-5.71407e-32
-3.12392e-32
1.09838e-33
2.87626e-32
4.19657e-32
3.60664e-32
1.57204e-32
-9.18428e-33
-2.83172e-32
-2.86151e-32
-2.01286e-32
-6.426e-33
-2.09558e-33
-1.51622e-32
-2.62935e-32
-3.32388e-32
-1.31716e-32
2.61501e-32
5.94285e-32
7.34923e-32
3.8827e-32
-2.2635e-32
-8.49501e-32
-1.15138e-31
-8.30317e-32
-1.22402e-32
7.24812e-32
1.20836e-31
1.06565e-31
4.22621e-32
-4.72861e-32
-1.05975e-31
-1.11429e-31
-6.11362e-32
1.90163e-32
7.859e-32
9.63747e-32
5.88892e-32
-7.28995e-33
-6.22391e-32
-8.29167e-32
-5.09318e-32
8.23321e-33
6.35888e-32
8.81269e-32
6.07842e-32
2.63875e-33
-6.16811e-32
-1.01237e-31
-9.03156e-32
-4.10155e-32
3.02461e-32
9.26914e-32
1.14988e-31
9.7112e-32
4.09305e-32
-3.08758e-32
-8.71739e-32
-1.18388e-31
-1.0746e-31
-6.16651e-32
8.05355e-34
6.98932e-32
1.14967e-31
1.26969e-31
9.95089e-32
3.22744e-32
-4.60613e-32
-1.16657e-31
-1.47874e-31
-1.22629e-31
-5.14614e-32
4.69957e-32
1.27661e-31
1.57493e-31
1.23068e-31
3.42563e-32
-6.58578e-32
-1.34607e-31
-1.40769e-31
-8.07976e-32
1.3151e-32
9.73814e-32
1.32996e-31
1.02244e-31
2.61445e-32
-5.87619e-32
-1.11701e-31
-1.03117e-31
-4.61689e-32
3.59795e-32
1.01e-31
1.12866e-31
7.84079e-32
4.17385e-33
-6.4544e-32
-9.3285e-32
-8.0856e-32
-1.87598e-32
4.60407e-32
8.87493e-32
9.71331e-32
5.4567e-32
3.26957e-33
-4.51583e-32
-6.76475e-32
-4.81528e-32
-1.51118e-32
2.99256e-32
6.06367e-32
6.62031e-32
5.80818e-32
3.37055e-32
1.17482e-32
-1.25938e-33
-8.39886e-33
-6.24197e-33
-3.65555e-33
-5.29556e-33
-3.92836e-33
-3.59607e-33
6.45911e-33
2.95638e-32
5.37914e-32
8.32874e-32
9.22204e-32
7.86468e-32
4.39458e-32
-1.36711e-32
-5.68465e-32
-8.21545e-32
-6.67614e-32
-1.27029e-32
5.20362e-32
1.15955e-31
1.40151e-31
1.25619e-31
7.44929e-32
1.15526e-32
-3.67395e-32
-5.65178e-32
-3.44757e-32
-2.98971e-33
4.6594e-32
6.78093e-32
6.92808e-32
6.31133e-32
1.91543e-32
1.06257e-32
-2.09768e-32
-2.63079e-32
-5.50656e-33
)
;

boundaryField
{
    left
    {
        type            calculated;
        value           uniform 0;
    }
    right
    {
        type            calculated;
        value           uniform 0;
    }
    empty
    {
        type            empty;
        value           nonuniform List<scalar> 0();
    }
}


// ************************************************************************* //
