/*--------------------------------*- C++ -*----------------------------------*\
| =========                 |                                                 |
| \\      /  F ield         | OpenFOAM: The Open Source CFD Toolbox           |
|  \\    /   O peration     | Version:  v1706                                 |
|   \\  /    A nd           | Web:      www.OpenFOAM.com                      |
|    \\/     M anipulation  |                                                 |
\*---------------------------------------------------------------------------*/
FoamFile
{
    version     2.0;
    format      ascii;
    class       surfaceScalarField;
    location    "0.0696";
    object      phi;
}
// * * * * * * * * * * * * * * * * * * * * * * * * * * * * * * * * * * * * * //

dimensions      [0 3 -1 0 0 0 0];
oriented        oriented;


internalField   nonuniform List<scalar> 
799
(
1.16158e-33
1.58588e-33
1.95358e-33
2.76175e-33
2.58362e-33
3.29357e-33
3.40548e-33
3.51901e-33
4.01809e-33
3.86103e-33
4.21559e-33
4.284e-33
4.28624e-33
4.53691e-33
4.44595e-33
4.58382e-33
4.61988e-33
4.58292e-33
4.66888e-33
4.60357e-33
4.62599e-33
4.61678e-33
4.56158e-33
4.55363e-33
4.48437e-33
4.43133e-33
4.3672e-33
4.2804e-33
4.20394e-33
4.11381e-33
4.02489e-33
3.93521e-33
3.84434e-33
3.75763e-33
3.67281e-33
3.59081e-33
3.50655e-33
3.42755e-33
3.35759e-33
3.29731e-33
3.25041e-33
3.21031e-33
3.17619e-33
3.15207e-33
3.13088e-33
3.11428e-33
3.10084e-33
3.09696e-33
3.09903e-33
3.10443e-33
3.11233e-33
3.12287e-33
3.13716e-33
3.15296e-33
3.17026e-33
3.20111e-33
3.22593e-33
3.25753e-33
3.28772e-33
3.30982e-33
3.33544e-33
3.35928e-33
3.38501e-33
3.40767e-33
3.42783e-33
3.44591e-33
3.45847e-33
3.47256e-33
3.48695e-33
3.50772e-33
3.53582e-33
3.57004e-33
3.61062e-33
3.65444e-33
3.70187e-33
3.75876e-33
3.82101e-33
3.88797e-33
3.95765e-33
4.0264e-33
4.09298e-33
4.16031e-33
4.22952e-33
4.29573e-33
4.35441e-33
4.42042e-33
4.47741e-33
4.53675e-33
4.59389e-33
4.64996e-33
4.70524e-33
4.76343e-33
4.81812e-33
4.87746e-33
4.93971e-33
5.00817e-33
5.07964e-33
5.14434e-33
5.20556e-33
5.25183e-33
5.28994e-33
5.31969e-33
5.33955e-33
5.35051e-33
5.35426e-33
5.35292e-33
5.34503e-33
5.3365e-33
5.32718e-33
5.31626e-33
5.30681e-33
5.29353e-33
5.28446e-33
5.27242e-33
5.26621e-33
5.25928e-33
5.24966e-33
5.23706e-33
5.22832e-33
5.2238e-33
5.22082e-33
5.22688e-33
5.23796e-33
5.25573e-33
5.27398e-33
5.28951e-33
5.30261e-33
5.31883e-33
5.34126e-33
5.36552e-33
5.38875e-33
5.41386e-33
5.44602e-33
5.47987e-33
5.51749e-33
5.55614e-33
5.59573e-33
5.63382e-33
5.67397e-33
5.71309e-33
5.75541e-33
5.79961e-33
5.84343e-33
5.89162e-33
5.93768e-33
5.98415e-33
6.02835e-33
6.06922e-33
6.10872e-33
6.14661e-33
6.17802e-33
6.21112e-33
6.24416e-33
6.27281e-33
6.30291e-33
6.33121e-33
6.35594e-33
6.38463e-33
6.40804e-33
6.42873e-33
6.44735e-33
6.4694e-33
6.49324e-33
6.51882e-33
6.54346e-33
6.56603e-33
6.58352e-33
6.60017e-33
6.6106e-33
6.62358e-33
6.62857e-33
6.63346e-33
6.63957e-33
6.64295e-33
6.64794e-33
6.65048e-33
6.65123e-33
6.64295e-33
6.62941e-33
6.61324e-33
6.58277e-33
6.54666e-33
6.50156e-33
6.45036e-33
6.38717e-33
6.32867e-33
6.26736e-33
6.20849e-33
6.15358e-33
6.09983e-33
6.05624e-33
6.01345e-33
5.97414e-33
5.93709e-33
5.90095e-33
5.86863e-33
5.84098e-33
5.81052e-33
5.78146e-33
5.75176e-33
5.71668e-33
5.68218e-33
5.64675e-33
5.62177e-33
5.607e-33
5.6094e-33
5.62277e-33
5.64784e-33
5.68885e-33
5.74243e-33
5.80591e-33
5.87108e-33
5.95007e-33
6.03809e-33
6.13288e-33
6.23294e-33
6.33488e-33
6.43381e-33
6.52559e-33
6.60534e-33
6.67502e-33
6.73398e-33
6.79718e-33
6.86376e-33
6.92959e-33
6.9933e-33
7.05922e-33
7.12876e-33
7.19703e-33
7.26512e-33
7.32455e-33
7.38474e-33
7.44492e-33
7.49552e-33
7.54272e-33
7.57808e-33
7.60799e-33
7.62905e-33
7.63676e-33
7.63644e-33
7.62086e-33
7.5931e-33
7.55472e-33
7.52051e-33
7.47882e-33
7.43254e-33
7.37738e-33
7.31739e-33
7.24885e-33
7.16918e-33
7.0788e-33
6.97615e-33
6.86327e-33
6.74058e-33
6.60805e-33
6.46952e-33
6.32604e-33
6.18026e-33
6.03358e-33
5.89214e-33
5.73561e-33
5.58821e-33
5.44828e-33
5.31164e-33
5.18196e-33
5.07437e-33
4.98184e-33
4.89156e-33
4.80448e-33
4.72657e-33
4.65421e-33
4.58763e-33
4.52405e-33
4.46387e-33
4.40782e-33
4.3514e-33
4.29723e-33
4.24156e-33
4.17987e-33
4.10746e-33
4.04135e-33
3.97544e-33
3.91195e-33
3.85073e-33
3.79393e-33
3.74296e-33
3.68877e-33
3.63463e-33
3.58704e-33
3.54097e-33
3.49611e-33
3.44725e-33
3.39948e-33
3.35193e-33
3.30205e-33
3.25293e-33
3.20253e-33
3.1523e-33
3.10801e-33
3.06625e-33
3.02281e-33
2.98143e-33
2.93704e-33
2.89491e-33
2.85429e-33
2.81291e-33
2.77906e-33
2.75348e-33
2.74229e-33
2.73198e-33
2.73392e-33
2.73693e-33
2.75047e-33
2.76288e-33
2.78094e-33
2.79866e-33
2.82965e-33
2.85748e-33
2.90252e-33
2.94571e-33
2.99942e-33
3.06419e-33
3.13218e-33
3.21184e-33
3.28179e-33
3.3704e-33
3.43727e-33
3.53631e-33
3.59193e-33
3.69256e-33
3.72848e-33
3.82196e-33
3.82628e-33
3.89719e-33
3.93161e-33
3.79769e-33
4.53496e-33
2.38183e-33
7.84516e-33
-3.51106e-33
1.49365e-32
-5.75672e-33
-5.86506e-33
6.88339e-32
-1.64811e-31
3.22444e-31
-3.99842e-31
2.69755e-31
4.17853e-31
-1.88395e-30
3.88598e-30
-5.67389e-30
4.90675e-30
1.01684e-30
-1.35115e-29
3.19302e-29
-4.6023e-29
4.24348e-29
-3.96036e-30
-8.03102e-29
1.84942e-28
-2.6625e-28
2.37375e-28
-1.90628e-29
-3.72473e-28
8.54259e-28
-1.13819e-27
9.12219e-28
-1.63168e-29
-1.53368e-27
3.0622e-27
-3.71897e-27
2.66717e-27
5.96657e-28
-4.98431e-27
8.81645e-27
-9.62395e-27
5.34866e-27
3.11199e-27
-1.34535e-26
2.04359e-26
-1.89328e-26
7.97097e-27
1.08526e-26
-2.90662e-26
3.72787e-26
-3.00709e-26
5.71685e-27
2.53607e-26
-4.99042e-26
5.58164e-26
-3.51218e-26
-3.10087e-27
4.44996e-26
-7.02061e-26
6.46624e-26
-3.15728e-26
-1.79829e-26
6.13596e-26
-7.71868e-26
6.13595e-26
-1.79826e-26
-3.15731e-26
6.46626e-26
-7.02061e-26
4.44995e-26
-3.10065e-27
-3.5122e-26
5.58164e-26
-4.99042e-26
2.53606e-26
5.71702e-27
-3.0071e-26
3.72787e-26
-2.90662e-26
1.08525e-26
7.97107e-27
-1.89329e-26
2.04359e-26
-1.34535e-26
3.11194e-27
5.3487e-27
-9.62397e-27
8.81645e-27
-4.9843e-27
5.9664e-28
2.66719e-27
-3.71898e-27
3.0622e-27
-1.53368e-27
-1.63223e-29
9.1222e-28
-1.13819e-27
8.54256e-28
-3.72474e-28
-1.90654e-29
2.37374e-28
-2.66252e-28
1.84939e-28
-8.03123e-29
-3.9631e-30
4.24319e-29
-4.60258e-29
3.1927e-29
-1.35148e-29
1.01349e-30
4.90323e-30
-5.67741e-30
3.8823e-30
-1.88766e-30
4.14091e-31
2.6595e-31
-4.0369e-31
3.1856e-31
-1.68726e-31
6.49001e-32
-9.83202e-33
-9.74005e-33
1.09251e-32
-7.53069e-33
3.81086e-33
-1.64908e-33
4.95024e-34
-2.49299e-34
-1.2338e-34
-1.44445e-34
-1.98517e-34
-1.61372e-34
-1.91465e-34
-1.44445e-34
-1.48959e-34
-1.02315e-34
-8.93376e-35
-4.96529e-35
-3.15973e-35
5.78343e-36
3.23496e-35
6.73323e-35
9.93058e-35
1.27894e-34
1.54225e-34
1.69459e-34
1.90806e-34
2.03031e-34
2.16103e-34
2.23438e-34
2.272e-34
2.26071e-34
2.24613e-34
2.17796e-34
2.15162e-34
2.00093e-34
1.91088e-34
1.73385e-34
1.57986e-34
1.33912e-34
1.05606e-34
7.19167e-35
3.62111e-35
-2.89759e-36
-3.94261e-35
-8.0874e-35
-1.22251e-34
-1.69271e-34
-2.26823e-34
-2.761e-34
-3.32524e-34
-3.7992e-34
-4.2567e-34
-4.64932e-34
-4.99914e-34
-5.33016e-34
-5.58219e-34
-5.80788e-34
-5.94612e-34
-6.05773e-34
-6.08436e-34
-5.98844e-34
-5.81541e-34
-5.53705e-34
-5.17594e-34
-4.78473e-34
-4.38412e-34
-3.97223e-34
-3.52084e-34
-3.07509e-34
-2.63311e-34
-2.19841e-34
-1.85822e-34
-1.54601e-34
-1.27141e-34
-1.12706e-34
-1.03898e-34
-1.05653e-34
-1.22384e-34
-1.42154e-34
-1.65016e-34
-1.87252e-34
-2.1588e-34
-2.41454e-34
-2.69434e-34
-2.95651e-34
-3.21355e-34
-3.44975e-34
-3.7054e-34
-3.93264e-34
-4.14455e-34
-4.33523e-34
-4.49998e-34
-4.58067e-34
-4.69187e-34
-4.81153e-34
-4.9352e-34
-5.0424e-34
-5.19851e-34
-5.37154e-34
-5.55209e-34
-5.79284e-34
-6.10881e-34
-6.5602e-34
-7.01159e-34
-7.64165e-34
-8.23034e-34
-8.83031e-34
-9.40207e-34
-9.98136e-34
-1.05475e-33
-1.11115e-33
-1.17211e-33
-1.23098e-33
-1.2842e-33
-1.33762e-33
-1.38728e-33
-1.43467e-33
-1.47172e-33
-1.50651e-33
-1.5344e-33
-1.5466e-33
-1.54995e-33
-1.54245e-33
-1.52469e-33
-1.4982e-33
-1.46438e-33
-1.42346e-33
-1.37432e-33
-1.32387e-33
-1.2629e-33
-1.19931e-33
-1.13194e-33
-1.06288e-33
-9.92958e-34
-9.141e-34
-8.33849e-34
-7.50436e-34
-6.61662e-34
-5.68751e-34
-4.84492e-34
-3.98728e-34
-3.11459e-34
-2.30021e-34
-1.59491e-34
-1.02315e-34
-5.19098e-35
-1.35417e-35
1.50463e-35
3.05629e-35
3.64873e-35
3.50062e-35
3.06158e-35
2.73038e-35
1.89784e-35
9.40983e-36
-8.69866e-37
-1.54225e-35
-2.09708e-35
-2.8588e-35
-2.18172e-35
7.52316e-37
2.55788e-35
6.14078e-35
1.01845e-34
1.49147e-34
2.08133e-34
2.70834e-34
3.46066e-34
4.25811e-34
5.10071e-34
5.9433e-34
6.73511e-34
7.44793e-34
8.1852e-34
8.86675e-34
9.62965e-34
1.02917e-33
1.09387e-33
1.14653e-33
1.18678e-33
1.2196e-33
1.24144e-33
1.25136e-33
1.25787e-33
1.25637e-33
1.25035e-33
1.23606e-33
1.22477e-33
1.21311e-33
1.2022e-33
1.19468e-33
1.19336e-33
1.19317e-33
1.19468e-33
1.19722e-33
1.19759e-33
1.1991e-33
1.1984e-33
1.20401e-33
1.20582e-33
1.20729e-33
1.20782e-33
1.20803e-33
1.21057e-33
1.20822e-33
1.20822e-33
1.20822e-33
1.20371e-33
1.20446e-33
1.20756e-33
1.21179e-33
1.22278e-33
1.2393e-33
1.26051e-33
1.29333e-33
1.33461e-33
1.37674e-33
1.42113e-33
1.46514e-33
1.51065e-33
1.55729e-33
1.6029e-33
1.64268e-33
1.66786e-33
1.68445e-33
1.68566e-33
1.67983e-33
1.66925e-33
1.65025e-33
1.625e-33
1.59265e-33
1.55278e-33
1.50313e-33
1.45348e-33
1.40044e-33
1.3489e-33
1.30452e-33
1.26861e-33
1.23455e-33
1.20521e-33
1.18734e-33
1.17361e-33
1.17512e-33
1.18095e-33
1.19346e-33
1.21292e-33
1.23249e-33
1.25855e-33
1.27785e-33
1.29436e-33
1.30516e-33
1.30303e-33
1.29247e-33
1.27408e-33
1.24247e-33
1.21424e-33
1.17618e-33
1.13716e-33
1.09593e-33
1.05326e-33
1.01429e-33
9.70153e-34
9.34032e-34
9.00227e-34
8.68702e-34
8.45122e-34
8.27407e-34
8.15887e-34
8.09492e-34
8.03474e-34
8.04979e-34
8.30557e-34
8.51622e-34
8.89238e-34
9.26854e-34
9.6146e-34
1.00359e-33
1.03669e-33
1.05907e-33
1.06989e-33
1.07142e-33
1.05895e-33
1.04473e-33
1.02401e-33
1.00103e-33
9.71852e-34
9.37762e-34
8.98266e-34
8.52939e-34
8.03286e-34
7.50812e-34
6.87617e-34
6.28936e-34
5.68751e-34
5.07625e-34
4.45371e-34
3.78603e-34
3.13951e-34
2.52026e-34
1.92593e-34
1.43692e-34
9.32872e-35
4.81482e-35
1.20371e-35
-2.68013e-35
-5.2333e-35
-7.40091e-35
-9.30992e-35
-9.10303e-35
-9.93058e-35
-7.3727e-35
-6.11698e-35
-3.15973e-35
4.36344e-35
4.90886e-35
1.57986e-34
2.02373e-34
2.30961e-34
4.21297e-34
3.35533e-34
5.7176e-34
6.28184e-34
5.84926e-34
1.04422e-33
7.3285e-34
1.18716e-33
1.32257e-33
9.84782e-34
1.97803e-33
1.17625e-33
1.85521e-33
2.24834e-33
1.21273e-33
3.15004e-33
1.61203e-33
2.56088e-33
3.37221e-33
1.52118e-33
4.29723e-33
2.21783e-33
2.76552e-33
3.09785e-33
)
;

boundaryField
{
    left
    {
        type            calculated;
        value           uniform 0;
    }
    right
    {
        type            calculated;
        value           uniform 0;
    }
    empty
    {
        type            empty;
        value           nonuniform 0();
    }
}


// ************************************************************************* //
