/*--------------------------------*- C++ -*----------------------------------*\
| =========                 |                                                 |
| \\      /  F ield         | OpenFOAM: The Open Source CFD Toolbox           |
|  \\    /   O peration     | Version:  2106                                  |
|   \\  /    A nd           | Website:  www.openfoam.com                      |
|    \\/     M anipulation  |                                                 |
\*---------------------------------------------------------------------------*/
FoamFile
{
    version     2.0;
    format      ascii;
    arch        "LSB;label=32;scalar=64";
    class       surfaceScalarField;
    location    "0.049";
    object      phi;
}
// * * * * * * * * * * * * * * * * * * * * * * * * * * * * * * * * * * * * * //

dimensions      [0 3 -1 0 0 0 0];

oriented        oriented;

internalField   nonuniform List<scalar> 
799
(
1.86529e-32
4.72981e-32
6.12987e-32
5.12643e-32
2.68237e-32
-3.92047e-32
-9.79742e-32
-1.43244e-31
-1.52694e-31
-1.14336e-31
-5.79485e-32
4.90708e-33
4.39489e-32
5.42466e-32
3.32014e-32
-5.50188e-33
-5.58836e-32
-1.07744e-31
-1.47239e-31
-1.74397e-31
-1.65428e-31
-1.28506e-31
-6.65168e-32
5.05858e-33
4.6442e-32
5.63128e-32
1.54007e-32
-5.44918e-32
-1.20084e-31
-1.7199e-31
-1.74172e-31
-1.46232e-31
-9.9287e-32
-4.36471e-32
-1.8192e-32
-6.56934e-33
-2.32472e-32
-6.06489e-32
-9.00553e-32
-1.26298e-31
-1.34832e-31
-1.21942e-31
-9.80832e-32
-5.0992e-32
-2.53857e-32
-1.47349e-32
-3.03033e-32
-7.89355e-32
-1.18579e-31
-1.54571e-31
-1.56216e-31
-1.22099e-31
-7.86579e-32
-2.41016e-32
5.56526e-34
-5.36326e-33
-3.82357e-32
-9.71075e-32
-1.42302e-31
-1.6725e-31
-1.53892e-31
-1.00562e-31
-3.82875e-32
1.68073e-32
2.97737e-32
-1.08251e-32
-8.44851e-32
-1.67873e-31
-2.13179e-31
-1.95542e-31
-1.2405e-31
-2.21888e-32
5.43673e-32
7.10142e-32
2.40516e-32
-6.96073e-32
-1.55991e-31
-2.00492e-31
-1.88854e-31
-1.29465e-31
-6.30812e-32
-1.39325e-32
1.57667e-33
-1.32837e-32
-3.72587e-32
-6.30577e-32
-8.24915e-32
-1.0049e-31
-1.20655e-31
-1.32782e-31
-1.30684e-31
-9.94322e-32
-4.67489e-32
6.77386e-33
3.95448e-32
2.07594e-32
-3.77313e-32
-1.19412e-31
-1.88679e-31
-2.01953e-31
-1.66592e-31
-8.07326e-32
1.01773e-32
6.34932e-32
7.26061e-32
1.47409e-32
-6.44438e-32
-1.38157e-31
-1.82009e-31
-1.64933e-31
-1.21022e-31
-5.81934e-32
-1.14894e-32
-2.84376e-33
-1.42272e-32
-4.47944e-32
-6.15876e-32
-5.90439e-32
-4.62621e-32
-3.23296e-32
-4.22114e-32
-7.26668e-32
-1.14162e-31
-1.44947e-31
-1.43488e-31
-1.08779e-31
-4.93813e-32
1.01066e-32
4.79492e-32
5.33362e-32
2.34155e-32
-2.89386e-32
-8.98792e-32
-1.45184e-31
-1.77035e-31
-1.79758e-31
-1.4603e-31
-8.18802e-32
-8.12949e-33
5.66566e-32
8.19505e-32
5.93908e-32
-3.81434e-33
-8.80092e-32
-1.52854e-31
-1.79353e-31
-1.55865e-31
-9.56284e-32
-3.29193e-32
1.03699e-32
1.11318e-32
-2.34663e-32
-7.05002e-32
-1.07626e-31
-1.08186e-31
-7.53249e-32
-2.45605e-32
1.71242e-32
1.99003e-32
-2.01771e-32
-9.13263e-32
-1.58202e-31
-1.85177e-31
-1.54311e-31
-7.41609e-32
1.51499e-32
7.31899e-32
6.52221e-32
-1.33611e-33
-9.13538e-32
-1.62183e-31
-1.6914e-31
-1.22813e-31
-4.54166e-32
1.7198e-32
2.3537e-32
-1.25058e-32
-8.14623e-32
-1.31148e-31
-1.33398e-31
-9.72538e-32
-2.63926e-32
2.29517e-32
3.62656e-32
7.05974e-33
-6.04486e-32
-1.16561e-31
-1.53169e-31
-1.45647e-31
-9.87611e-32
-4.36073e-32
1.21121e-32
3.49e-32
2.60979e-32
-5.73792e-33
-5.45979e-32
-9.25454e-32
-1.17149e-31
-1.21343e-31
-1.04182e-31
-7.82191e-32
-4.33274e-32
-1.02375e-32
1.15481e-32
1.80029e-32
-1.34035e-33
-4.12086e-32
-8.77622e-32
-1.24546e-31
-1.27846e-31
-9.40185e-32
-3.61065e-32
2.09129e-32
4.17566e-32
1.30775e-32
-5.49296e-32
-1.30409e-31
-1.67858e-31
-1.42059e-31
-5.96587e-32
4.30769e-32
1.09652e-31
9.96247e-32
1.29752e-32
-1.16232e-31
-2.21076e-31
-2.46134e-31
-1.79246e-31
-4.31529e-32
9.06872e-32
1.58966e-31
1.33748e-31
2.00878e-32
-1.16635e-31
-2.16841e-31
-2.38587e-31
-1.69363e-31
-5.73837e-32
5.1487e-32
1.08696e-31
8.99868e-32
1.99537e-32
-7.23695e-32
-1.41878e-31
-1.59882e-31
-1.29163e-31
-6.67651e-32
-7.00632e-33
2.10814e-32
8.06483e-33
-3.182e-32
-7.44342e-32
-8.92706e-32
-6.5614e-32
-2.23017e-32
1.86556e-32
2.11491e-32
-2.23122e-32
-8.71543e-32
-1.45652e-31
-1.54244e-31
-1.05211e-31
-2.44112e-32
5.55556e-32
8.78405e-32
6.0083e-32
-5.26918e-33
-8.06393e-32
-1.23982e-31
-1.20957e-31
-8.92503e-32
-4.14659e-32
-8.34775e-33
3.24023e-33
7.28778e-33
1.04779e-33
2.69931e-33
5.25418e-33
-1.00961e-33
-5.91737e-33
-1.73149e-32
-1.88004e-32
-8.65615e-33
1.73809e-33
1.14074e-32
7.03171e-33
-4.72109e-34
5.27957e-33
3.60803e-32
9.36365e-32
1.54253e-31
1.86761e-31
1.66761e-31
1.01844e-31
2.38571e-32
-1.55304e-32
1.86394e-32
1.19916e-31
2.54782e-31
3.57066e-31
3.88502e-31
3.46597e-31
2.63621e-31
2.07053e-31
2.11374e-31
2.88397e-31
4.07494e-31
5.13041e-31
5.78985e-31
5.91536e-31
5.81668e-31
5.88663e-31
6.30528e-31
7.1623e-31
8.13923e-31
8.9846e-31
9.5775e-31
9.91395e-31
1.03336e-30
1.10137e-30
1.20679e-30
1.34362e-30
1.47704e-30
1.59322e-30
1.6778e-30
1.74258e-30
1.82283e-30
1.9332e-30
2.09621e-30
2.29598e-30
2.50065e-30
2.69059e-30
2.83367e-30
2.9479e-30
3.05829e-30
3.19552e-30
3.40208e-30
3.666e-30
3.97445e-30
4.284e-30
4.54214e-30
4.7343e-30
4.86342e-30
4.93292e-30
5.16163e-30
5.49902e-30
6.66282e-30
8.88987e-30
1.23095e-29
1.89905e-29
2.14786e-29
2.40716e-29
6.80663e-30
-3.61361e-29
-8.76988e-29
-1.93476e-28
-1.84296e-28
-1.23678e-28
1.64171e-28
8.08237e-28
1.17344e-27
1.81577e-27
1.05402e-27
-7.63989e-28
-3.03942e-27
-7.54594e-27
-7.21646e-27
-5.93425e-27
1.74499e-27
1.68729e-26
2.26644e-26
3.30451e-26
1.66445e-26
-1.3615e-26
-4.10114e-26
-9.04998e-26
-7.13268e-26
-4.21993e-26
3.15656e-26
1.5462e-25
1.62731e-25
1.91993e-25
5.43063e-26
-1.45605e-25
-2.41568e-25
-4.15716e-25
-2.36529e-25
-3.16486e-26
2.19149e-25
5.8919e-25
4.55151e-25
3.83029e-25
-3.70896e-26
-5.44008e-25
-5.80055e-25
-7.54258e-25
-2.54584e-25
2.23622e-25
5.06842e-25
9.15287e-25
5.06853e-25
2.23638e-25
-2.5457e-25
-7.54253e-25
-5.8006e-25
-5.4402e-25
-3.71036e-26
3.8302e-25
4.55149e-25
5.89194e-25
2.19156e-25
-3.16428e-26
-2.36527e-25
-4.15718e-25
-2.41572e-25
-1.4561e-25
5.43027e-26
1.91991e-25
1.62731e-25
1.5462e-25
3.15661e-26
-4.21994e-26
-7.13273e-26
-9.05004e-26
-4.10122e-26
-1.36157e-26
1.66437e-26
3.30443e-26
2.26636e-26
1.68721e-26
1.74441e-27
-5.93474e-27
-7.21686e-27
-7.54629e-27
-3.03979e-27
-7.64373e-28
1.05359e-27
1.81531e-27
1.17297e-27
8.07777e-28
1.63784e-28
-1.23985e-28
-1.84501e-28
-1.93615e-28
-8.78371e-29
-3.63193e-29
6.51693e-30
2.36985e-29
2.1072e-29
1.86239e-29
1.20693e-29
8.78459e-30
6.67585e-30
5.55771e-30
5.1776e-30
4.86207e-30
4.6795e-30
4.47177e-30
4.26119e-30
4.03884e-30
3.82409e-30
3.62593e-30
3.45826e-30
3.31325e-30
3.16731e-30
2.99928e-30
2.79472e-30
2.56254e-30
2.33816e-30
2.14845e-30
2.01997e-30
1.94579e-30
1.89639e-30
1.84586e-30
1.7582e-30
1.63548e-30
1.48528e-30
1.32794e-30
1.19497e-30
1.09227e-30
1.03348e-30
1.00718e-30
9.93506e-31
9.75355e-31
9.25664e-31
8.39692e-31
7.27364e-31
6.11197e-31
5.25458e-31
4.92606e-31
5.06381e-31
5.48169e-31
5.74764e-31
5.51171e-31
4.78404e-31
3.63184e-31
2.5674e-31
1.95295e-31
1.89354e-31
2.43608e-31
3.06162e-31
3.46241e-31
3.36496e-31
2.63913e-31
1.68037e-31
7.44631e-32
2.48137e-32
4.07876e-32
1.04249e-31
1.91109e-31
2.52062e-31
2.50288e-31
1.80478e-31
6.27974e-32
-5.24901e-32
-1.10305e-31
-8.59326e-32
1.25366e-32
1.38102e-31
2.25644e-31
2.35954e-31
1.59663e-31
3.53228e-32
-7.93784e-32
-1.36493e-31
-1.15119e-31
-3.7992e-32
5.74228e-32
1.23049e-31
1.39106e-31
1.06363e-31
4.31431e-32
-1.43647e-32
-5.46844e-32
-5.83444e-32
-3.55543e-32
-1.13901e-33
3.65432e-32
4.83845e-32
4.48674e-32
1.94278e-32
-1.12548e-32
-2.14038e-32
-2.06887e-32
8.59296e-33
3.45569e-32
4.11066e-32
2.96796e-32
-1.54797e-32
-5.08906e-32
-6.74777e-32
-5.33362e-32
-1.57084e-33
4.38444e-32
7.57461e-32
7.19854e-32
3.37363e-32
-5.40615e-33
-4.08086e-32
-5.14175e-32
-4.52819e-32
-4.24916e-32
-3.86525e-32
-4.05032e-32
-2.72396e-32
1.44941e-32
6.8015e-32
1.18771e-31
1.22318e-31
6.00755e-32
-4.68287e-32
-1.66254e-31
-2.24302e-31
-1.87646e-31
-6.49516e-32
1.05768e-31
2.28057e-31
2.51558e-31
1.56416e-31
-2.65891e-32
-1.9619e-31
-2.89491e-31
-2.51983e-31
-9.8412e-32
8.52141e-32
2.31425e-31
2.57307e-31
1.59563e-31
-5.29443e-33
-1.73522e-31
-2.49417e-31
-2.15647e-31
-9.45846e-32
6.08586e-32
1.61619e-31
1.84296e-31
1.21576e-31
1.06919e-32
-8.36967e-32
-1.41736e-31
-1.38018e-31
-9.3628e-32
-3.80702e-32
1.94314e-32
5.18963e-32
6.94095e-32
6.85601e-32
4.79146e-32
2.022e-32
-2.10009e-32
-5.68187e-32
-8.26736e-32
-9.1789e-32
-7.80562e-32
-5.17684e-32
-1.23997e-32
2.50251e-32
5.74604e-32
7.28238e-32
6.49114e-32
3.73179e-32
-1.30288e-32
-5.90192e-32
-9.60163e-32
-1.05722e-31
-8.18641e-32
-4.62479e-32
5.07437e-33
4.04865e-32
5.80532e-32
6.02636e-32
3.45426e-32
6.95592e-33
-3.0702e-32
-6.41429e-32
-7.86772e-32
-8.19393e-32
-5.61559e-32
-1.92019e-32
1.99198e-32
5.14283e-32
5.45918e-32
3.87302e-32
3.44486e-33
-3.53784e-32
-6.20202e-32
-7.32124e-32
-6.13922e-32
-3.54221e-32
-3.0135e-33
2.47241e-32
3.8004e-32
3.2182e-32
1.19107e-32
-1.29143e-32
-3.19644e-32
-3.21796e-32
-2.36133e-32
-9.82647e-33
-5.4131e-33
-1.83971e-32
-2.94442e-32
-3.63053e-32
-1.61507e-32
2.32612e-32
5.66359e-32
7.0796e-32
3.6224e-32
-2.51423e-32
-8.73635e-32
-1.17456e-31
-8.52578e-32
-1.43707e-32
7.04469e-32
1.1889e-31
1.04703e-31
4.04852e-32
-4.89758e-32
-1.0758e-31
-1.12949e-31
-6.25717e-32
1.76659e-32
7.73261e-32
9.51981e-32
5.77974e-32
-8.29655e-33
-6.31615e-32
-8.37527e-32
-5.16811e-32
7.57237e-33
6.302e-32
8.76514e-32
6.04012e-32
2.34629e-33
-6.18833e-32
-1.01349e-31
-9.03382e-32
-4.09499e-32
3.04011e-32
9.29382e-32
1.15331e-31
9.75521e-32
4.14744e-32
-3.02318e-32
-8.64306e-32
-1.17545e-31
-1.0652e-31
-6.06262e-32
1.94403e-33
7.11293e-32
1.16307e-31
1.28415e-31
1.01065e-31
3.39453e-32
-4.42678e-32
-1.14736e-31
-1.45821e-31
-1.20446e-31
-4.91443e-32
4.94498e-32
1.30253e-31
1.60228e-31
1.25947e-31
3.72845e-32
-6.26755e-32
-1.31273e-31
-1.37272e-31
-7.71417e-32
1.69693e-32
1.01366e-31
1.3715e-31
1.06567e-31
3.06411e-32
-5.409e-32
-1.06851e-31
-9.809e-32
-4.09636e-32
4.13654e-32
1.06561e-31
1.18604e-31
8.43286e-32
1.02699e-32
-5.82703e-32
-8.68346e-32
-7.42265e-32
-1.19588e-32
5.30029e-32
9.58692e-32
1.04405e-31
6.19879e-32
1.08334e-32
-3.74593e-32
-5.98114e-32
-4.01918e-32
-7.03265e-33
3.81154e-32
6.89287e-32
7.45846e-32
6.65409e-32
4.2233e-32
2.03325e-32
7.36969e-33
2.61806e-34
2.43431e-33
5.02557e-33
3.37865e-33
4.72027e-33
5.01494e-33
1.50175e-32
3.80559e-32
6.22008e-32
9.15975e-32
1.00416e-31
8.67101e-32
5.18639e-32
-5.91452e-33
-4.92677e-32
-7.47697e-32
-5.95897e-32
-5.75898e-33
5.87397e-32
1.22402e-31
1.46326e-31
1.31514e-31
8.00901e-32
1.68368e-32
-3.17766e-32
-5.18895e-32
-3.01912e-32
9.36634e-34
5.01539e-32
7.09991e-32
7.2093e-32
6.55388e-32
2.1191e-32
1.22613e-32
-1.97445e-32
-2.54834e-32
-5.09487e-33
)
;

boundaryField
{
    left
    {
        type            calculated;
        value           uniform 0;
    }
    right
    {
        type            calculated;
        value           uniform 0;
    }
    empty
    {
        type            empty;
        value           nonuniform List<scalar> 0();
    }
}


// ************************************************************************* //
