/*--------------------------------*- C++ -*----------------------------------*\
| =========                 |                                                 |
| \\      /  F ield         | OpenFOAM: The Open Source CFD Toolbox           |
|  \\    /   O peration     | Version:  2106                                  |
|   \\  /    A nd           | Website:  www.openfoam.com                      |
|    \\/     M anipulation  |                                                 |
\*---------------------------------------------------------------------------*/
FoamFile
{
    version     2.0;
    format      ascii;
    arch        "LSB;label=32;scalar=64";
    class       volScalarField;
    location    "0.02";
    object      rho;
}
// * * * * * * * * * * * * * * * * * * * * * * * * * * * * * * * * * * * * * //

dimensions      [1 -3 0 0 0 0 0];

internalField   nonuniform List<scalar> 
800
(
1.00435
1.00435
1.00435
1.00435
1.00435
1.00435
1.00435
1.00435
1.00435
1.00435
1.00435
1.00435
1.00435
1.00435
1.00435
1.00435
1.00435
1.00435
1.00435
1.00435
1.00435
1.00435
1.00435
1.00435
1.00435
1.00435
1.00435
1.00435
1.00435
1.00435
1.00435
1.00435
1.00435
1.00435
1.00435
1.00435
1.00435
1.00435
1.00435
1.00435
1.00435
1.00435
1.00435
1.00435
1.00435
1.00435
1.00435
1.00435
1.00435
1.00435
1.00435
1.00435
1.00435
1.00435
1.00435
1.00435
1.00435
1.00435
1.00435
1.00435
1.00435
1.00435
1.00435
1.00435
1.00435
1.00435
1.00435
1.00435
1.00435
1.00435
1.00435
1.00435
1.00435
1.00435
1.00435
1.00435
1.00435
1.00435
1.00435
1.00435
1.00435
1.00435
1.00435
1.00435
1.00435
1.00435
1.00435
1.00435
1.00435
1.00435
1.00435
1.00435
1.00435
1.00435
1.00435
1.00435
1.00435
1.00435
1.00435
1.00435
1.00435
1.00435
1.00435
1.00435
1.00435
1.00435
1.00435
1.00435
1.00435
1.00435
1.00435
1.00435
1.00435
1.00435
1.00435
1.00435
1.00435
1.00435
1.00435
1.00435
1.00435
1.00435
1.00435
1.00435
1.00435
1.00435
1.00435
1.00435
1.00435
1.00435
1.00435
1.00435
1.00435
1.00435
1.00435
1.00435
1.00435
1.00435
1.00435
1.00435
1.00435
1.00435
1.00435
1.00435
1.00435
1.00435
1.00435
1.00435
1.00435
1.00435
1.00435
1.00435
1.00435
1.00435
1.00435
1.00435
1.00435
1.00435
1.00435
1.00435
1.00435
1.00435
1.00435
1.00435
1.00435
1.00435
1.00435
1.00435
1.00435
1.00435
1.00435
1.00435
1.00435
1.00435
1.00435
1.00435
1.00435
1.00435
1.00435
1.00435
1.00435
1.00435
1.00435
1.00435
1.00435
1.00435
1.00435
1.00435
1.00435
1.00435
1.00435
1.00435
1.00435
1.00435
1.00435
1.00435
1.00435
1.00435
1.00435
1.00435
1.00435
1.00435
1.00435
1.00435
1.00435
1.00435
1.00435
1.00435
1.00435
1.00435
1.00435
1.00435
1.00435
1.00435
1.00435
1.00435
1.00435
1.00435
1.00435
1.00435
1.00435
1.00435
1.00435
1.00435
1.00435
1.00435
1.00435
1.00435
1.00435
1.00435
1.00435
1.00435
1.00435
1.00435
1.00435
1.00435
1.00435
1.00435
1.00435
1.00435
1.00435
1.00435
1.00435
1.00435
1.00435
1.00435
1.00435
1.00435
1.00435
1.00435
1.00435
1.00435
1.00435
1.00435
1.00435
1.00435
1.00435
1.00435
1.00435
1.00435
1.00435
1.00435
1.00435
1.00435
1.00435
1.00435
1.00435
1.00435
1.00435
1.00435
1.00435
1.00435
1.00435
1.00435
1.00435
1.00435
1.00435
1.00435
1.00435
1.00435
1.00435
1.00435
1.00435
1.00435
1.00435
1.00435
1.00435
1.00435
1.00435
1.00435
1.00435
1.00435
1.00435
1.00435
1.00435
1.00435
1.00435
1.00435
1.00435
1.00435
1.00435
1.00435
1.00435
1.00435
1.00435
1.00435
1.00435
1.00435
1.00435
1.00435
1.00435
1.00435
1.00435
1.00435
1.00435
1.00435
1.00435
1.00435
1.00435
1.00435
1.00435
1.00435
1.00435
1.00435
1.00435
1.00435
1.00435
1.00435
1.00435
1.00435
1.00435
1.00435
1.00435
1.00435
1.00435
1.00435
1.00435
1.00435
1.00435
1.00435
1.00435
1.00435
1.00435
1.00435
1.00435
1.00435
1.00435
1.00435
1.00435
1.00435
1.00435
1.00435
1.00435
1.00435
1.00435
1.00435
1.00435
1.00435
1.00435
1.00435
1.00435
1.00435
1.00435
1.00435
1.00435
1.00435
1.00435
1.00435
1.00435
1.00435
1.00435
1.00435
1.00435
1.00435
1.00417
1.00043
0.983044
0.952342
0.918743
0.886824
0.856757
0.828004
0.800226
0.773266
0.74705
0.721534
0.696686
0.672477
0.648881
0.625875
0.603439
0.581558
0.560223
0.539435
0.519206
0.499566
0.48059
0.462457
0.445723
0.431862
0.424311
0.423778
0.42778
0.42751
0.426864
0.426645
0.426382
0.426391
0.426803
0.427263
0.427364
0.427305
0.426967
0.425751
0.422524
0.415181
0.400488
0.375291
0.339885
0.302579
0.275435
0.26155
0.257828
0.2577
0.257919
0.258646
0.260018
0.261359
0.261759
0.261796
0.26117
0.260494
0.260194
0.259031
0.246239
0.183541
0.128168
0.123456
0.123438
0.123438
0.123438
0.123438
0.123438
0.123438
0.123438
0.123438
0.123438
0.123438
0.123438
0.123438
0.123438
0.123438
0.123438
0.123438
0.123438
0.123438
0.123438
0.123438
0.123438
0.123438
0.123438
0.123438
0.123438
0.123438
0.123438
0.123438
0.123438
0.123438
0.123438
0.123438
0.123438
0.123438
0.123438
0.123438
0.123438
0.123438
0.123438
0.123438
0.123438
0.123438
0.123438
0.123438
0.123438
0.123438
0.123438
0.123438
0.123438
0.123438
0.123438
0.123438
0.123438
0.123438
0.123438
0.123438
0.123438
0.123438
0.123438
0.123438
0.123438
0.123438
0.123438
0.123438
0.123438
0.123438
0.123438
0.123438
0.123438
0.123438
0.123438
0.123438
0.123438
0.123438
0.123438
0.123438
0.123438
0.123438
0.123438
0.123438
0.123438
0.123438
0.123438
0.123438
0.123438
0.123438
0.123438
0.123438
0.123438
0.123438
0.123438
0.123438
0.123438
0.123438
0.123438
0.123438
0.123438
0.123438
0.123438
0.123438
0.123438
0.123438
0.123438
0.123438
0.123438
0.123438
0.123438
0.123438
0.123438
0.123438
0.123438
0.123438
0.123438
0.123438
0.123438
0.123438
0.123438
0.123438
0.123438
0.123438
0.123438
0.123438
0.123438
0.123438
0.123438
0.123438
0.123438
0.123438
0.123438
0.123438
0.123438
0.123438
0.123438
0.123438
0.123438
0.123438
0.123438
0.123438
0.123438
0.123438
0.123438
0.123438
0.123438
0.123438
0.123438
0.123438
0.123438
0.123438
0.123438
0.123438
0.123438
0.123438
0.123438
0.123438
0.123438
0.123438
0.123438
0.123438
0.123438
0.123438
0.123438
0.123438
0.123438
0.123438
0.123438
0.123438
0.123438
0.123438
0.123438
0.123438
0.123438
0.123438
0.123438
0.123438
0.123438
0.123438
0.123438
0.123438
0.123438
0.123438
0.123438
0.123438
0.123438
0.123438
0.123438
0.123438
0.123438
0.123438
0.123438
0.123438
0.123438
0.123438
0.123438
0.123438
0.123438
0.123438
0.123438
0.123438
0.123438
0.123438
0.123438
0.123438
0.123438
0.123438
0.123438
0.123438
0.123438
0.123438
0.123438
0.123438
0.123438
0.123438
0.123438
0.123438
0.123438
0.123438
0.123438
0.123438
0.123438
0.123438
0.123438
0.123438
0.123438
0.123438
0.123438
0.123438
0.123438
0.123438
0.123438
0.123438
0.123438
0.123438
0.123438
0.123438
0.123438
0.123438
0.123438
0.123438
0.123438
0.123438
0.123438
0.123438
0.123438
0.123438
0.123438
0.123438
0.123438
0.123438
0.123438
0.123438
0.123438
0.123438
0.123438
0.123438
0.123438
0.123438
0.123438
0.123438
0.123438
0.123438
0.123438
0.123438
0.123438
0.123438
0.123438
0.123438
0.123438
0.123438
0.123438
0.123438
0.123438
0.123438
0.123438
0.123438
0.123438
0.123438
0.123438
0.123438
0.123438
0.123438
0.123438
0.123438
0.123438
0.123438
0.123438
0.123438
0.123438
0.123438
0.123438
0.123438
0.123438
0.123438
0.123438
0.123438
0.123438
0.123438
0.123438
0.123438
0.123438
0.123438
0.123438
0.123438
0.123438
0.123438
0.123438
0.123438
0.123438
0.123438
0.123438
0.123438
0.123438
0.123438
0.123438
0.123438
0.123438
0.123438
0.123438
0.123438
0.123438
0.123438
0.123438
0.123438
0.123438
0.123438
0.123438
0.123438
0.123438
0.123438
0.123438
0.123438
0.123438
0.123438
0.123438
0.123438
0.123438
0.123438
0.123438
0.123438
0.123438
0.123438
0.123438
0.123438
0.123438
0.123438
0.123438
0.123438
0.123438
0.123438
0.123438
0.123438
0.123438
0.123438
0.123438
0.123438
0.123438
0.123438
0.123438
0.123438
0.123438
0.123438
0.123438
0.123438
)
;

boundaryField
{
    left
    {
        type            calculated;
        value           uniform 0.123438;
    }
    right
    {
        type            calculated;
        value           uniform 1.00435;
    }
    empty
    {
        type            empty;
    }
}


// ************************************************************************* //
