/*--------------------------------*- C++ -*----------------------------------*\
| =========                 |                                                 |
| \\      /  F ield         | OpenFOAM: The Open Source CFD Toolbox           |
|  \\    /   O peration     | Version:  2106                                  |
|   \\  /    A nd           | Website:  www.openfoam.com                      |
|    \\/     M anipulation  |                                                 |
\*---------------------------------------------------------------------------*/
FoamFile
{
    version     2.0;
    format      ascii;
    arch        "LSB;label=32;scalar=64";
    class       volScalarField;
    location    "0.02";
    object      T;
}
// * * * * * * * * * * * * * * * * * * * * * * * * * * * * * * * * * * * * * //

dimensions      [0 0 0 1 0 0 0];

internalField   nonuniform List<scalar> 
800
(
0.003468
0.003468
0.003468
0.003468
0.003468
0.003468
0.003468
0.003468
0.003468
0.003468
0.003468
0.003468
0.003468
0.003468
0.003468
0.003468
0.003468
0.003468
0.003468
0.003468
0.003468
0.003468
0.003468
0.003468
0.003468
0.003468
0.003468
0.003468
0.003468
0.003468
0.003468
0.003468
0.003468
0.003468
0.003468
0.003468
0.003468
0.003468
0.003468
0.003468
0.003468
0.003468
0.003468
0.003468
0.003468
0.003468
0.003468
0.003468
0.003468
0.003468
0.003468
0.003468
0.003468
0.003468
0.003468
0.003468
0.003468
0.003468
0.003468
0.003468
0.003468
0.003468
0.003468
0.003468
0.003468
0.003468
0.003468
0.003468
0.003468
0.003468
0.003468
0.003468
0.003468
0.003468
0.003468
0.003468
0.003468
0.003468
0.003468
0.003468
0.003468
0.003468
0.003468
0.003468
0.003468
0.003468
0.003468
0.003468
0.003468
0.003468
0.003468
0.003468
0.003468
0.003468
0.003468
0.003468
0.003468
0.003468
0.003468
0.003468
0.003468
0.003468
0.003468
0.003468
0.003468
0.003468
0.003468
0.003468
0.003468
0.003468
0.003468
0.003468
0.003468
0.003468
0.003468
0.003468
0.003468
0.003468
0.003468
0.003468
0.003468
0.003468
0.003468
0.003468
0.003468
0.003468
0.003468
0.003468
0.003468
0.003468
0.003468
0.003468
0.003468
0.003468
0.003468
0.003468
0.003468
0.003468
0.003468
0.003468
0.003468
0.003468
0.003468
0.003468
0.003468
0.003468
0.003468
0.003468
0.003468
0.003468
0.003468
0.003468
0.003468
0.003468
0.003468
0.003468
0.003468
0.003468
0.003468
0.003468
0.003468
0.003468
0.003468
0.003468
0.003468
0.003468
0.003468
0.003468
0.003468
0.003468
0.003468
0.003468
0.003468
0.003468
0.003468
0.003468
0.003468
0.003468
0.003468
0.003468
0.003468
0.003468
0.003468
0.003468
0.003468
0.003468
0.003468
0.003468
0.003468
0.003468
0.003468
0.003468
0.003468
0.003468
0.003468
0.003468
0.003468
0.003468
0.003468
0.003468
0.003468
0.003468
0.003468
0.003468
0.003468
0.003468
0.003468
0.003468
0.003468
0.003468
0.003468
0.003468
0.003468
0.003468
0.003468
0.003468
0.003468
0.003468
0.003468
0.003468
0.003468
0.003468
0.003468
0.003468
0.003468
0.003468
0.003468
0.003468
0.003468
0.003468
0.003468
0.003468
0.003468
0.003468
0.003468
0.003468
0.003468
0.003468
0.003468
0.003468
0.003468
0.003468
0.003468
0.003468
0.003468
0.003468
0.003468
0.003468
0.003468
0.003468
0.003468
0.003468
0.003468
0.003468
0.003468
0.003468
0.003468
0.003468
0.003468
0.003468
0.003468
0.003468
0.003468
0.003468
0.003468
0.003468
0.003468
0.003468
0.003468
0.003468
0.003468
0.003468
0.003468
0.003468
0.003468
0.003468
0.003468
0.003468
0.003468
0.003468
0.003468
0.003468
0.003468
0.003468
0.003468
0.003468
0.003468
0.003468
0.003468
0.003468
0.003468
0.003468
0.003468
0.003468
0.003468
0.003468
0.003468
0.003468
0.003468
0.003468
0.003468
0.003468
0.003468
0.003468
0.003468
0.003468
0.003468
0.003468
0.003468
0.003468
0.003468
0.003468
0.003468
0.003468
0.003468
0.003468
0.003468
0.003468
0.003468
0.003468
0.003468
0.003468
0.003468
0.003468
0.003468
0.003468
0.003468
0.003468
0.003468
0.003468
0.003468
0.003468
0.003468
0.003468
0.003468
0.003468
0.003468
0.003468
0.003468
0.003468
0.003468
0.003468
0.003468
0.003468
0.003468
0.003468
0.003468
0.003468
0.003468
0.003468
0.003468
0.003468
0.003468
0.003468
0.003468
0.003468
0.003468
0.003468
0.003468
0.003468
0.003468
0.003468
0.003468
0.003468
0.003468
0.003468
0.003468
0.003468
0.003468
0.003468
0.003468
0.003468
0.003468
0.003468
0.00346775
0.00346261
0.00343848
0.00339502
0.00334638
0.00329916
0.00325375
0.00320944
0.00316575
0.00312248
0.00307953
0.00303686
0.00299444
0.00295223
0.00291021
0.00286836
0.00282665
0.00278507
0.00274362
0.00270232
0.00266121
0.00262038
0.00258
0.00254051
0.00250322
0.00247218
0.00245388
0.00245306
0.0024624
0.00246185
0.00246062
0.00246025
0.00245958
0.00245834
0.00245708
0.00245512
0.00245439
0.00245475
0.00245714
0.00246474
0.00248394
0.00252783
0.00262103
0.00280003
0.00309449
0.00348098
0.00383614
0.004012
0.0040508
0.00405382
0.00405232
0.00404895
0.00404784
0.0040471
0.00404104
0.00403317
0.00402347
0.00401509
0.00400933
0.00399854
0.00391536
0.0034761
0.00288461
0.00282194
0.00282173
0.00282173
0.00282173
0.00282173
0.00282173
0.00282173
0.00282173
0.00282173
0.00282173
0.00282173
0.00282173
0.00282173
0.00282173
0.00282173
0.00282173
0.00282173
0.00282173
0.00282173
0.00282173
0.00282173
0.00282173
0.00282173
0.00282173
0.00282173
0.00282173
0.00282173
0.00282173
0.00282173
0.00282173
0.00282173
0.00282173
0.00282173
0.00282173
0.00282173
0.00282173
0.00282173
0.00282173
0.00282173
0.00282173
0.00282173
0.00282173
0.00282173
0.00282173
0.00282173
0.00282173
0.00282173
0.00282173
0.00282173
0.00282173
0.00282173
0.00282173
0.00282173
0.00282173
0.00282173
0.00282173
0.00282173
0.00282173
0.00282173
0.00282173
0.00282173
0.00282173
0.00282173
0.00282173
0.00282173
0.00282173
0.00282173
0.00282173
0.00282173
0.00282173
0.00282173
0.00282173
0.00282173
0.00282173
0.00282173
0.00282173
0.00282173
0.00282173
0.00282173
0.00282173
0.00282173
0.00282173
0.00282173
0.00282173
0.00282173
0.00282173
0.00282173
0.00282173
0.00282173
0.00282173
0.00282173
0.00282173
0.00282173
0.00282173
0.00282173
0.00282173
0.00282173
0.00282173
0.00282173
0.00282173
0.00282173
0.00282173
0.00282173
0.00282173
0.00282173
0.00282173
0.00282173
0.00282173
0.00282173
0.00282173
0.00282173
0.00282173
0.00282173
0.00282173
0.00282173
0.00282173
0.00282173
0.00282173
0.00282173
0.00282173
0.00282173
0.00282173
0.00282173
0.00282173
0.00282173
0.00282173
0.00282173
0.00282173
0.00282173
0.00282173
0.00282173
0.00282173
0.00282173
0.00282173
0.00282173
0.00282173
0.00282173
0.00282173
0.00282173
0.00282173
0.00282173
0.00282173
0.00282173
0.00282173
0.00282173
0.00282173
0.00282173
0.00282173
0.00282173
0.00282173
0.00282173
0.00282173
0.00282173
0.00282173
0.00282173
0.00282173
0.00282173
0.00282173
0.00282173
0.00282173
0.00282173
0.00282173
0.00282173
0.00282173
0.00282173
0.00282173
0.00282173
0.00282173
0.00282173
0.00282173
0.00282173
0.00282173
0.00282173
0.00282173
0.00282173
0.00282173
0.00282173
0.00282173
0.00282173
0.00282173
0.00282173
0.00282173
0.00282173
0.00282173
0.00282173
0.00282173
0.00282173
0.00282173
0.00282173
0.00282173
0.00282173
0.00282173
0.00282173
0.00282173
0.00282173
0.00282173
0.00282173
0.00282173
0.00282173
0.00282173
0.00282173
0.00282173
0.00282173
0.00282173
0.00282173
0.00282173
0.00282173
0.00282173
0.00282173
0.00282173
0.00282173
0.00282173
0.00282173
0.00282173
0.00282173
0.00282173
0.00282173
0.00282173
0.00282173
0.00282173
0.00282173
0.00282173
0.00282173
0.00282173
0.00282173
0.00282173
0.00282173
0.00282173
0.00282173
0.00282173
0.00282173
0.00282173
0.00282173
0.00282173
0.00282173
0.00282173
0.00282173
0.00282173
0.00282173
0.00282173
0.00282173
0.00282173
0.00282173
0.00282173
0.00282173
0.00282173
0.00282173
0.00282173
0.00282173
0.00282173
0.00282173
0.00282173
0.00282173
0.00282173
0.00282173
0.00282173
0.00282173
0.00282173
0.00282173
0.00282173
0.00282173
0.00282173
0.00282173
0.00282173
0.00282173
0.00282173
0.00282173
0.00282173
0.00282173
0.00282173
0.00282173
0.00282173
0.00282173
0.00282173
0.00282173
0.00282173
0.00282173
0.00282173
0.00282173
0.00282173
0.00282173
0.00282173
0.00282173
0.00282173
0.00282173
0.00282173
0.00282173
0.00282173
0.00282173
0.00282173
0.00282173
0.00282173
0.00282173
0.00282173
0.00282173
0.00282173
0.00282173
0.00282173
0.00282173
0.00282173
0.00282173
0.00282173
0.00282173
0.00282173
0.00282173
0.00282173
0.00282173
0.00282173
0.00282173
0.00282173
0.00282173
0.00282173
0.00282173
0.00282173
0.00282173
0.00282173
0.00282173
0.00282173
0.00282173
0.00282173
0.00282173
0.00282173
0.00282173
0.00282173
0.00282173
0.00282173
0.00282173
0.00282173
0.00282173
0.00282173
0.00282173
0.00282173
0.00282173
0.00282173
0.00282173
0.00282173
0.00282173
0.00282173
0.00282173
0.00282173
0.00282173
0.00282173
0.00282173
0.00282173
0.00282173
0.00282173
0.00282173
0.00282173
0.00282173
0.00282173
0.00282173
0.00282173
0.00282173
0.00282173
0.00282173
0.00282173
0.00282173
0.00282173
0.00282173
0.00282173
0.00282173
0.00282173
0.00282173
)
;

boundaryField
{
    left
    {
        type            zeroGradient;
    }
    right
    {
        type            zeroGradient;
    }
    empty
    {
        type            empty;
    }
}


// ************************************************************************* //
