/*--------------------------------*- C++ -*----------------------------------*\
| =========                 |                                                 |
| \\      /  F ield         | OpenFOAM: The Open Source CFD Toolbox           |
|  \\    /   O peration     | Version:  2106                                  |
|   \\  /    A nd           | Website:  www.openfoam.com                      |
|    \\/     M anipulation  |                                                 |
\*---------------------------------------------------------------------------*/
FoamFile
{
    version     2.0;
    format      ascii;
    arch        "LSB;label=32;scalar=64";
    class       surfaceScalarField;
    location    "0.07";
    object      phi;
}
// * * * * * * * * * * * * * * * * * * * * * * * * * * * * * * * * * * * * * //

dimensions      [0 3 -1 0 0 0 0];

oriented        oriented;

internalField   nonuniform List<scalar> 
799
(
1.78946e-32
4.57839e-32
5.90328e-32
4.82453e-32
2.30536e-32
-4.37186e-32
-1.03235e-31
-1.49248e-31
-1.59429e-31
-1.21797e-31
-6.61292e-32
-3.98605e-33
3.43477e-32
4.39406e-32
2.21985e-32
-1.71932e-32
-6.82562e-32
-1.20787e-31
-1.60944e-31
-1.88758e-31
-1.80433e-31
-1.44141e-31
-8.27744e-32
-1.18069e-32
2.89747e-32
3.82617e-32
-3.22217e-33
-7.36743e-32
-1.39807e-31
-1.92248e-31
-1.94952e-31
-1.67518e-31
-1.21067e-31
-6.59127e-32
-4.09273e-32
-2.97613e-32
-4.68823e-32
-8.47136e-32
-1.14536e-31
-1.51181e-31
-1.60104e-31
-1.47582e-31
-1.24078e-31
-7.73321e-32
-5.20562e-32
-4.17197e-32
-5.75921e-32
-1.06515e-31
-1.46434e-31
-1.8269e-31
-1.84588e-31
-1.50711e-31
-1.07496e-31
-5.31539e-32
-2.86964e-32
-3.48056e-32
-6.78559e-32
-1.26896e-31
-1.72245e-31
-1.9734e-31
-1.84116e-31
-1.30906e-31
-6.8745e-32
-1.37527e-32
-8.8021e-34
-4.15617e-32
-1.15295e-31
-1.9875e-31
-2.4411e-31
-2.26525e-31
-1.55071e-31
-5.32407e-32
2.32872e-32
3.99164e-32
-7.05673e-33
-1.00718e-31
-1.87104e-31
-2.31599e-31
-2.19942e-31
-1.60532e-31
-9.41228e-32
-4.49441e-32
-2.94007e-32
-4.42234e-32
-6.81566e-32
-9.39117e-32
-1.13296e-31
-1.31237e-31
-1.51345e-31
-1.63411e-31
-1.61249e-31
-1.29931e-31
-7.71786e-32
-2.35851e-32
9.26252e-33
-9.44759e-33
-6.78614e-32
-1.49464e-31
-2.18653e-31
-2.31841e-31
-1.96392e-31
-1.10449e-31
-1.94515e-32
3.39505e-32
4.31484e-32
-1.4632e-32
-9.37276e-32
-1.67352e-31
-2.11111e-31
-1.93947e-31
-1.49951e-31
-8.70372e-32
-4.02429e-32
-3.151e-32
-4.28092e-32
-7.32922e-32
-9.00011e-32
-8.73736e-32
-7.45096e-32
-6.04932e-32
-7.02933e-32
-1.00667e-31
-1.42084e-31
-1.72788e-31
-1.71254e-31
-1.36472e-31
-7.69898e-32
-1.74221e-32
2.04986e-32
2.59634e-32
-3.88158e-33
-5.61604e-32
-1.17028e-31
-1.72264e-31
-2.04045e-31
-2.067e-31
-1.72903e-31
-1.08685e-31
-3.48682e-32
2.99838e-32
5.5343e-32
3.28472e-32
-3.02947e-32
-1.14428e-31
-1.79209e-31
-2.05651e-31
-1.82109e-31
-1.21812e-31
-5.90349e-32
-1.56828e-32
-1.4861e-32
-4.94001e-32
-9.63721e-32
-1.33434e-31
-1.33939e-31
-1.01024e-31
-5.02055e-32
-8.46657e-33
-5.63936e-33
-4.56626e-32
-1.16757e-31
-1.8358e-31
-2.10503e-31
-1.79584e-31
-9.9381e-32
-1.00113e-32
4.80873e-32
4.01797e-32
-2.6322e-32
-1.16283e-31
-1.87055e-31
-1.93956e-31
-1.47574e-31
-7.01215e-32
-7.45395e-33
-1.05776e-33
-3.70422e-32
-1.05943e-31
-1.55571e-31
-1.57765e-31
-1.21562e-31
-5.06412e-32
-1.23831e-33
1.21385e-32
-1.70054e-32
-8.4452e-32
-1.405e-31
-1.77048e-31
-1.69467e-31
-1.22519e-31
-6.73052e-32
-1.15215e-32
1.13314e-32
2.60151e-33
-2.91658e-32
-7.79558e-32
-1.15832e-31
-1.40362e-31
-1.44479e-31
-1.27239e-31
-1.01197e-31
-6.62189e-32
-3.30502e-32
-1.11779e-32
-4.6275e-33
-2.38734e-32
-6.36415e-32
-1.10089e-31
-1.46762e-31
-1.49946e-31
-1.15995e-31
-5.7952e-32
-7.94446e-34
2.01967e-32
-8.32678e-33
-7.61675e-32
-1.51468e-31
-1.88731e-31
-1.62727e-31
-8.01097e-32
2.28644e-32
8.96942e-32
7.99441e-32
-6.41049e-33
-1.35299e-31
-2.39799e-31
-2.64487e-31
-1.97195e-31
-6.06657e-32
7.36488e-32
1.42436e-31
1.17767e-31
4.70188e-33
-1.31376e-31
-2.30883e-31
-2.51871e-31
-1.81832e-31
-6.89724e-32
4.08493e-32
9.90857e-32
8.14883e-32
1.2657e-32
-7.83677e-32
-1.46478e-31
-1.62976e-31
-1.30632e-31
-6.64822e-32
-4.84191e-33
2.52673e-32
1.44309e-32
-2.31127e-32
-6.32096e-32
-7.53485e-32
-4.87952e-32
-2.37732e-33
4.19089e-32
4.79677e-32
8.32212e-33
-5.24334e-32
-1.0656e-31
-1.10483e-31
-5.64628e-32
2.96548e-32
1.15297e-31
1.53635e-31
1.32326e-31
7.38324e-32
5.76575e-33
-2.98098e-32
-1.85371e-32
2.1933e-32
7.90206e-32
1.22008e-31
1.44058e-31
1.59188e-31
1.64682e-31
1.78747e-31
1.94426e-31
2.02036e-31
2.1178e-31
2.15845e-31
2.30669e-31
2.58007e-31
2.86507e-31
3.15238e-31
3.30919e-31
3.44505e-31
3.72417e-31
4.26484e-31
5.08458e-31
5.9468e-31
6.54023e-31
6.62129e-31
6.26629e-31
5.79412e-31
5.72189e-31
6.39959e-31
7.76314e-31
9.47779e-31
1.08822e-30
1.15941e-30
1.1589e-30
1.119e-30
1.10721e-30
1.15807e-30
1.28342e-30
1.45267e-30
1.61022e-30
1.73008e-30
1.79846e-30
1.84637e-30
1.91312e-30
2.01675e-30
2.16625e-30
2.32979e-30
2.48224e-30
2.61153e-30
2.71727e-30
2.83344e-30
2.97779e-30
3.16166e-30
3.37906e-30
3.59519e-30
3.79619e-30
3.96771e-30
4.12153e-30
4.2929e-30
4.49647e-30
4.7547e-30
5.05171e-30
5.35561e-30
5.64673e-30
5.89289e-30
6.11207e-30
6.32923e-30
6.575e-30
6.89179e-30
7.2676e-30
7.68951e-30
8.11403e-30
8.48859e-30
8.79853e-30
9.0467e-30
9.23645e-30
9.5865e-30
1.00462e-29
1.13333e-29
1.36844e-29
1.72288e-29
2.40352e-29
2.66491e-29
2.93682e-29
1.22297e-29
-3.05865e-29
-8.20227e-29
-1.87673e-28
-1.78367e-28
-1.17624e-28
1.70351e-28
8.14541e-28
1.17987e-27
1.82233e-27
1.0607e-27
-7.57196e-28
-3.03251e-27
-7.53891e-27
-7.20931e-27
-5.92699e-27
1.75237e-27
1.68804e-26
2.2672e-26
3.30528e-26
1.66523e-26
-1.36071e-26
-4.10034e-26
-9.04917e-26
-7.13186e-26
-4.2191e-26
3.1574e-26
1.54628e-25
1.62739e-25
1.92001e-25
5.4315e-26
-1.45596e-25
-2.41559e-25
-4.15707e-25
-2.3652e-25
-3.16396e-26
2.19158e-25
5.89199e-25
4.5516e-25
3.83038e-25
-3.70804e-26
-5.43998e-25
-5.80046e-25
-7.54248e-25
-2.54574e-25
2.23632e-25
5.06852e-25
9.15296e-25
5.06862e-25
2.23647e-25
-2.54561e-25
-7.54243e-25
-5.80051e-25
-5.44011e-25
-3.70944e-26
3.83029e-25
4.55158e-25
5.89203e-25
2.19165e-25
-3.16339e-26
-2.36518e-25
-4.15709e-25
-2.41564e-25
-1.45601e-25
5.43114e-26
1.92e-25
1.62739e-25
1.54629e-25
3.15744e-26
-4.21912e-26
-7.13192e-26
-9.04924e-26
-4.10043e-26
-1.36079e-26
1.66514e-26
3.30519e-26
2.26711e-26
1.68795e-26
1.75168e-27
-5.92758e-27
-7.20982e-27
-7.53936e-27
-3.03298e-27
-7.57681e-28
1.06016e-27
1.82176e-27
1.17929e-27
8.13979e-28
1.69862e-28
-1.18032e-28
-1.78674e-28
-1.87913e-28
-8.22605e-29
-3.08683e-29
1.18424e-29
2.88987e-29
2.61472e-29
2.35746e-29
1.68961e-29
1.34881e-29
1.1257e-29
1.00172e-29
9.51654e-30
9.0815e-30
8.78058e-30
8.45576e-30
8.12941e-30
7.79271e-30
7.46507e-30
7.15559e-30
6.87821e-30
6.62517e-30
6.37292e-30
6.10038e-30
5.79314e-30
5.46016e-30
5.13689e-30
4.85023e-30
4.62679e-30
4.45966e-30
4.31934e-30
4.17994e-30
4.00549e-30
3.79806e-30
3.56523e-30
3.32736e-30
3.11596e-30
2.93692e-30
2.80388e-30
2.70542e-30
2.62166e-30
2.53548e-30
2.4198e-30
2.26987e-30
2.0956e-30
1.91947e-30
1.77573e-30
1.68681e-30
1.64643e-30
1.63592e-30
1.61207e-30
1.53984e-30
1.42021e-30
1.25987e-30
1.11001e-30
1.00682e-30
9.60762e-31
9.76488e-31
1.00207e-30
1.00668e-30
9.62948e-31
8.57807e-31
7.30761e-31
6.07368e-31
5.29208e-31
5.17943e-31
5.5539e-31
6.17426e-31
6.54706e-31
6.30367e-31
5.39068e-31
4.00923e-31
2.66172e-31
1.89852e-31
1.96637e-31
2.78405e-31
3.8812e-31
4.60628e-31
4.56683e-31
3.66895e-31
2.2977e-31
1.0298e-31
3.44245e-32
4.499e-32
1.11903e-31
1.9768e-31
2.54209e-31
2.61686e-31
2.2086e-31
1.50023e-31
8.53458e-32
3.82805e-32
2.82816e-32
4.51132e-32
7.39279e-32
1.06349e-31
1.13252e-31
1.05111e-31
7.53324e-32
4.05826e-32
2.66233e-32
2.37709e-32
4.97138e-32
7.25603e-32
7.61969e-32
6.20428e-32
1.43346e-32
-2.34546e-32
-4.22649e-32
-3.01927e-32
1.9643e-32
6.32602e-32
9.34888e-32
8.81715e-32
4.84721e-32
7.98057e-33
-2.86783e-32
-4.04541e-32
-3.54025e-32
-3.36225e-32
-3.07276e-32
-3.34555e-32
-2.10095e-32
1.99639e-32
7.27779e-32
1.22876e-31
1.25812e-31
6.30035e-32
-4.44303e-32
-1.64342e-31
-2.22847e-31
-1.8662e-31
-6.43246e-32
1.06025e-31
2.27974e-31
2.51159e-31
1.55725e-31
-2.75472e-32
-1.97401e-31
-2.9094e-31
-2.53646e-31
-1.00273e-31
8.31659e-32
2.29201e-31
2.54922e-31
1.57026e-31
-7.97606e-33
-1.7634e-31
-2.52369e-31
-2.18716e-31
-9.77605e-32
5.75842e-32
1.58254e-31
1.80845e-31
1.18035e-31
7.07177e-33
-8.73921e-32
-1.45497e-31
-1.41842e-31
-9.75077e-32
-4.20041e-32
1.54471e-32
4.78609e-32
6.53281e-32
6.44314e-32
4.37474e-32
1.60146e-32
-2.52365e-32
-6.1081e-32
-8.69625e-32
-9.61024e-32
-8.23888e-32
-5.61168e-32
-1.67616e-32
2.06436e-32
5.30688e-32
6.84194e-32
6.04968e-32
3.28988e-32
-1.74512e-32
-6.34398e-32
-1.00436e-31
-1.10133e-31
-8.62598e-32
-5.06324e-32
7.02664e-34
3.61341e-32
5.37184e-32
5.59483e-32
3.02537e-32
2.69329e-33
-3.49421e-32
-6.83553e-32
-8.28601e-32
-8.60921e-32
-6.02792e-32
-2.32943e-32
1.58588e-32
4.74004e-32
5.05978e-32
3.47748e-32
-4.66436e-34
-3.92333e-32
-6.58179e-32
-7.69559e-32
-6.50816e-32
-3.90573e-32
-6.5957e-33
2.11943e-32
3.45283e-32
2.87673e-32
8.55835e-33
-1.62079e-32
-3.51979e-32
-3.53468e-32
-2.6714e-32
-1.28646e-32
-8.38381e-33
-2.12981e-32
-3.22759e-32
-3.90648e-32
-1.8832e-32
2.06528e-32
5.41021e-32
6.83419e-32
3.38512e-32
-2.74353e-32
-8.95753e-32
-1.1959e-31
-8.73101e-32
-1.63403e-32
6.85601e-32
1.17091e-31
1.02995e-31
3.88707e-32
-5.05015e-32
-1.09011e-31
-1.14286e-31
-6.3816e-32
1.65186e-32
7.62781e-32
9.42472e-32
5.69446e-32
-9.05187e-33
-6.3819e-32
-8.43124e-32
-5.21415e-32
7.21006e-33
6.27522e-32
8.74848e-32
6.03343e-32
2.37995e-33
-6.17449e-32
-1.01104e-31
-8.99846e-32
-4.04861e-32
3.09744e-32
9.36183e-32
1.16112e-31
9.84383e-32
4.24637e-32
-2.91372e-32
-8.52284e-32
-1.16239e-31
-1.05105e-31
-5.91042e-32
3.57505e-33
7.28724e-32
1.18163e-31
1.30383e-31
1.03147e-31
3.61458e-32
-4.19507e-32
-1.12304e-31
-1.43276e-31
-1.17788e-31
-4.63728e-32
5.23371e-32
1.33258e-31
1.63352e-31
1.29183e-31
4.06356e-32
-5.92118e-32
-1.27698e-31
-1.3359e-31
-7.33476e-32
2.0873e-32
1.05377e-31
1.41267e-31
1.10789e-31
3.49639e-32
-4.96649e-32
-1.02332e-31
-9.34753e-32
-3.62571e-32
4.61644e-32
1.11448e-31
1.23578e-31
8.93842e-32
1.54044e-32
-5.30583e-32
-8.15549e-32
-6.88836e-32
-6.55719e-33
5.84678e-32
1.01391e-31
1.09981e-31
6.76118e-32
1.64968e-32
-3.17586e-32
-5.40931e-32
-3.44576e-32
-1.29323e-33
4.3857e-32
7.46764e-32
8.03323e-32
7.22826e-32
4.79634e-32
2.60434e-32
1.30542e-32
5.9117e-33
8.04602e-33
1.05879e-32
8.88034e-33
1.01592e-32
1.03827e-32
2.03065e-32
4.32589e-32
6.73075e-32
9.66065e-32
1.05319e-31
9.15009e-32
5.65343e-32
-1.37411e-33
-4.48651e-32
-7.05097e-32
-5.54766e-32
-1.79879e-33
6.25386e-32
1.26036e-31
1.49791e-31
1.34803e-31
8.31994e-32
1.97566e-32
-2.90478e-32
-4.9352e-32
-2.78515e-32
3.07923e-33
5.20934e-32
7.27324e-32
7.36172e-32
6.68508e-32
2.22887e-32
1.31422e-32
-1.9084e-32
-2.50429e-32
-4.87461e-33
)
;

boundaryField
{
    left
    {
        type            calculated;
        value           uniform 0;
    }
    right
    {
        type            calculated;
        value           uniform 0;
    }
    empty
    {
        type            empty;
        value           nonuniform List<scalar> 0();
    }
}


// ************************************************************************* //
