/*--------------------------------*- C++ -*----------------------------------*\
| =========                 |                                                 |
| \\      /  F ield         | OpenFOAM: The Open Source CFD Toolbox           |
|  \\    /   O peration     | Version:  2106                                  |
|   \\  /    A nd           | Website:  www.openfoam.com                      |
|    \\/     M anipulation  |                                                 |
\*---------------------------------------------------------------------------*/
FoamFile
{
    version     2.0;
    format      ascii;
    arch        "LSB;label=32;scalar=64";
    class       surfaceScalarField;
    location    "0.119";
    object      phi;
}
// * * * * * * * * * * * * * * * * * * * * * * * * * * * * * * * * * * * * * //

dimensions      [0 3 -1 0 0 0 0];

oriented        oriented;

internalField   nonuniform List<scalar> 
799
(
1.65893e-32
4.31741e-32
5.51207e-32
4.30332e-32
1.65464e-32
-5.15156e-32
-1.12321e-31
-1.59614e-31
-1.71072e-31
-1.34714e-31
-8.03143e-32
-1.94343e-32
1.76472e-32
2.59995e-32
3.02337e-33
-3.75951e-32
-8.98762e-32
-1.43616e-31
-1.84969e-31
-2.13966e-31
-2.06812e-31
-1.71678e-31
-1.11454e-31
-4.16227e-32
-1.95753e-33
6.22184e-33
-3.63553e-32
-1.07887e-31
-1.75083e-31
-2.2857e-31
-2.32306e-31
-2.05888e-31
-1.60429e-31
-1.06249e-31
-8.22207e-32
-7.1995e-32
-9.00387e-32
-1.28774e-31
-1.59481e-31
-1.96996e-31
-2.06772e-31
-1.95085e-31
-1.72401e-31
-1.26452e-31
-1.01955e-31
-9.23784e-32
-1.08992e-31
-1.58637e-31
-1.99259e-31
-2.36196e-31
-2.38754e-31
-2.0552e-31
-1.62929e-31
-1.09192e-31
-8.53215e-32
-9.19994e-32
-1.25602e-31
-1.85172e-31
-2.31034e-31
-2.56623e-31
-2.43869e-31
-1.91121e-31
-1.294e-31
-7.48316e-32
-6.2364e-32
-1.03434e-31
-1.77542e-31
-2.6135e-31
-3.0705e-31
-2.89789e-31
-2.18637e-31
-1.17103e-31
-4.08508e-32
-2.44834e-32
-7.16988e-32
-1.65588e-31
-2.52185e-31
-2.96882e-31
-2.85421e-31
-2.2619e-31
-1.59947e-31
-1.10919e-31
-9.55145e-32
-1.10465e-31
-1.3451e-31
-1.60365e-31
-1.79838e-31
-1.97862e-31
-2.18039e-31
-2.30167e-31
-2.28056e-31
-1.96779e-31
-1.44058e-31
-9.04826e-32
-5.76485e-32
-7.63646e-32
-1.34775e-31
-2.16367e-31
-2.85536e-31
-2.987e-31
-2.63219e-31
-1.77235e-31
-8.61933e-32
-3.27393e-32
-2.34836e-32
-8.12018e-32
-1.6023e-31
-2.33777e-31
-2.77461e-31
-2.60216e-31
-2.1613e-31
-1.53123e-31
-1.06233e-31
-9.74009e-32
-1.08593e-31
-1.38965e-31
-1.55561e-31
-1.52818e-31
-1.39833e-31
-1.25695e-31
-1.35369e-31
-1.65615e-31
-2.06899e-31
-2.3747e-31
-2.35797e-31
-2.00873e-31
-1.41254e-31
-8.15421e-32
-4.34768e-32
-3.78652e-32
-6.75601e-32
-1.19688e-31
-1.804e-31
-2.3548e-31
-2.67104e-31
-2.69597e-31
-2.35638e-31
-1.71257e-31
-9.72729e-32
-3.22521e-32
-6.72209e-33
-2.90434e-32
-9.20076e-32
-1.7596e-31
-2.40559e-31
-2.66817e-31
-2.43082e-31
-1.82596e-31
-1.19626e-31
-7.60742e-32
-7.50487e-32
-1.09378e-31
-1.5614e-31
-1.9299e-31
-1.93272e-31
-1.60126e-31
-1.09068e-31
-6.70841e-32
-6.40071e-32
-1.03773e-31
-1.74605e-31
-2.41153e-31
-2.67795e-31
-2.36579e-31
-1.56071e-31
-6.63844e-32
-7.95725e-33
-1.55256e-32
-8.16715e-32
-1.71256e-31
-2.4164e-31
-2.48137e-31
-2.01334e-31
-1.23436e-31
-6.02997e-32
-5.34145e-32
-8.88858e-32
-1.57248e-31
-2.06315e-31
-2.07915e-31
-1.71087e-31
-9.95081e-32
-4.94151e-32
-3.53116e-32
-6.36911e-32
-1.3033e-31
-1.85529e-31
-2.2118e-31
-2.12653e-31
-1.64706e-31
-1.08439e-31
-5.15423e-32
-2.75107e-32
-3.49974e-32
-6.545e-32
-1.12855e-31
-1.49267e-31
-1.72253e-31
-1.7474e-31
-1.5578e-31
-1.2792e-31
-9.10228e-32
-5.58243e-32
-3.18079e-32
-2.29923e-32
-3.98482e-32
-7.70926e-32
-1.20876e-31
-1.54742e-31
-1.54959e-31
-1.17879e-31
-5.65383e-32
4.09862e-33
2.87596e-32
4.10271e-33
-5.96617e-32
-1.30668e-31
-1.63403e-31
-1.32632e-31
-4.49945e-32
6.32608e-32
1.35649e-31
1.31749e-31
5.15577e-32
-7.08539e-32
-1.6854e-31
-1.86072e-31
-1.11259e-31
3.31734e-32
1.75785e-31
2.53288e-31
2.37764e-31
1.34297e-31
8.28695e-33
-8.06619e-32
-9.05789e-32
-8.93677e-33
1.16085e-31
2.38642e-31
3.10211e-31
3.0657e-31
2.52341e-31
1.76595e-31
1.24464e-31
1.24672e-31
1.74472e-31
2.56859e-31
3.3755e-31
3.87553e-31
3.97474e-31
3.81593e-31
3.64085e-31
3.75507e-31
4.26615e-31
4.9861e-31
5.69534e-31
6.03334e-31
5.92567e-31
5.61849e-31
5.38972e-31
5.67545e-31
6.55338e-31
7.76552e-31
8.98641e-31
9.74815e-31
9.92784e-31
9.75039e-31
9.49237e-31
9.57473e-31
1.01415e-30
1.10167e-30
1.20747e-30
1.30089e-30
1.37513e-30
1.44424e-30
1.50556e-30
1.57733e-30
1.65263e-30
1.72182e-30
1.79514e-30
1.86482e-30
1.94733e-30
2.04448e-30
2.14494e-30
2.24782e-30
2.33987e-30
2.43209e-30
2.54094e-30
2.67827e-30
2.84587e-30
3.0201e-30
3.16989e-30
3.27088e-30
3.33075e-30
3.38141e-30
3.47458e-30
3.6453e-30
3.88717e-30
4.16674e-30
4.41789e-30
4.60241e-30
4.71786e-30
4.79655e-30
4.90601e-30
5.08076e-30
5.33266e-30
5.63112e-30
5.92053e-30
6.17487e-30
6.38037e-30
6.56803e-30
6.77714e-30
7.02571e-30
7.32272e-30
7.6363e-30
7.94132e-30
8.22565e-30
8.48888e-30
8.76495e-30
9.07156e-30
9.42001e-30
9.80426e-30
1.01895e-29
1.05617e-29
1.09065e-29
1.12357e-29
1.15844e-29
1.19672e-29
1.24064e-29
1.28862e-29
1.33746e-29
1.38517e-29
1.42853e-29
1.46934e-29
1.51007e-29
1.55378e-29
1.6047e-29
1.66162e-29
1.72324e-29
1.78519e-29
1.84221e-29
1.89282e-29
1.93729e-29
1.97594e-29
2.03064e-29
2.09631e-29
2.24469e-29
2.49946e-29
2.87351e-29
3.5737e-29
3.85458e-29
4.1459e-29
2.45135e-29
-1.81107e-29
-6.93562e-29
-1.74818e-28
-1.65324e-28
-1.04395e-28
1.83764e-28
8.28137e-28
1.19365e-27
1.83628e-27
1.07482e-27
-7.42895e-28
-3.01804e-27
-7.52427e-27
-7.19451e-27
-5.91203e-27
1.76748e-27
1.68956e-26
2.26874e-26
3.30683e-26
1.6668e-26
-1.35913e-26
-4.09874e-26
-9.04756e-26
-7.13023e-26
-4.21746e-26
3.15905e-26
1.54645e-25
1.62756e-25
1.92018e-25
5.43319e-26
-1.45579e-25
-2.41542e-25
-4.1569e-25
-2.36503e-25
-3.16223e-26
2.19175e-25
5.89216e-25
4.55177e-25
3.83056e-25
-3.70628e-26
-5.43981e-25
-5.80028e-25
-7.54231e-25
-2.54557e-25
2.23649e-25
5.06869e-25
9.15314e-25
5.0688e-25
2.23665e-25
-2.54543e-25
-7.54226e-25
-5.80034e-25
-5.43993e-25
-3.70769e-26
3.83046e-25
4.55176e-25
5.89221e-25
2.19183e-25
-3.16166e-26
-2.36501e-25
-4.15692e-25
-2.41547e-25
-1.45584e-25
5.43282e-26
1.92016e-25
1.62756e-25
1.54645e-25
3.15907e-26
-4.2175e-26
-7.13031e-26
-9.04763e-26
-4.09884e-26
-1.35921e-26
1.6667e-26
3.30673e-26
2.26865e-26
1.68947e-26
1.76668e-27
-5.91274e-27
-7.19514e-27
-7.52484e-27
-3.01863e-27
-7.43508e-28
1.07416e-27
1.83558e-27
1.19294e-27
8.27442e-28
1.83142e-28
-1.04936e-28
-1.65764e-28
-1.75191e-28
-6.97287e-29
-1.85273e-29
2.39914e-29
4.08548e-29
3.79095e-29
3.51424e-29
2.82688e-29
2.46654e-29
2.22384e-29
2.08028e-29
2.01061e-29
1.94752e-29
1.89787e-29
1.84586e-29
1.79375e-29
1.74067e-29
1.68856e-29
1.63835e-29
1.59145e-29
1.54709e-29
1.50292e-29
1.45685e-29
1.40745e-29
1.35561e-29
1.3049e-29
1.25802e-29
1.21763e-29
1.18304e-29
1.15133e-29
1.1199e-29
1.08517e-29
1.04734e-29
1.00719e-29
9.66751e-30
9.29184e-30
8.95082e-30
8.65814e-30
8.40241e-30
8.1638e-30
7.92522e-30
7.65963e-30
7.3623e-30
7.04316e-30
6.72473e-30
6.44126e-30
6.21521e-30
6.04029e-30
5.89789e-30
5.74475e-30
5.54587e-30
5.30222e-30
5.02049e-30
4.75186e-30
4.53251e-30
4.37291e-30
4.27769e-30
4.19491e-30
4.09373e-30
3.94676e-30
3.74091e-30
3.51566e-30
3.29656e-30
3.12515e-30
3.02308e-30
2.97212e-30
2.94813e-30
2.90174e-30
2.79604e-30
2.62567e-30
2.41071e-30
2.20135e-30
2.0526e-30
1.98912e-30
2.00272e-30
2.04634e-30
2.05478e-30
1.98876e-30
1.83885e-30
1.64353e-30
1.4604e-30
1.33735e-30
1.29521e-30
1.31118e-30
1.34772e-30
1.3567e-30
1.31825e-30
1.2331e-30
1.11949e-30
1.01355e-30
9.267e-31
8.78349e-31
8.5823e-31
8.51453e-31
8.49606e-31
8.23523e-31
7.83638e-31
7.2333e-31
6.59226e-31
6.17051e-31
5.87088e-31
5.86988e-31
5.84824e-31
5.64452e-31
5.27265e-31
4.57463e-31
3.98489e-31
3.5937e-31
3.51979e-31
3.8317e-31
4.08927e-31
4.22055e-31
4.00375e-31
3.45019e-31
2.89553e-31
2.38575e-31
2.13113e-31
2.05086e-31
1.94371e-31
1.85336e-31
1.71221e-31
1.728e-31
2.03405e-31
2.4633e-31
2.86998e-31
2.80944e-31
2.09568e-31
9.39764e-32
-3.37038e-32
-9.96067e-32
-7.04168e-32
4.51875e-32
2.0917e-31
3.25062e-31
3.42491e-31
2.41585e-31
5.31107e-32
-1.21686e-31
-2.19916e-31
-1.87079e-31
-3.79303e-32
1.41496e-31
2.83729e-31
3.05842e-31
2.04527e-31
3.62842e-32
-1.35146e-31
-2.14076e-31
-1.83171e-31
-6.48192e-32
8.80601e-32
1.86397e-31
2.06785e-31
1.41898e-31
2.89702e-32
-6.73474e-32
-1.27196e-31
-1.25189e-31
-8.24095e-32
-2.83729e-32
2.76913e-32
5.88056e-32
7.50466e-32
7.30018e-32
5.1232e-32
2.24747e-32
-1.97333e-32
-5.64793e-32
-8.32039e-32
-9.31349e-32
-8.01627e-32
-5.45806e-32
-1.58761e-32
2.09234e-32
5.27799e-32
6.75994e-32
5.91832e-32
3.11248e-32
-1.9648e-32
-6.60316e-32
-1.03392e-31
-1.13425e-31
-8.98649e-32
-5.45234e-32
-3.44862e-33
3.17417e-32
4.91097e-32
5.11425e-32
2.52718e-32
-2.44503e-33
-4.02158e-32
-7.37484e-32
-8.83566e-32
-9.16773e-32
-6.5939e-32
-2.90153e-32
1.00916e-32
4.16016e-32
4.47771e-32
2.89369e-32
-6.31494e-33
-4.50923e-32
-7.16764e-32
-8.2803e-32
-7.09105e-32
-4.48576e-32
-1.23591e-32
1.54767e-32
2.88664e-32
2.3164e-32
3.02732e-33
-2.16667e-32
-4.05724e-32
-4.06356e-32
-3.19093e-32
-1.79587e-32
-1.33732e-32
-2.61791e-32
-3.70456e-32
-4.37156e-32
-2.33639e-32
1.6251e-32
4.98349e-32
6.42102e-32
2.98624e-32
-3.12788e-32
-9.32722e-32
-1.23136e-31
-9.0703e-32
-1.95768e-32
6.54786e-32
1.14172e-31
1.00239e-31
3.62767e-32
-5.29224e-32
-1.11263e-31
-1.16364e-31
-6.57178e-32
1.47935e-32
7.47313e-32
9.28825e-32
5.57637e-32
-1.00464e-32
-6.4627e-32
-8.49347e-32
-5.25779e-32
6.96329e-33
6.26996e-32
8.76237e-32
6.0666e-32
2.91071e-33
-6.10155e-32
-1.00179e-31
-8.88651e-32
-3.9169e-32
3.24895e-32
9.53335e-32
1.18025e-31
1.00547e-31
4.47651e-32
-2.66373e-32
-8.25261e-32
-1.13335e-31
-1.02001e-31
-5.58046e-32
7.06825e-33
7.6558e-32
1.22038e-31
1.34447e-31
1.07396e-31
4.05717e-32
-3.7348e-32
-1.07526e-31
-1.38327e-31
-1.12666e-31
-4.10825e-32
5.77899e-32
1.38872e-31
1.69121e-31
1.3511e-31
4.67152e-32
-5.29826e-32
-1.21319e-31
-1.27068e-31
-6.66873e-32
2.76664e-32
1.12299e-31
1.48313e-31
1.17954e-31
4.22441e-32
-4.22772e-32
-9.48415e-32
-8.58867e-32
-2.85767e-32
5.39306e-32
1.19301e-31
1.31502e-31
9.73783e-32
2.34572e-32
-4.49549e-32
-7.34043e-32
-6.06924e-32
1.66713e-33
6.67156e-32
1.09655e-31
1.18252e-31
7.58824e-32
2.47632e-32
-2.35036e-32
-4.58484e-32
-2.62348e-32
6.90626e-33
5.20219e-32
8.27879e-32
8.83874e-32
8.02737e-32
5.58822e-32
3.38803e-32
2.08e-32
1.35598e-32
1.55908e-32
1.80232e-32
1.61981e-32
1.73507e-32
1.74394e-32
2.7223e-32
5.0029e-32
7.39309e-32
1.03073e-31
1.11623e-31
9.76358e-32
6.24927e-32
4.40857e-33
-3.92649e-32
-6.51051e-32
-5.02706e-32
3.19885e-33
6.7324e-32
1.30605e-31
1.54139e-31
1.38923e-31
8.70859e-32
2.34091e-32
-2.56353e-32
-4.61855e-32
-2.49333e-32
5.74469e-33
5.45038e-32
7.48811e-32
7.5501e-32
6.84668e-32
2.36345e-32
1.4221e-32
-1.82738e-32
-2.45013e-32
-4.60378e-33
)
;

boundaryField
{
    left
    {
        type            calculated;
        value           uniform 0;
    }
    right
    {
        type            calculated;
        value           uniform 0;
    }
    empty
    {
        type            empty;
        value           nonuniform List<scalar> 0();
    }
}


// ************************************************************************* //
