/*--------------------------------*- C++ -*----------------------------------*\
| =========                 |                                                 |
| \\      /  F ield         | OpenFOAM: The Open Source CFD Toolbox           |
|  \\    /   O peration     | Version:  2106                                  |
|   \\  /    A nd           | Website:  www.openfoam.com                      |
|    \\/     M anipulation  |                                                 |
\*---------------------------------------------------------------------------*/
FoamFile
{
    version     2.0;
    format      ascii;
    arch        "LSB;label=32;scalar=64";
    class       surfaceScalarField;
    location    "0.062";
    object      phi;
}
// * * * * * * * * * * * * * * * * * * * * * * * * * * * * * * * * * * * * * //

dimensions      [0 3 -1 0 0 0 0];

oriented        oriented;

internalField   nonuniform List<scalar> 
799
(
1.81632e-32
4.63158e-32
5.98302e-32
4.93068e-32
2.43801e-32
-4.21267e-32
-1.01381e-31
-1.47129e-31
-1.57051e-31
-1.19159e-31
-6.32367e-32
-8.4156e-34
3.77442e-32
4.75908e-32
2.60986e-32
-1.30464e-32
-6.38641e-32
-1.16155e-31
-1.56072e-31
-1.83649e-31
-1.75091e-31
-1.38569e-31
-7.6977e-32
-5.79133e-33
3.52084e-32
4.4707e-32
3.43621e-33
-6.68117e-32
-1.32742e-31
-1.8499e-31
-1.87507e-31
-1.59888e-31
-1.13254e-31
-5.79186e-32
-3.27572e-32
-2.1419e-32
-3.83721e-32
-7.60391e-32
-1.05702e-31
-1.42191e-31
-1.50968e-31
-1.38306e-31
-1.1467e-31
-6.77905e-32
-4.23892e-32
-3.19306e-32
-4.76818e-32
-9.64891e-32
-1.36296e-31
-1.72446e-31
-1.74243e-31
-1.40269e-31
-9.6961e-32
-4.25294e-32
-1.79875e-32
-2.40165e-32
-5.69925e-32
-1.15959e-31
-1.61241e-31
-1.86273e-31
-1.72989e-31
-1.19724e-31
-5.75076e-32
-2.46703e-33
1.04542e-32
-3.01882e-32
-1.03884e-31
-1.87303e-31
-2.32628e-31
-2.15015e-31
-1.43537e-31
-4.16851e-32
3.48635e-32
5.15066e-32
4.547e-33
-8.91008e-32
-1.7547e-31
-2.19959e-31
-2.08302e-31
-1.48892e-31
-8.24844e-32
-3.33084e-32
-1.77686e-32
-3.25971e-32
-5.65372e-32
-8.22989e-32
-1.01692e-31
-1.1965e-31
-1.39771e-31
-1.51854e-31
-1.49706e-31
-1.18406e-31
-6.5676e-32
-1.21018e-32
2.07233e-32
1.98912e-33
-5.64474e-32
-1.38073e-31
-2.07286e-31
-2.20501e-31
-1.85081e-31
-9.91628e-32
-8.19385e-33
4.51826e-32
5.43526e-32
-3.45445e-33
-8.25789e-32
-1.56227e-31
-2.00019e-31
-1.8289e-31
-1.38928e-31
-7.60473e-32
-2.92862e-32
-2.05924e-32
-3.19151e-32
-6.24257e-32
-7.91632e-32
-7.65654e-32
-6.37293e-32
-4.97431e-32
-5.95711e-32
-8.99752e-32
-1.31418e-31
-1.62152e-31
-1.60642e-31
-1.25884e-31
-6.64371e-32
-6.89724e-33
3.09914e-32
3.64266e-32
6.55305e-33
-4.57529e-32
-1.06647e-31
-1.61908e-31
-1.93714e-31
-1.96395e-31
-1.62628e-31
-9.84392e-32
-2.4649e-32
4.01761e-32
6.55094e-32
4.29884e-32
-2.01772e-32
-1.04335e-31
-1.6914e-31
-1.95603e-31
-1.72082e-31
-1.11809e-31
-4.90622e-32
-5.73566e-33
-4.94248e-33
-3.95056e-32
-8.65011e-32
-1.23591e-31
-1.24119e-31
-9.12274e-32
-4.04302e-32
1.28646e-33
4.0926e-33
-3.59502e-32
-1.07066e-31
-1.7391e-31
-2.00856e-31
-1.69959e-31
-8.9773e-32
-4.24965e-34
5.765e-32
4.97183e-32
-1.68067e-32
-1.06793e-31
-1.77588e-31
-1.84515e-31
-1.38156e-31
-6.07206e-32
1.92593e-33
8.30557e-33
-2.77014e-32
-9.6623e-32
-1.46275e-31
-1.48494e-31
-1.12314e-31
-4.1416e-32
7.96402e-33
2.13156e-32
-7.85719e-33
-7.53294e-32
-1.31404e-31
-1.67979e-31
-1.60424e-31
-1.135e-31
-5.83105e-32
-2.5539e-33
2.02734e-32
1.15116e-32
-2.02877e-32
-6.911e-32
-1.07019e-31
-1.31583e-31
-1.35737e-31
-1.18536e-31
-9.25349e-32
-5.75981e-32
-2.44726e-32
-2.64815e-33
3.85261e-33
-1.54455e-32
-5.52676e-32
-1.01772e-31
-1.38509e-31
-1.4177e-31
-1.07891e-31
-4.99227e-32
7.15302e-33
2.80554e-32
-5.65272e-34
-6.85119e-32
-1.43923e-31
-1.81304e-31
-1.55428e-31
-7.29476e-32
2.98745e-32
9.65448e-32
8.66187e-32
8.04979e-35
-1.29006e-31
-2.33718e-31
-2.58637e-31
-1.916e-31
-5.53457e-32
7.86727e-32
1.47144e-31
1.22133e-31
8.69969e-33
-1.27774e-31
-2.27708e-31
-2.49155e-31
-1.79607e-31
-6.72789e-32
4.19732e-32
9.95967e-32
8.13382e-32
1.17971e-32
-7.99867e-32
-1.48907e-31
-1.66274e-31
-1.34863e-31
-7.17108e-32
-1.11358e-32
1.78344e-32
5.77478e-33
-3.30763e-32
-7.45666e-32
-8.81848e-32
-6.32156e-32
-1.84844e-32
2.40049e-32
2.81547e-32
-1.35229e-32
-7.64474e-32
-1.32876e-31
-1.39239e-31
-8.78104e-32
-4.43566e-33
7.82954e-32
1.13546e-31
8.89689e-32
2.70226e-32
-4.46966e-32
-8.4133e-32
-7.69379e-32
-4.07725e-32
1.17677e-32
4.99607e-32
6.69614e-32
7.67754e-32
7.66767e-32
8.4859e-32
9.43555e-32
9.54644e-32
9.83826e-32
9.52858e-32
1.02599e-31
1.22066e-31
1.4232e-31
1.62419e-31
1.69069e-31
1.73211e-31
1.91255e-31
2.35017e-31
3.06234e-31
3.81238e-31
4.28888e-31
4.2481e-31
3.7663e-31
3.16216e-31
2.95272e-31
3.48783e-31
4.70323e-31
6.26405e-31
7.5089e-31
8.05538e-31
7.87895e-31
7.30246e-31
7.00103e-31
7.31968e-31
8.3769e-31
9.86666e-31
1.1233e-30
1.22155e-30
1.26767e-30
1.29265e-30
1.33578e-30
1.41511e-30
1.53961e-30
1.67745e-30
1.80351e-30
1.90572e-30
1.98368e-30
2.07137e-30
2.18654e-30
2.34053e-30
2.52737e-30
2.71224e-30
2.88131e-30
3.02022e-30
3.14076e-30
3.2782e-30
3.44719e-30
3.67021e-30
3.93137e-30
4.19882e-30
4.4529e-30
4.66144e-30
4.84244e-30
5.02089e-30
5.22742e-30
5.50448e-30
5.84007e-30
6.22132e-30
6.60476e-30
6.93783e-30
7.2059e-30
7.41187e-30
7.55911e-30
7.86636e-30
8.28305e-30
9.52685e-30
1.18345e-29
1.53353e-29
2.2098e-29
2.46682e-29
2.73435e-29
1.01612e-29
-3.26987e-29
-8.41786e-29
-1.89873e-28
-1.8061e-28
-1.1991e-28
1.68022e-28
8.1217e-28
1.17746e-27
1.81987e-27
1.0582e-27
-7.59734e-28
-3.03508e-27
-7.54153e-27
-7.21197e-27
-5.92969e-27
1.74963e-27
1.68776e-26
2.26692e-26
3.30499e-26
1.66494e-26
-1.361e-26
-4.10064e-26
-9.04947e-26
-7.13216e-26
-4.2194e-26
3.15709e-26
1.54625e-25
1.62736e-25
1.91998e-25
5.43118e-26
-1.456e-25
-2.41562e-25
-4.1571e-25
-2.36523e-25
-3.16429e-26
2.19154e-25
5.89196e-25
4.55157e-25
3.83035e-25
-3.70837e-26
-5.44002e-25
-5.80049e-25
-7.54252e-25
-2.54578e-25
2.23628e-25
5.06848e-25
9.15293e-25
5.06859e-25
2.23644e-25
-2.54564e-25
-7.54247e-25
-5.80055e-25
-5.44014e-25
-3.70978e-26
3.83026e-25
4.55155e-25
5.892e-25
2.19162e-25
-3.16371e-26
-2.36521e-25
-4.15712e-25
-2.41567e-25
-1.45604e-25
5.43082e-26
1.91997e-25
1.62736e-25
1.54626e-25
3.15713e-26
-4.21942e-26
-7.13222e-26
-9.04953e-26
-4.10072e-26
-1.36108e-26
1.66486e-26
3.3049e-26
2.26684e-26
1.68768e-26
1.74898e-27
-5.93024e-27
-7.21244e-27
-7.54194e-27
-3.03552e-27
-7.60186e-28
1.05769e-27
1.81933e-27
1.17691e-27
8.11641e-28
1.67567e-28
-1.20284e-28
-1.80883e-28
-1.90078e-28
-8.43828e-29
-3.29472e-29
9.80707e-30
2.69069e-29
2.41989e-29
2.16697e-29
1.50345e-29
1.16698e-29
9.48158e-30
8.28466e-30
7.82651e-30
7.43375e-30
7.17481e-30
6.89163e-30
6.60656e-30
6.31074e-30
6.02358e-30
5.75412e-30
5.51629e-30
5.30233e-30
5.08864e-30
4.85413e-30
4.58436e-30
4.28828e-30
4.00133e-30
3.7504e-30
3.56207e-30
3.42942e-30
3.32294e-30
3.21675e-30
3.07484e-30
2.89928e-30
2.69765e-30
2.49031e-30
2.30875e-30
2.15886e-30
2.05429e-30
1.9836e-30
1.92693e-30
1.86714e-30
1.77718e-30
1.65227e-30
1.50234e-30
1.34987e-30
1.22911e-30
1.16251e-30
1.14378e-30
1.15427e-30
1.15077e-30
1.09825e-30
9.97702e-31
8.5582e-31
7.23801e-31
6.37845e-31
6.08431e-31
6.40218e-31
6.81288e-31
7.00834e-31
6.71478e-31
5.80182e-31
4.66457e-31
3.55874e-31
2.90024e-31
2.90581e-31
3.39371e-31
4.12293e-31
4.60013e-31
4.45677e-31
3.63953e-31
2.34972e-31
1.08985e-31
4.10434e-32
5.58369e-32
1.45251e-31
2.62261e-31
3.41729e-31
3.44419e-31
2.60946e-31
1.29837e-31
8.76599e-33
-5.43473e-32
-3.86059e-32
3.32253e-32
1.23669e-31
1.84629e-31
1.96308e-31
1.59461e-31
9.2398e-32
3.12903e-32
-1.23955e-32
-1.91999e-32
6.48309e-34
3.23127e-32
6.74303e-32
7.68762e-32
7.11278e-32
4.36088e-32
1.09921e-32
-9.60332e-34
-1.92443e-33
2.57939e-32
5.0311e-32
5.55149e-32
4.28331e-32
-3.49376e-33
-3.99837e-32
-5.75761e-32
-4.43603e-32
6.5459e-33
5.11643e-32
8.23292e-32
7.78918e-32
3.90146e-32
-7.08682e-34
-3.66513e-32
-4.77594e-32
-4.20846e-32
-3.972e-32
-3.62782e-32
-3.8496e-32
-2.55757e-32
1.58388e-32
6.90652e-32
1.19547e-31
1.22841e-31
6.03644e-32
-4.6755e-32
-1.6638e-31
-2.24619e-31
-1.88136e-31
-6.55956e-32
1.04983e-31
2.27139e-31
2.50515e-31
1.55253e-31
-2.7859e-32
-1.97562e-31
-2.90958e-31
-2.53533e-31
-1.00046e-31
8.34962e-32
2.29628e-31
2.55437e-31
1.57623e-31
-7.29973e-33
-1.75588e-31
-2.5154e-31
-2.1782e-31
-9.68058e-32
5.85942e-32
1.59314e-31
1.81952e-31
1.19186e-31
8.26344e-33
-8.61628e-32
-1.44233e-31
-1.40548e-31
-9.61867e-32
-4.06559e-32
1.68193e-32
4.92632e-32
6.67508e-32
6.58819e-32
4.52183e-32
1.75011e-32
-2.37363e-32
-5.95704e-32
-8.54383e-32
-9.45673e-32
-8.08466e-32
-5.45685e-32
-1.52111e-32
2.22009e-32
5.4634e-32
6.99918e-32
6.20736e-32
3.44787e-32
-1.58678e-32
-6.18547e-32
-9.88499e-32
-1.08544e-31
-8.46687e-32
-4.90405e-32
2.29532e-33
3.77215e-32
5.53028e-32
5.75281e-32
3.182e-32
4.24607e-33
-3.33983e-32
-6.68199e-32
-8.13359e-32
-8.45784e-32
-5.87726e-32
-2.17971e-32
1.73454e-32
4.88795e-32
5.20686e-32
3.62361e-32
9.79516e-34
-3.78144e-32
-6.44252e-32
-7.55867e-32
-6.37358e-32
-3.77332e-32
-5.2933e-33
2.24762e-32
3.57892e-32
3.00041e-32
9.77109e-33
-1.50177e-32
-3.40273e-32
-3.42018e-32
-2.55921e-32
-1.1762e-32
-7.30161e-33
-2.02418e-32
-3.12467e-32
-3.80597e-32
-1.786e-32
2.15954e-32
5.50109e-32
6.92176e-32
3.46953e-32
-2.66216e-32
-8.87914e-32
-1.18836e-31
-8.65841e-32
-1.56452e-32
6.92251e-32
1.17724e-31
1.03596e-31
3.94379e-32
-4.99658e-32
-1.08515e-31
-1.13828e-31
-6.33932e-32
1.69023e-32
7.66212e-32
9.45556e-32
5.72184e-32
-8.80962e-33
-6.36099e-32
-8.41403e-32
-5.20061e-32
7.30876e-33
6.28184e-32
8.75124e-32
6.03267e-32
2.33782e-33
-6.18268e-32
-1.01223e-31
-9.01441e-32
-4.06841e-32
3.07381e-32
9.33459e-32
1.15802e-31
9.80878e-32
4.20688e-32
-2.95743e-32
-8.57054e-32
-1.1675e-31
-1.05652e-31
-5.96858e-32
2.95999e-33
7.22224e-32
1.17474e-31
1.29657e-31
1.02383e-31
3.53371e-32
-4.28083e-32
-1.13212e-31
-1.44234e-31
-1.18795e-31
-4.742e-32
5.12433e-32
1.32119e-31
1.62172e-31
1.27969e-31
3.93822e-32
-6.05013e-32
-1.29022e-31
-1.34955e-31
-7.47505e-32
1.94326e-32
1.03902e-31
1.39759e-31
1.0925e-31
3.33916e-32
-5.12674e-32
-1.03963e-31
-9.51342e-32
-3.79386e-32
4.44529e-32
1.09717e-31
1.21821e-31
8.75982e-32
1.35966e-32
-5.48951e-32
-8.34131e-32
-7.07614e-32
-8.45604e-33
5.65515e-32
9.94562e-32
1.08031e-31
6.56486e-32
1.45242e-32
-3.37399e-32
-5.60739e-32
-3.64332e-32
-3.25828e-33
4.18988e-32
7.27219e-32
7.83823e-32
7.03386e-32
4.6026e-32
2.41139e-32
1.11343e-32
4.00533e-33
6.15508e-33
8.71613e-33
7.0319e-33
8.3344e-33
8.58318e-33
1.85346e-32
4.15188e-32
6.56058e-32
9.49423e-32
1.03693e-31
8.99165e-32
5.49921e-32
-2.86915e-33
-4.63096e-32
-7.19087e-32
-5.68248e-32
-3.09729e-33
6.12908e-32
1.24842e-31
1.48653e-31
1.33723e-31
8.21785e-32
1.87996e-32
-2.99421e-32
-5.01825e-32
-2.86166e-32
2.37807e-33
5.14524e-32
7.21547e-32
7.31041e-32
6.64055e-32
2.19108e-32
1.28383e-32
-1.93105e-32
-2.51945e-32
-4.95163e-33
)
;

boundaryField
{
    left
    {
        type            calculated;
        value           uniform 0;
    }
    right
    {
        type            calculated;
        value           uniform 0;
    }
    empty
    {
        type            empty;
        value           nonuniform List<scalar> 0();
    }
}


// ************************************************************************* //
