/*--------------------------------*- C++ -*----------------------------------*\
| =========                 |                                                 |
| \\      /  F ield         | OpenFOAM: The Open Source CFD Toolbox           |
|  \\    /   O peration     | Version:  2106                                  |
|   \\  /    A nd           | Website:  www.openfoam.com                      |
|    \\/     M anipulation  |                                                 |
\*---------------------------------------------------------------------------*/
FoamFile
{
    version     2.0;
    format      ascii;
    arch        "LSB;label=32;scalar=64";
    class       surfaceScalarField;
    location    "0.037";
    object      phi;
}
// * * * * * * * * * * * * * * * * * * * * * * * * * * * * * * * * * * * * * //

dimensions      [0 3 -1 0 0 0 0];

oriented        oriented;

internalField   nonuniform List<scalar> 
799
(
1.91826e-32
4.83574e-32
6.28906e-32
5.33874e-32
2.94718e-32
-3.60269e-32
-9.42705e-32
-1.39019e-31
-1.47951e-31
-1.0908e-31
-5.21861e-32
1.11692e-32
5.07057e-32
6.14917e-32
4.0926e-32
2.69442e-33
-4.72259e-32
-9.86332e-32
-1.37681e-31
-1.64404e-31
-1.5501e-31
-1.17671e-31
-5.52772e-32
1.66969e-32
5.8467e-32
6.87147e-32
2.81682e-32
-4.13699e-32
-1.06616e-31
-1.58197e-31
-1.60064e-31
-1.31818e-31
-8.45732e-32
-2.8649e-32
-2.91894e-33
8.96558e-33
-7.46147e-33
-4.46236e-32
-7.38e-32
-1.09829e-31
-1.18163e-31
-1.05076e-31
-8.10305e-32
-3.37617e-32
-7.99214e-33
2.81291e-33
-1.26107e-32
-6.11093e-32
-1.00625e-31
-1.36502e-31
-1.38043e-31
-1.03831e-31
-6.03007e-32
-5.66424e-33
1.90668e-32
1.32102e-32
-1.96069e-32
-7.84297e-32
-1.23582e-31
-1.48496e-31
-1.35113e-31
-8.17572e-32
-1.94633e-32
3.56434e-32
4.86162e-32
8.01744e-33
-6.56501e-32
-1.49046e-31
-1.94361e-31
-1.7674e-31
-1.05269e-31
-3.43432e-33
7.30898e-32
8.96987e-32
4.26985e-32
-5.09975e-32
-1.37424e-31
-1.81973e-31
-1.70377e-31
-1.11036e-31
-4.47043e-32
4.38995e-33
1.98418e-32
4.92015e-33
-1.91151e-32
-4.49765e-32
-6.44735e-32
-8.25351e-32
-1.02762e-31
-1.14954e-31
-1.12918e-31
-8.17347e-32
-2.91219e-32
2.43329e-32
5.70361e-32
3.81831e-32
-2.03804e-32
-1.0213e-31
-1.71466e-31
-1.84808e-31
-1.49512e-31
-6.37212e-32
2.71244e-32
8.03752e-32
8.94188e-32
3.1482e-32
-4.777e-32
-1.21541e-31
-1.65449e-31
-1.4844e-31
-1.04593e-31
-4.18266e-32
4.81633e-33
1.33973e-32
1.95414e-33
-2.86723e-32
-4.55212e-32
-4.30313e-32
-3.03025e-32
-1.64219e-32
-2.63548e-32
-5.68608e-32
-9.84064e-32
-1.29238e-31
-1.27829e-31
-9.31699e-32
-3.38129e-32
2.56374e-32
6.34391e-32
6.87882e-32
3.88292e-32
-1.35582e-32
-7.45342e-32
-1.29874e-31
-1.61759e-31
-1.64517e-31
-1.30827e-31
-6.67121e-32
7.00513e-33
7.17587e-32
9.70217e-32
7.44325e-32
1.11994e-32
-7.30236e-32
-1.37895e-31
-1.64424e-31
-1.40966e-31
-8.07597e-32
-1.80716e-32
2.51936e-32
2.59278e-32
-8.69527e-33
-5.57548e-32
-9.29051e-32
-9.34889e-32
-6.06517e-32
-9.90914e-33
3.17478e-32
3.44982e-32
-5.60325e-33
-7.67803e-32
-1.43685e-31
-1.70692e-31
-1.39857e-31
-5.9732e-32
2.95558e-32
8.75689e-32
7.9577e-32
1.2991e-32
-7.70553e-32
-1.47915e-31
-1.54906e-31
-1.0861e-31
-3.12418e-32
3.13415e-32
3.76489e-32
1.57497e-33
-6.74151e-32
-1.17136e-31
-1.19421e-31
-8.33119e-32
-1.24847e-32
3.68229e-32
5.01022e-32
2.08617e-32
-4.66797e-32
-1.02827e-31
-1.39473e-31
-1.31992e-31
-8.51442e-32
-3.00295e-32
2.56562e-32
4.84086e-32
3.95685e-32
7.69469e-33
-4.12036e-32
-7.91891e-32
-1.03832e-31
-1.08061e-31
-9.09357e-32
-6.50107e-32
-3.01536e-32
2.89732e-33
2.46444e-32
3.10692e-32
1.16925e-32
-2.82095e-32
-7.47968e-32
-1.11615e-31
-1.14951e-31
-8.11539e-32
-2.32684e-32
3.37218e-32
5.45369e-32
2.58284e-32
-4.2211e-32
-1.17716e-31
-1.55194e-31
-1.2942e-31
-4.70484e-32
5.56601e-32
1.22211e-31
1.12158e-31
2.54874e-32
-1.03742e-31
-2.08605e-31
-2.33688e-31
-1.66825e-31
-3.0757e-32
1.0306e-31
1.71313e-31
1.46064e-31
3.23722e-32
-1.04384e-31
-2.04626e-31
-2.26411e-31
-1.5723e-31
-4.53007e-32
6.35151e-32
1.20665e-31
1.01889e-31
3.17816e-32
-6.06214e-32
-1.30221e-31
-1.48331e-31
-1.17732e-31
-5.54653e-32
4.14376e-33
3.20607e-32
1.88561e-32
-2.12379e-32
-6.40883e-32
-7.91859e-32
-5.58219e-32
-1.28405e-32
2.77496e-32
2.98339e-32
-1.40766e-32
-7.9422e-32
-1.38479e-31
-1.47685e-31
-9.93313e-32
-1.92864e-32
5.98462e-32
9.12108e-32
6.24423e-32
-4.01854e-33
-8.06032e-32
-1.25285e-31
-1.23737e-31
-9.36393e-32
-4.76153e-32
-1.64204e-32
-6.93109e-33
-5.17058e-33
-1.39022e-32
-1.49613e-32
-1.53503e-32
-2.48114e-32
-3.31888e-32
-4.83456e-32
-5.39005e-32
-4.81558e-32
-4.25186e-32
-3.79822e-32
-4.78934e-32
-6.13568e-32
-6.20161e-32
-3.81086e-32
1.20472e-32
6.47212e-32
8.87177e-32
5.95985e-32
-1.50726e-32
-1.03485e-31
-1.54003e-31
-1.31707e-31
-4.30822e-32
7.83144e-32
1.66268e-31
1.82479e-31
1.24418e-31
2.42968e-32
-5.04353e-32
-6.53413e-32
-8.65803e-33
8.89539e-32
1.71823e-31
2.1385e-31
2.01205e-31
1.64815e-31
1.43923e-31
1.56494e-31
2.11452e-31
2.76912e-31
3.27685e-31
3.51643e-31
3.48349e-31
3.51736e-31
3.79495e-31
4.42956e-31
5.36084e-31
6.24047e-31
6.92978e-31
7.28503e-31
7.42396e-31
7.69916e-31
8.25701e-31
9.32249e-31
1.07368e-30
1.21815e-30
1.34602e-30
1.42515e-30
1.47359e-30
1.51634e-30
1.58413e-30
1.71943e-30
1.91033e-30
2.14402e-30
2.37713e-30
2.55717e-30
2.66964e-30
2.71752e-30
2.7043e-30
2.84884e-30
3.10072e-30
4.17771e-30
6.31676e-30
9.64727e-30
1.62381e-29
1.86351e-29
2.11361e-29
3.77843e-30
-3.92576e-29
-9.09143e-29
-1.96786e-28
-1.877e-28
-1.27178e-28
1.60577e-28
8.04548e-28
1.16966e-27
1.8119e-27
1.05005e-27
-7.68054e-28
-3.04358e-27
-7.55019e-27
-7.2208e-27
-5.93868e-27
1.74047e-27
1.68683e-26
2.26597e-26
3.30403e-26
1.66396e-26
-1.362e-26
-4.10164e-26
-9.05049e-26
-7.13319e-26
-4.22045e-26
3.15603e-26
1.54615e-25
1.62725e-25
1.91987e-25
5.43007e-26
-1.45611e-25
-2.41573e-25
-4.15722e-25
-2.36535e-25
-3.16544e-26
2.19143e-25
5.89184e-25
4.55145e-25
3.83023e-25
-3.70955e-26
-5.44013e-25
-5.80061e-25
-7.54264e-25
-2.5459e-25
2.23616e-25
5.06836e-25
9.15281e-25
5.06847e-25
2.23632e-25
-2.54576e-25
-7.54259e-25
-5.80066e-25
-5.44026e-25
-3.71095e-26
3.83014e-25
4.55143e-25
5.89188e-25
2.19151e-25
-3.16485e-26
-2.36533e-25
-4.15724e-25
-2.41578e-25
-1.45615e-25
5.42973e-26
1.91986e-25
1.62725e-25
1.54615e-25
3.15608e-26
-4.22046e-26
-7.13324e-26
-9.05054e-26
-4.10172e-26
-1.36205e-26
1.66389e-26
3.30396e-26
2.2659e-26
1.68676e-26
1.73997e-27
-5.93909e-27
-7.22112e-27
-7.55045e-27
-3.04386e-27
-7.68353e-28
1.0497e-27
1.81151e-27
1.16927e-27
8.0417e-28
1.60271e-28
-1.27404e-28
-1.87826e-28
-1.96847e-28
-9.0976e-29
-3.93659e-29
3.56217e-30
2.08348e-29
1.82985e-29
1.59396e-29
9.47337e-30
6.27587e-30
4.25316e-30
3.21981e-30
2.92316e-30
2.68971e-30
2.58777e-30
2.45918e-30
2.32617e-30
2.17979e-30
2.03935e-30
1.91381e-30
1.81704e-30
1.74118e-30
1.66261e-30
1.56016e-30
1.41936e-30
1.24912e-30
1.08484e-30
9.5339e-31
8.81338e-31
8.61757e-31
8.65123e-31
8.65554e-31
8.27056e-31
7.51718e-31
6.47131e-31
5.3368e-31
4.42877e-31
3.80665e-31
3.607e-31
3.71602e-31
3.93546e-31
4.09459e-31
3.92312e-31
3.37407e-31
2.54707e-31
1.6678e-31
1.07915e-31
1.00619e-31
1.38676e-31
2.03507e-31
2.5196e-31
2.49071e-31
1.95909e-31
9.92313e-32
1.03037e-32
-3.46088e-32
-2.49566e-32
4.39873e-32
1.20373e-31
1.7346e-31
1.75941e-31
1.14835e-31
2.97195e-32
-5.37654e-32
-9.3973e-32
-6.9165e-32
2.55186e-33
9.71271e-32
1.65276e-31
1.70209e-31
1.06645e-31
-5.2301e-33
-1.15113e-31
-1.67911e-31
-1.38878e-31
-3.60856e-32
9.3484e-32
1.84736e-31
1.98473e-31
1.25355e-31
3.94402e-33
-1.08054e-31
-1.62678e-31
-1.39005e-31
-5.9767e-32
3.75978e-32
1.0502e-31
1.22725e-31
9.14945e-32
2.96646e-32
-2.65748e-32
-6.57344e-32
-6.83254e-32
-4.45495e-32
-9.23769e-33
2.92679e-32
4.18574e-32
3.90257e-32
1.42113e-32
-1.59e-32
-2.55306e-32
-2.43404e-32
5.37455e-33
3.17402e-32
3.86608e-32
2.75754e-32
-1.72732e-32
-5.23964e-32
-6.87211e-32
-5.43361e-32
-2.34497e-33
4.32751e-32
7.53693e-32
7.17913e-32
3.37102e-32
-5.27524e-33
-4.05348e-32
-5.10076e-32
-4.47433e-32
-4.18378e-32
-3.78934e-32
-3.96456e-32
-2.62947e-32
1.55218e-32
6.91211e-32
1.1995e-31
1.23567e-31
6.13905e-32
-4.54504e-32
-1.64813e-31
-2.22806e-31
-1.86096e-31
-6.3349e-32
1.07425e-31
2.29766e-31
2.53315e-31
1.5822e-31
-2.47379e-32
-1.94297e-31
-2.87553e-31
-2.49994e-31
-9.63747e-32
8.72928e-32
2.33547e-31
2.59471e-31
1.61764e-31
-3.05779e-33
-1.71256e-31
-2.47125e-31
-2.13324e-31
-9.22257e-32
6.32502e-32
1.64041e-31
1.86749e-31
1.24055e-31
1.31956e-32
-8.11689e-32
-1.39182e-31
-1.35442e-31
-9.10273e-32
-3.54507e-32
2.207e-32
5.45535e-32
7.20817e-32
7.12534e-32
5.06253e-32
2.29456e-32
-1.8261e-32
-5.40634e-32
-7.99035e-32
-8.90066e-32
-7.52614e-32
-4.89592e-32
-9.57774e-33
2.78447e-32
6.02842e-32
7.56492e-32
6.77371e-32
4.01451e-32
-1.02031e-32
-5.61928e-32
-9.31939e-32
-1.029e-31
-7.90444e-32
-4.3438e-32
7.8745e-33
4.32746e-32
6.08278e-32
6.3023e-32
3.72931e-32
9.69435e-33
-2.79817e-32
-6.14375e-32
-7.599e-32
-7.92731e-32
-5.35108e-32
-1.65829e-32
2.25138e-32
5.39953e-32
5.71317e-32
4.12387e-32
5.92299e-33
-3.29274e-32
-5.96032e-32
-7.08291e-32
-5.90426e-32
-3.31094e-32
-7.3365e-34
2.6969e-32
4.02053e-32
3.43451e-32
1.40352e-32
-1.08334e-32
-2.99287e-32
-3.01874e-32
-2.16645e-32
-7.921e-33
-3.54604e-33
-1.6572e-32
-2.76597e-32
-3.45629e-32
-1.44505e-32
2.49079e-32
5.82278e-32
7.23352e-32
3.77106e-32
-2.37062e-32
-8.59777e-32
-1.16122e-31
-8.39728e-32
-1.31354e-32
7.16295e-32
1.20026e-31
1.05789e-31
4.15234e-32
-4.79873e-32
-1.0664e-31
-1.12056e-31
-6.17291e-32
1.84603e-32
7.80716e-32
9.58963e-32
5.84492e-32
-7.69168e-33
-6.26063e-32
-8.32495e-32
-5.12297e-32
7.972e-33
6.33646e-32
8.79392e-32
6.06329e-32
2.51951e-33
-6.17666e-32
-1.01288e-31
-9.03336e-32
-4.10022e-32
3.02928e-32
9.27696e-32
1.15096e-31
9.72504e-32
4.11013e-32
-3.06697e-32
-8.69287e-32
-1.18104e-31
-1.07135e-31
-6.13025e-32
1.20375e-33
7.03273e-32
1.15443e-31
1.27487e-31
1.00075e-31
3.28905e-32
-4.53963e-32
-1.1594e-31
-1.47106e-31
-1.21814e-31
-5.05948e-32
4.79165e-32
1.2864e-31
1.58537e-31
1.2417e-31
3.54224e-32
-6.46225e-32
-1.33304e-31
-1.39389e-31
-7.93427e-32
1.46837e-32
9.89935e-32
1.34691e-31
1.0402e-31
2.8005e-32
-5.68149e-32
-1.09668e-31
-1.00995e-31
-4.39586e-32
3.82816e-32
1.03391e-31
1.15348e-31
8.09854e-32
6.84232e-33
-6.17803e-32
-9.04262e-32
-7.78978e-32
-1.57054e-32
4.91872e-32
9.19842e-32
1.00455e-31
5.79761e-32
6.76483e-33
-4.15808e-32
-6.39958e-32
-4.44288e-32
-1.13201e-32
3.37805e-32
6.45608e-32
7.01926e-32
6.21278e-32
3.78037e-32
1.58939e-32
2.92501e-33
-4.18288e-33
-2.00248e-33
5.98327e-34
-1.03218e-33
3.39365e-34
6.69562e-34
1.07105e-32
3.37956e-32
5.79946e-32
8.74553e-32
9.63395e-32
8.27108e-32
4.79481e-32
-9.73742e-33
-5.29917e-32
-7.83906e-32
-6.30973e-32
-9.14591e-33
5.54784e-32
1.19273e-31
1.43339e-31
1.28673e-31
7.73976e-32
1.42993e-32
-3.41563e-32
-5.41058e-32
-3.2239e-32
-9.37386e-34
4.84567e-32
6.94779e-32
7.07554e-32
6.43832e-32
2.02232e-32
1.14849e-32
-2.03283e-32
-2.58735e-32
-5.28989e-33
)
;

boundaryField
{
    left
    {
        type            calculated;
        value           uniform 0;
    }
    right
    {
        type            calculated;
        value           uniform 0;
    }
    empty
    {
        type            empty;
        value           nonuniform List<scalar> 0();
    }
}


// ************************************************************************* //
