/*--------------------------------*- C++ -*----------------------------------*\
| =========                 |                                                 |
| \\      /  F ield         | OpenFOAM: The Open Source CFD Toolbox           |
|  \\    /   O peration     | Version:  2106                                  |
|   \\  /    A nd           | Website:  www.openfoam.com                      |
|    \\/     M anipulation  |                                                 |
\*---------------------------------------------------------------------------*/
FoamFile
{
    version     2.0;
    format      ascii;
    arch        "LSB;label=32;scalar=64";
    class       surfaceScalarField;
    location    "0.153";
    object      phi;
}
// * * * * * * * * * * * * * * * * * * * * * * * * * * * * * * * * * * * * * //

dimensions      [0 3 -1 0 0 0 0];

oriented        oriented;

internalField   nonuniform List<scalar> 
799
(
1.58964e-32
4.17876e-32
5.30413e-32
4.02625e-32
1.30798e-32
-5.56804e-32
-1.17177e-31
-1.65167e-31
-1.77324e-31
-1.4166e-31
-8.79542e-32
-2.77646e-32
8.63076e-33
1.63014e-32
-7.35164e-33
-4.86427e-32
-1.0159e-31
-1.55996e-31
-1.9801e-31
-2.27661e-31
-2.2116e-31
-1.8668e-31
-1.27101e-31
-5.79043e-32
-1.88711e-32
-1.13171e-32
-5.45143e-32
-1.26661e-31
-1.94466e-31
-2.48558e-31
-2.5289e-31
-2.27057e-31
-1.82184e-31
-1.28583e-31
-1.05129e-31
-9.54694e-32
-1.14071e-31
-1.53357e-31
-1.84607e-31
-2.22657e-31
-2.32962e-31
-2.21797e-31
-1.99622e-31
-1.54174e-31
-1.30173e-31
-1.21087e-31
-1.38182e-31
-1.88297e-31
-2.29381e-31
-2.66776e-31
-2.69785e-31
-2.36992e-31
-1.94832e-31
-1.41518e-31
-1.18062e-31
-1.25146e-31
-1.59145e-31
-2.19101e-31
-2.65342e-31
-2.91304e-31
-2.78917e-31
-2.26522e-31
-1.65147e-31
-1.10916e-31
-9.87761e-32
-1.40168e-31
-2.14585e-31
-2.98698e-31
-3.44689e-31
-3.27709e-31
-2.56842e-31
-1.55571e-31
-7.95766e-32
-6.34609e-32
-1.10925e-31
-2.05057e-31
-2.9189e-31
-3.36806e-31
-3.25551e-31
-2.66525e-31
-2.00477e-31
-1.5164e-31
-1.36418e-31
-1.51543e-31
-1.75755e-31
-2.0177e-31
-2.21396e-31
-2.39565e-31
-2.59874e-31
-2.72132e-31
-2.70141e-31
-2.38979e-31
-1.86367e-31
-1.32895e-31
-1.00157e-31
-1.18958e-31
-1.77448e-31
-2.59113e-31
-3.28348e-31
-3.41571e-31
-3.06142e-31
-2.20208e-31
-1.29204e-31
-7.57853e-32
-6.65574e-32
-1.24292e-31
-2.03337e-31
-2.76889e-31
-3.20568e-31
-3.03316e-31
-2.59217e-31
-1.9619e-31
-1.49275e-31
-1.40409e-31
-1.5156e-31
-1.81883e-31
-1.98425e-31
-1.95618e-31
-1.82565e-31
-1.6835e-31
-1.77941e-31
-2.08096e-31
-2.49282e-31
-2.79744e-31
-2.77955e-31
-2.42911e-31
-1.8316e-31
-1.23309e-31
-8.50961e-32
-7.93257e-32
-1.08853e-31
-1.608e-31
-2.21324e-31
-2.76202e-31
-3.07613e-31
-3.09882e-31
-2.75687e-31
-2.11058e-31
-1.36814e-31
-7.15183e-32
-4.56995e-32
-6.77166e-32
-1.30362e-31
-2.13978e-31
-2.78225e-31
-3.04111e-31
-2.79988e-31
-2.19093e-31
-1.55696e-31
-1.11696e-31
-1.10204e-31
-1.44037e-31
-1.90277e-31
-2.26577e-31
-2.26285e-31
-1.92542e-31
-1.40857e-31
-9.82164e-32
-9.44428e-32
-1.33482e-31
-2.03548e-31
-2.69298e-31
-2.95099e-31
-2.63008e-31
-1.81577e-31
-9.0928e-32
-3.14935e-32
-3.8001e-32
-1.03037e-31
-1.91466e-31
-2.60632e-31
-2.65854e-31
-2.17709e-31
-1.38405e-31
-7.38022e-32
-6.53793e-32
-9.92475e-32
-1.6592e-31
-2.13222e-31
-2.12978e-31
-1.74217e-31
-1.00618e-31
-4.84086e-32
-3.20952e-32
-5.81646e-32
-1.22388e-31
-1.75061e-31
-2.08071e-31
-1.96783e-31
-1.45952e-31
-8.66759e-32
-2.66352e-32
6.71066e-34
-3.40122e-33
-3.02875e-32
-7.39693e-32
-1.06496e-31
-1.2543e-31
-1.2369e-31
-1.00324e-31
-6.78695e-32
-2.61866e-32
1.40003e-32
4.3204e-32
5.74205e-32
4.61889e-32
1.47983e-32
-2.28915e-32
-5.04157e-32
-4.40406e-32
-1.05324e-34
6.83637e-32
1.36409e-31
1.68764e-31
1.52103e-31
9.66411e-32
3.42575e-32
1.04737e-32
5.05338e-32
1.47814e-31
2.66066e-31
3.48825e-31
3.55668e-31
2.86614e-31
1.75741e-31
9.00041e-32
8.48553e-32
1.72491e-31
3.30196e-31
4.86543e-31
5.78253e-31
5.77427e-31
4.89157e-31
3.78857e-31
3.06145e-31
3.13e-31
4.11969e-31
5.54884e-31
6.95912e-31
7.86548e-31
8.02581e-31
7.68647e-31
7.13828e-31
6.83269e-31
7.0571e-31
7.78422e-31
8.84411e-31
9.89411e-31
1.06444e-30
1.10012e-30
1.11073e-30
1.12049e-30
1.15995e-30
1.23988e-30
1.34151e-30
1.44289e-30
1.50796e-30
1.52932e-30
1.53157e-30
1.54254e-30
1.60584e-30
1.72925e-30
1.88699e-30
2.04653e-30
2.16109e-30
2.21839e-30
2.24092e-30
2.25636e-30
2.30682e-30
2.40672e-30
2.53844e-30
2.68946e-30
2.82911e-30
2.95061e-30
3.06802e-30
3.17866e-30
3.30082e-30
3.42755e-30
3.54924e-30
3.67613e-30
3.80045e-30
3.93868e-30
4.09262e-30
4.25096e-30
4.4128e-30
4.5649e-30
4.71826e-30
4.88934e-30
5.08998e-30
5.32198e-30
5.5617e-30
5.77805e-30
5.94668e-30
6.07527e-30
6.1957e-30
6.35972e-30
6.60233e-30
6.91714e-30
7.27067e-30
7.59681e-30
7.85733e-30
8.04978e-30
8.20647e-30
8.39488e-30
8.64956e-30
8.98232e-30
9.36256e-30
9.73465e-30
1.00726e-29
1.03625e-29
1.06354e-29
1.09306e-29
1.12661e-29
1.16508e-29
1.20527e-29
1.24469e-29
1.2821e-29
1.31747e-29
1.35419e-29
1.39402e-29
1.43809e-29
1.48579e-29
1.53364e-29
1.58024e-29
1.62414e-29
1.66652e-29
1.71088e-29
1.75868e-29
1.81216e-29
1.86971e-29
1.92814e-29
1.98546e-29
2.03844e-29
2.08887e-29
2.13923e-29
2.19257e-29
2.2531e-29
2.31963e-29
2.39083e-29
2.46235e-29
2.52891e-29
2.58903e-29
2.64297e-29
2.69105e-29
2.75513e-29
2.83013e-29
2.98779e-29
3.25177e-29
3.63497e-29
4.34424e-29
4.63412e-29
4.93436e-29
3.24864e-29
-1.00504e-29
-6.12095e-29
-1.66586e-28
-1.57007e-28
-9.59951e-29
1.92246e-28
8.36699e-28
1.20229e-27
1.845e-27
1.08362e-27
-7.34023e-28
-3.00909e-27
-7.51526e-27
-7.18542e-27
-5.90287e-27
1.77671e-27
1.69049e-26
2.26968e-26
3.30778e-26
1.66775e-26
-1.35817e-26
-4.09778e-26
-9.0466e-26
-7.12926e-26
-4.21649e-26
3.16003e-26
1.54655e-25
1.62766e-25
1.92028e-25
5.43418e-26
-1.45569e-25
-2.41532e-25
-4.1568e-25
-2.36493e-25
-3.16122e-26
2.19185e-25
5.89227e-25
4.55188e-25
3.83066e-25
-3.70526e-26
-5.4397e-25
-5.80018e-25
-7.5422e-25
-2.54546e-25
2.2366e-25
5.0688e-25
9.15324e-25
5.0689e-25
2.23675e-25
-2.54533e-25
-7.54215e-25
-5.80023e-25
-5.43983e-25
-3.70667e-26
3.83057e-25
4.55186e-25
5.89231e-25
2.19193e-25
-3.16065e-26
-2.36491e-25
-4.15682e-25
-2.41537e-25
-1.45574e-25
5.43381e-26
1.92026e-25
1.62766e-25
1.54655e-25
3.16005e-26
-4.21652e-26
-7.12934e-26
-9.04667e-26
-4.09789e-26
-1.35826e-26
1.66764e-26
3.30767e-26
2.26958e-26
1.69039e-26
1.77587e-27
-5.90363e-27
-7.1861e-27
-7.51587e-27
-3.00973e-27
-7.34684e-28
1.0829e-27
1.84425e-27
1.20153e-27
8.35954e-28
1.91573e-28
-9.65884e-29
-1.575e-28
-1.67012e-28
-6.16353e-29
-1.05207e-29
3.19104e-29
4.86851e-29
4.56504e-29
4.2793e-29
3.58286e-29
3.21335e-29
2.96143e-29
2.80858e-29
2.72959e-29
2.65712e-29
2.59804e-29
2.53657e-29
2.47497e-29
2.41237e-29
2.35072e-29
2.29095e-29
2.23447e-29
2.18053e-29
2.12677e-29
2.07112e-29
2.01213e-29
1.95072e-29
1.89046e-29
1.83403e-29
1.78412e-29
1.74005e-29
1.69887e-29
1.65801e-29
1.61389e-29
1.56672e-29
1.51726e-29
1.46757e-29
1.4208e-29
1.37755e-29
1.33919e-29
1.30459e-29
1.27177e-29
1.23902e-29
1.20364e-29
1.16516e-29
1.12457e-29
1.08413e-29
1.04727e-29
1.01623e-29
9.90393e-30
9.67893e-30
9.4441e-30
9.16444e-30
8.84093e-30
8.48029e-30
8.13372e-30
7.8374e-30
7.60182e-30
7.43163e-30
7.27488e-30
7.10077e-30
6.88189e-30
6.60518e-30
6.31012e-30
6.02226e-30
5.78316e-30
5.61446e-30
5.49796e-30
5.40951e-30
5.29972e-30
5.13171e-30
4.90011e-30
4.62499e-30
4.35657e-30
4.14984e-30
4.02944e-30
3.9872e-30
3.97605e-30
3.93079e-30
3.81213e-30
3.61064e-30
3.36478e-30
3.13216e-30
2.96066e-30
2.8711e-30
2.84067e-30
2.83182e-30
2.79641e-30
2.71458e-30
2.58702e-30
2.43198e-30
2.28557e-30
2.15921e-30
2.07229e-30
2.01453e-30
1.97103e-30
1.93336e-30
1.87236e-30
1.79843e-30
1.70495e-30
1.60853e-30
1.53488e-30
1.47427e-30
1.44434e-30
1.41315e-30
1.36454e-30
1.29989e-30
1.20338e-30
1.11845e-30
1.05411e-30
1.02221e-30
1.0296e-30
1.03226e-30
1.02295e-30
9.79508e-31
9.0304e-31
8.27097e-31
7.56265e-31
7.11555e-31
6.84874e-31
6.56091e-31
6.29557e-31
5.98496e-31
5.83669e-31
5.98398e-31
6.25963e-31
6.51775e-31
6.31357e-31
5.46094e-31
4.1708e-31
2.76425e-31
1.97993e-31
2.15087e-31
3.19008e-31
4.71719e-31
5.76735e-31
5.83666e-31
4.72634e-31
2.74398e-31
9.01937e-32
-1.71002e-32
7.00914e-33
1.47746e-31
3.19083e-31
4.53524e-31
4.68138e-31
3.59607e-31
1.84428e-31
6.32623e-33
-7.90128e-32
-5.42721e-32
5.81529e-32
2.05343e-31
2.98215e-31
3.13361e-31
2.43437e-31
1.25679e-31
2.47286e-32
-3.95688e-32
-4.1822e-32
-3.12738e-33
4.6998e-32
9.93165e-32
1.26842e-31
1.39651e-31
1.34319e-31
1.09402e-31
7.76406e-32
3.2552e-32
-6.94191e-33
-3.62955e-32
-4.87362e-32
-3.81616e-32
-1.48703e-32
2.16464e-32
5.63605e-32
8.62373e-32
9.91692e-32
8.89539e-32
5.91802e-32
6.77155e-33
-4.11683e-32
-8.00073e-32
-9.14486e-32
-6.92334e-32
-3.51715e-32
1.4689e-32
4.87225e-32
6.49941e-32
6.59932e-32
3.91393e-32
1.04903e-32
-2.81667e-32
-6.25389e-32
-7.7943e-32
-8.20175e-32
-5.69915e-32
-2.07414e-32
1.77276e-32
4.86357e-32
5.12478e-32
3.48784e-32
-8.71935e-34
-4.01075e-32
-6.71251e-32
-7.86562e-32
-6.71393e-32
-4.14406e-32
-9.26793e-33
1.82632e-32
3.13671e-32
2.5398e-32
5.01344e-33
-1.99063e-32
-3.90257e-32
-3.92799e-32
-3.07272e-32
-1.69331e-32
-1.2492e-32
-2.54298e-32
-3.64106e-32
-4.3186e-32
-2.29336e-32
1.65891e-32
5.00862e-32
6.43893e-32
2.99798e-32
-3.12114e-32
-9.32436e-32
-1.23138e-31
-9.07248e-32
-1.96159e-32
6.54335e-32
1.14123e-31
1.00194e-31
3.62436e-32
-5.2942e-32
-1.11261e-31
-1.16336e-31
-6.56592e-32
1.48891e-32
7.48645e-32
9.30585e-32
5.5987e-32
-9.77259e-33
-6.4299e-32
-8.45448e-32
-5.21265e-32
7.47969e-33
6.32803e-32
8.82714e-32
6.13815e-32
3.69199e-33
-6.01692e-32
-9.92608e-32
-8.78751e-32
-3.81103e-32
3.36195e-32
9.65357e-32
1.19303e-31
1.01901e-31
4.61952e-32
-2.51364e-32
-8.09628e-32
-1.11706e-31
-1.00309e-31
-5.40449e-32
8.89304e-33
7.8444e-32
1.23985e-31
1.36452e-31
1.09465e-31
4.27105e-32
-3.51437e-32
-1.05255e-31
-1.35993e-31
-1.10273e-31
-3.86299e-32
6.03012e-32
1.41438e-31
1.71745e-31
1.3779e-31
4.945e-32
-5.01945e-32
-1.18481e-31
-1.24182e-31
-6.37518e-32
3.06491e-32
1.15326e-31
1.51382e-31
1.21063e-31
4.5388e-32
-3.91009e-32
-9.16336e-32
-8.2654e-32
-2.53177e-32
5.72129e-32
1.22597e-31
1.34818e-31
1.00707e-31
2.68035e-32
-4.15966e-32
-7.00376e-32
-5.7322e-32
5.03751e-33
7.00883e-32
1.13025e-31
1.21616e-31
7.92407e-32
2.81141e-32
-2.01693e-32
-4.25315e-32
-2.29336e-32
1.01849e-32
5.52802e-32
8.60221e-32
9.15908e-32
8.34439e-32
5.9016e-32
3.69785e-32
2.38605e-32
1.65811e-32
1.85628e-32
2.0941e-32
1.90637e-32
2.01608e-32
2.01914e-32
2.99145e-32
5.26554e-32
7.64835e-32
1.05553e-31
1.14028e-31
9.99617e-32
6.47398e-32
6.57036e-33
-3.71855e-32
-6.31069e-32
-4.83555e-32
5.03224e-33
6.90754e-32
1.3227e-31
1.55716e-31
1.40412e-31
8.84837e-32
2.47174e-32
-2.44207e-32
-4.5066e-32
-2.39101e-32
6.67004e-33
5.53314e-32
7.56138e-32
7.61419e-32
6.90145e-32
2.40895e-32
1.45837e-32
-1.80052e-32
-2.43256e-32
-4.5171e-33
)
;

boundaryField
{
    left
    {
        type            calculated;
        value           uniform 0;
    }
    right
    {
        type            calculated;
        value           uniform 0;
    }
    empty
    {
        type            empty;
        value           nonuniform List<scalar> 0();
    }
}


// ************************************************************************* //
