/*--------------------------------*- C++ -*----------------------------------*\
| =========                 |                                                 |
| \\      /  F ield         | OpenFOAM: The Open Source CFD Toolbox           |
|  \\    /   O peration     | Version:  2106                                  |
|   \\  /    A nd           | Website:  www.openfoam.com                      |
|    \\/     M anipulation  |                                                 |
\*---------------------------------------------------------------------------*/
FoamFile
{
    version     2.0;
    format      ascii;
    arch        "LSB;label=32;scalar=64";
    class       surfaceScalarField;
    location    "0.054";
    object      phi;
}
// * * * * * * * * * * * * * * * * * * * * * * * * * * * * * * * * * * * * * //

dimensions      [0 3 -1 0 0 0 0];

oriented        oriented;

internalField   nonuniform List<scalar> 
799
(
1.84506e-32
4.68936e-32
6.06939e-32
5.04549e-32
2.58172e-32
-4.04039e-32
-9.93705e-32
-1.44833e-31
-1.54465e-31
-1.16293e-31
-6.00905e-32
2.58242e-33
4.14438e-32
5.15623e-32
3.03396e-32
-8.54039e-33
-5.90975e-32
-1.11128e-31
-1.50791e-31
-1.78117e-31
-1.69313e-31
-1.3255e-31
-7.07192e-32
7.02664e-34
4.19326e-32
5.16559e-32
1.05994e-32
-5.9433e-32
-1.25158e-31
-1.77196e-31
-1.79515e-31
-1.51699e-31
-1.04868e-31
-4.93471e-32
-2.40051e-32
-1.2493e-32
-2.92775e-32
-6.67826e-32
-9.6289e-32
-1.32629e-31
-1.41258e-31
-1.2845e-31
-1.04674e-31
-5.76628e-32
-3.21325e-32
-2.15524e-32
-3.71893e-32
-8.58874e-32
-1.2559e-31
-1.61638e-31
-1.63339e-31
-1.29274e-31
-8.58805e-32
-3.13691e-32
-6.75223e-33
-1.27107e-32
-4.56205e-32
-1.04524e-31
-1.4975e-31
-1.74727e-31
-1.61394e-31
-1.08084e-31
-4.58277e-32
9.24917e-33
2.22024e-32
-1.84099e-32
-9.20775e-32
-1.75473e-31
-2.20785e-31
-2.03156e-31
-1.31659e-31
-2.9794e-32
4.67625e-32
6.34143e-32
1.64592e-32
-7.71882e-32
-1.63563e-31
-2.08061e-31
-1.96409e-31
-1.37007e-31
-7.06105e-32
-2.14478e-32
-5.92468e-33
-2.07692e-32
-4.47289e-32
-7.05101e-32
-8.99244e-32
-1.07903e-31
-1.28047e-31
-1.40157e-31
-1.38035e-31
-1.06763e-31
-5.40579e-32
-5.10071e-34
3.22849e-32
1.35221e-32
-4.4947e-32
-1.26605e-31
-1.95851e-31
-2.09099e-31
-1.73713e-31
-8.78284e-32
3.10857e-33
5.64516e-32
6.5593e-32
7.74735e-33
-7.14157e-32
-1.451e-31
-1.88925e-31
-1.71826e-31
-1.27894e-31
-6.50437e-32
-1.83159e-32
-9.65071e-33
-2.10113e-32
-5.15547e-32
-6.83284e-32
-6.57655e-32
-5.29639e-32
-3.90116e-32
-4.88738e-32
-7.93098e-32
-1.20787e-31
-1.51553e-31
-1.5008e-31
-1.15354e-31
-5.59332e-32
3.57802e-33
4.14398e-32
4.68471e-32
1.69453e-32
-3.5389e-32
-9.63123e-32
-1.51602e-31
-1.83437e-31
-1.86144e-31
-1.52401e-31
-8.82361e-32
-1.447e-32
5.0332e-32
7.56416e-32
5.30969e-32
-1.00941e-32
-9.4275e-32
-1.59103e-31
-1.85591e-31
-1.62091e-31
-1.01849e-31
-3.91214e-32
4.18288e-33
4.9568e-33
-2.96262e-32
-7.66427e-32
-1.1375e-31
-1.14301e-31
-8.14322e-32
-3.06561e-32
1.10365e-32
1.38246e-32
-2.62408e-32
-9.73789e-32
-1.64244e-31
-1.9121e-31
-1.60329e-31
-8.01674e-32
9.15776e-33
6.72082e-32
5.92539e-32
-7.29145e-33
-9.72941e-32
-1.6811e-31
-1.75056e-31
-1.28717e-31
-5.13028e-32
1.13239e-32
1.76764e-32
-1.83535e-32
-8.72943e-32
-1.36968e-31
-1.39207e-31
-1.03048e-31
-3.21721e-32
1.71859e-32
3.05168e-32
1.32558e-33
-6.61662e-32
-1.22263e-31
-1.58858e-31
-1.51324e-31
-1.04425e-31
-4.92617e-32
6.47152e-33
2.92711e-32
2.04863e-32
-1.13359e-32
-6.01823e-32
-9.8115e-32
-1.22706e-31
-1.26884e-31
-1.0971e-31
-8.37343e-32
-4.88283e-32
-1.57288e-32
6.0727e-33
1.25441e-32
-6.78279e-33
-4.66346e-32
-9.31699e-32
-1.29939e-31
-1.33226e-31
-9.9387e-32
-4.14588e-32
1.55745e-32
3.64332e-32
7.768e-33
-6.02259e-32
-1.3569e-31
-1.73126e-31
-1.47307e-31
-6.48888e-32
3.78671e-32
1.04464e-31
9.44548e-32
7.83274e-33
-1.21349e-31
-2.26164e-31
-2.51192e-31
-1.84273e-31
-4.81467e-32
8.57325e-32
1.54053e-31
1.28878e-31
1.52667e-32
-1.21401e-31
-2.21546e-31
-2.43224e-31
-1.73927e-31
-6.1866e-32
4.70905e-32
1.04391e-31
8.5784e-32
1.58633e-32
-7.63322e-32
-1.45701e-31
-1.63552e-31
-1.32664e-31
-7.00798e-32
-1.01202e-32
1.8191e-32
5.41818e-33
-3.42033e-32
-7.65226e-32
-9.10401e-32
-6.70404e-32
-2.33564e-32
1.80063e-32
2.09415e-32
-2.20308e-32
-8.63464e-32
-1.44268e-31
-1.52236e-31
-1.02521e-31
-2.09911e-32
5.9768e-32
9.29081e-32
6.60805e-32
1.73037e-33
-7.25564e-32
-1.14737e-31
-1.10461e-31
-7.74088e-32
-2.8177e-32
6.49545e-33
1.97536e-32
2.55901e-32
2.12676e-32
2.49731e-32
2.97233e-32
2.5806e-32
2.3404e-32
1.46793e-32
1.60439e-32
2.9226e-32
4.28507e-32
5.5955e-32
5.52319e-32
5.16074e-32
6.1477e-32
9.66403e-32
1.58818e-31
2.24327e-31
2.62009e-31
2.47476e-31
1.88332e-31
1.16436e-31
8.34688e-32
1.24402e-31
2.32797e-31
3.75154e-31
4.85304e-31
5.25005e-31
4.91774e-31
4.17885e-31
3.70841e-31
3.85128e-31
4.72572e-31
6.0256e-31
7.19482e-31
7.97293e-31
8.22216e-31
8.25235e-31
8.45643e-31
9.01457e-31
1.00166e-30
1.11441e-30
1.21456e-30
1.29004e-30
1.34046e-30
1.39979e-30
1.48575e-30
1.60972e-30
1.7657e-30
1.91888e-30
2.05543e-30
2.16099e-30
2.24736e-30
2.3498e-30
2.48298e-30
2.6694e-30
2.89317e-30
3.12244e-30
3.33758e-30
3.50643e-30
3.647e-30
3.7843e-30
3.94899e-30
4.18354e-30
4.47597e-30
4.81343e-30
5.15248e-30
5.44061e-30
5.66319e-30
5.82317e-30
5.92394e-30
6.18428e-30
6.55367e-30
7.74979e-30
1.00095e-29
1.3462e-29
2.01762e-29
2.26976e-29
2.53241e-29
8.09282e-30
-3.48161e-29
-8.6345e-29
-1.92088e-28
-1.82874e-28
-1.22223e-28
1.6566e-28
8.0976e-28
1.175e-27
1.81736e-27
1.05565e-27
-7.62333e-28
-3.03773e-27
-7.54422e-27
-7.21471e-27
-5.93247e-27
1.74681e-27
1.68747e-26
2.26663e-26
3.3047e-26
1.66464e-26
-1.36131e-26
-4.10094e-26
-9.04978e-26
-7.13247e-26
-4.21972e-26
3.15677e-26
1.54622e-25
1.62733e-25
1.91995e-25
5.43085e-26
-1.45603e-25
-2.41565e-25
-4.15714e-25
-2.36527e-25
-3.16463e-26
2.19151e-25
5.89192e-25
4.55153e-25
3.83031e-25
-3.70872e-26
-5.44005e-25
-5.80052e-25
-7.54255e-25
-2.54581e-25
2.23625e-25
5.06845e-25
9.15289e-25
5.06855e-25
2.2364e-25
-2.54568e-25
-7.5425e-25
-5.80058e-25
-5.44017e-25
-3.71013e-26
3.83022e-25
4.55152e-25
5.89197e-25
2.19159e-25
-3.16405e-26
-2.36525e-25
-4.15716e-25
-2.4157e-25
-1.45608e-25
5.43049e-26
1.91993e-25
1.62733e-25
1.54622e-25
3.15681e-26
-4.21974e-26
-7.13253e-26
-9.04984e-26
-4.10103e-26
-1.36137e-26
1.66456e-26
3.30461e-26
2.26655e-26
1.68739e-26
1.74619e-27
-5.93299e-27
-7.21514e-27
-7.5446e-27
-3.03813e-27
-7.62746e-28
1.05518e-27
1.81687e-27
1.1745e-27
8.09271e-28
1.65245e-28
-1.22558e-28
-1.83108e-28
-1.92255e-28
-8.65105e-29
-3.50263e-29
7.77661e-30
2.49249e-29
2.22653e-29
1.97843e-29
1.31971e-29
9.88001e-30
7.73919e-30
6.58928e-30
6.17775e-30
5.83118e-30
5.61796e-30
5.38e-30
5.13963e-30
4.88796e-30
4.64435e-30
4.41784e-30
4.22232e-30
4.04999e-30
3.87727e-30
3.68301e-30
3.45277e-30
3.1955e-30
2.94659e-30
2.73294e-30
2.58111e-30
2.48417e-30
2.41261e-30
2.34052e-30
2.23191e-30
2.08883e-30
1.91886e-30
1.74236e-30
1.59082e-30
1.47013e-30
1.39394e-30
1.35082e-30
1.3209e-30
1.28708e-30
1.22227e-30
1.12172e-30
9.95364e-31
8.65706e-31
7.66994e-31
7.21681e-31
7.23494e-31
7.53801e-31
7.694e-31
7.35272e-31
6.52438e-31
5.27591e-31
4.11947e-31
3.41719e-31
3.27403e-31
3.73672e-31
4.28621e-31
4.61463e-31
4.44837e-31
3.65715e-31
2.63631e-31
1.64168e-31
1.08935e-31
1.19618e-31
1.78072e-31
2.6019e-31
3.16668e-31
3.10668e-31
2.36868e-31
1.15423e-31
-3.40649e-33
-6.45608e-32
-4.33274e-32
5.21871e-32
1.74976e-31
2.59916e-31
2.67779e-31
1.892e-31
6.27138e-32
-5.39892e-32
-1.12983e-31
-9.33655e-32
-1.78811e-32
7.6002e-32
1.40211e-31
1.54937e-31
1.20954e-31
5.6578e-32
-2.00267e-33
-4.33199e-32
-4.79045e-32
-2.59739e-32
7.64053e-33
4.45815e-32
5.57331e-32
5.15818e-32
2.55547e-32
-5.67228e-33
-1.63264e-32
-1.60785e-32
1.27721e-32
3.83389e-32
4.45228e-32
3.27551e-32
-1.27187e-32
-4.84146e-32
-6.52689e-32
-5.13734e-32
1.625e-34
4.53696e-32
7.7081e-32
7.31455e-32
3.47356e-32
-4.55452e-33
-4.00939e-32
-5.08277e-32
-4.48065e-32
-4.21245e-32
-3.83877e-32
-4.03302e-32
-2.71535e-32
1.44996e-32
6.79458e-32
1.18632e-31
1.22115e-31
5.98152e-32
-4.71447e-32
-1.66622e-31
-2.24724e-31
-1.88115e-31
-6.54621e-32
1.05223e-31
2.27481e-31
2.50951e-31
1.55779e-31
-2.72536e-32
-1.96884e-31
-2.90217e-31
-2.52734e-31
-9.91824e-32
8.44257e-32
2.30617e-31
2.56478e-31
1.58712e-31
-6.16335e-33
-1.74406e-31
-2.5032e-31
-2.16562e-31
-9.55133e-32
5.99182e-32
1.60668e-31
1.8333e-31
1.20592e-31
9.68984e-33
-8.47108e-32
-1.4276e-31
-1.39051e-31
-9.46692e-32
-3.91197e-32
1.83721e-32
5.0828e-32
6.83336e-32
6.74768e-32
4.68289e-32
1.91307e-32
-2.20933e-32
-5.79141e-32
-8.37727e-32
-9.28926e-32
-7.91617e-32
-5.28743e-32
-1.35018e-32
2.39146e-32
5.63523e-32
7.17119e-32
6.37964e-32
3.62045e-32
-1.4141e-32
-6.01289e-32
-9.71229e-32
-1.06823e-31
-8.29617e-32
-4.735e-32
3.96997e-33
3.93792e-32
5.69428e-32
5.91561e-32
3.34472e-32
5.87559e-33
-3.17763e-32
-6.5207e-32
-7.97335e-32
-8.29865e-32
-5.71941e-32
-2.02324e-32
1.88982e-32
5.04142e-32
5.35852e-32
3.77311e-32
2.45556e-33
-3.63519e-32
-6.2976e-32
-7.41528e-32
-6.23167e-32
-3.63354e-32
-3.91143e-33
2.38364e-32
3.71313e-32
3.13263e-32
1.10771e-32
-1.37358e-32
-3.27739e-32
-3.2971e-32
-2.43824e-32
-1.05788e-32
-6.14605e-33
-1.91103e-32
-3.01378e-32
-3.69748e-32
-1.68007e-32
2.26246e-32
5.60115e-32
7.01881e-32
3.56357e-32
-2.57116e-32
-8.79142e-32
-1.17992e-31
-8.57761e-32
-1.48763e-32
6.99534e-32
1.18418e-31
1.04254e-31
4.00608e-32
-4.93775e-32
-1.07958e-31
-1.13304e-31
-6.29057e-32
1.73567e-32
7.70432e-32
9.49408e-32
5.75669e-32
-8.50118e-33
-6.33405e-32
-8.39104e-32
-5.18165e-32
7.45802e-33
6.29283e-32
8.75846e-32
6.03583e-32
2.32691e-33
-6.18773e-32
-1.01319e-31
-9.0284e-32
-4.08683e-32
3.05094e-32
9.30766e-32
1.15494e-31
9.77424e-32
4.16889e-32
-2.99881e-32
-8.61583e-32
-1.17247e-31
-1.06191e-31
-6.02696e-32
2.32809e-33
7.15423e-32
1.1675e-31
1.28885e-31
1.01566e-31
3.44779e-32
-4.37081e-32
-1.14156e-31
-1.4522e-31
-1.1982e-31
-4.84943e-32
5.01268e-32
1.30962e-31
1.60969e-31
1.2672e-31
3.80874e-32
-6.18404e-32
-1.30407e-31
-1.36378e-31
-7.62145e-32
1.79291e-32
1.02358e-31
1.38173e-31
1.07622e-31
3.17259e-32
-5.29781e-32
-1.05712e-31
-9.69217e-32
-3.97674e-32
4.25879e-32
1.07813e-31
1.1988e-31
8.56287e-32
1.15985e-32
-5.69173e-32
-8.54624e-32
-7.28378e-32
-1.05505e-32
5.44306e-32
9.73166e-32
1.05872e-31
6.34673e-32
1.2326e-32
-3.59499e-32
-5.8294e-32
-3.86676e-32
-5.50395e-33
3.96486e-32
7.04725e-32
7.61359e-32
6.80982e-32
4.37937e-32
2.18931e-32
8.92849e-33
1.81459e-33
3.97881e-33
6.55667e-33
4.89382e-33
6.22248e-33
6.50077e-33
1.6486e-32
3.95011e-32
6.36196e-32
9.29908e-32
1.01782e-31
8.80486e-32
5.31707e-32
-4.64104e-33
-4.80279e-32
-7.35671e-32
-5.84257e-32
-4.63577e-33
5.98223e-32
1.23441e-31
1.47323e-31
1.32468e-31
8.09989e-32
1.76982e-32
-3.09665e-32
-5.11334e-32
-2.94931e-32
1.57836e-33
5.07377e-32
7.15212e-32
7.25549e-32
6.5936e-32
2.15232e-32
1.25261e-32
-1.95482e-32
-2.53534e-32
-5.02867e-33
)
;

boundaryField
{
    left
    {
        type            calculated;
        value           uniform 0;
    }
    right
    {
        type            calculated;
        value           uniform 0;
    }
    empty
    {
        type            empty;
        value           nonuniform List<scalar> 0();
    }
}


// ************************************************************************* //
