/*--------------------------------*- C++ -*----------------------------------*\
| =========                 |                                                 |
| \\      /  F ield         | OpenFOAM: The Open Source CFD Toolbox           |
|  \\    /   O peration     | Version:  2106                                  |
|   \\  /    A nd           | Website:  www.openfoam.com                      |
|    \\/     M anipulation  |                                                 |
\*---------------------------------------------------------------------------*/
FoamFile
{
    version     2.0;
    format      ascii;
    arch        "LSB;label=32;scalar=64";
    class       surfaceScalarField;
    location    "0.104";
    object      phi;
}
// * * * * * * * * * * * * * * * * * * * * * * * * * * * * * * * * * * * * * //

dimensions      [0 3 -1 0 0 0 0];

oriented        oriented;

internalField   nonuniform List<scalar> 
799
(
1.69459e-32
4.38868e-32
5.61875e-32
4.44536e-32
1.8311e-32
-4.94076e-32
-1.09859e-31
-1.56801e-31
-1.67913e-31
-1.31213e-31
-7.6472e-32
-1.52512e-32
2.21693e-32
3.08586e-32
8.21924e-33
-3.20629e-32
-8.40082e-32
-1.37415e-31
-1.78438e-31
-2.07108e-31
-1.99629e-31
-1.64175e-31
-1.03636e-31
-3.34856e-32
6.49249e-33
1.49841e-32
-2.72846e-32
-9.85098e-32
-1.65408e-31
-2.18604e-31
-2.22054e-31
-1.95349e-31
-1.49609e-31
-9.51496e-32
-7.08485e-32
-6.03542e-32
-7.81321e-32
-1.16607e-31
-1.47057e-31
-1.84319e-31
-1.9385e-31
-1.81919e-31
-1.58992e-31
-1.12805e-31
-8.80758e-32
-7.8271e-32
-9.46591e-32
-1.44084e-31
-1.84492e-31
-2.21222e-31
-2.23577e-31
-1.90145e-31
-1.4736e-31
-9.34345e-32
-6.93792e-32
-7.58776e-32
-1.09303e-31
-1.68701e-31
-2.14399e-31
-2.39824e-31
-2.2692e-31
-1.74015e-31
-1.12145e-31
-5.74331e-32
-4.4826e-32
-8.57633e-32
-1.59738e-31
-2.43422e-31
-2.88996e-31
-2.71616e-31
-2.00358e-31
-9.87122e-32
-2.23562e-32
-5.88913e-33
-5.30097e-32
-1.46812e-31
-2.33326e-31
-2.77942e-31
-2.66394e-31
-2.07086e-31
-1.40768e-31
-9.16731e-32
-7.62044e-32
-9.10927e-32
-1.15083e-31
-1.40885e-31
-1.60308e-31
-1.78285e-31
-1.98419e-31
-2.10506e-31
-2.08357e-31
-1.77046e-31
-1.24295e-31
-7.06922e-32
-3.78355e-32
-5.6526e-32
-1.1492e-31
-1.96495e-31
-2.65652e-31
-2.78808e-31
-2.43313e-31
-1.57323e-31
-6.62742e-32
-1.28157e-32
-3.5577e-33
-6.12781e-32
-1.40313e-31
-2.1387e-31
-2.57562e-31
-2.40326e-31
-1.9625e-31
-1.33254e-31
-8.6378e-32
-7.75638e-32
-8.87739e-32
-1.19165e-31
-1.35784e-31
-1.33062e-31
-1.20103e-31
-1.0599e-31
-1.15692e-31
-1.45967e-31
-1.87282e-31
-2.17884e-31
-2.16244e-31
-1.81358e-31
-1.21777e-31
-6.21067e-32
-2.4084e-32
-1.85154e-32
-4.8255e-32
-1.00428e-31
-1.61187e-31
-2.16311e-31
-2.47982e-31
-2.50527e-31
-2.16625e-31
-1.52299e-31
-7.8373e-32
-1.34107e-32
1.20598e-32
-1.03241e-32
-7.33545e-32
-1.57375e-31
-2.22043e-31
-2.4837e-31
-2.24708e-31
-1.643e-31
-1.0141e-31
-5.79419e-32
-5.70052e-32
-9.1423e-32
-1.38275e-31
-1.75217e-31
-1.75594e-31
-1.42553e-31
-9.16118e-32
-4.97477e-32
-4.67896e-32
-8.66789e-32
-1.57639e-31
-2.24324e-31
-2.51104e-31
-2.20041e-31
-1.39688e-31
-5.01681e-32
8.08364e-33
3.31019e-34
-6.60082e-32
-1.55797e-31
-2.26396e-31
-2.33119e-31
-1.8655e-31
-1.08895e-31
-4.60207e-32
-3.94093e-32
-7.51684e-32
-1.43832e-31
-1.93216e-31
-1.95154e-31
-1.58683e-31
-8.74797e-32
-3.77798e-32
-2.40942e-32
-5.29149e-32
-1.20019e-31
-1.75707e-31
-2.11872e-31
-2.03885e-31
-1.56506e-31
-1.00837e-31
-4.45729e-32
-2.12093e-32
-2.94073e-32
-6.06074e-32
-1.08794e-31
-1.4603e-31
-1.69883e-31
-1.73281e-31
-1.5528e-31
-1.28431e-31
-9.25951e-32
-5.85134e-32
-3.56771e-32
-2.8105e-32
-4.62651e-32
-8.48791e-32
-1.301e-31
-1.65475e-31
-1.67282e-31
-1.31863e-31
-7.22622e-32
-1.34529e-32
9.2881e-33
-1.73817e-32
-8.32573e-32
-1.56475e-31
-1.91526e-31
-1.63182e-31
-7.80814e-32
2.75152e-32
9.71225e-32
9.03081e-32
7.06576e-33
-1.18533e-31
-2.19553e-31
-2.40564e-31
-1.69385e-31
-2.87513e-32
1.09898e-31
1.83264e-31
1.63429e-31
5.54629e-32
-7.52368e-32
-1.69073e-31
-1.84083e-31
-1.07745e-31
1.17489e-32
1.28556e-31
1.94143e-31
1.84279e-31
1.23581e-31
4.11099e-32
-1.80103e-32
-2.50642e-32
1.71966e-32
9.1757e-32
1.64325e-31
2.05901e-31
2.07084e-31
1.82137e-31
1.55242e-31
1.56935e-31
1.97965e-31
2.59533e-31
3.19666e-31
3.42298e-31
3.1998e-31
2.77325e-31
2.42107e-31
2.57926e-31
3.32546e-31
4.40156e-31
5.48207e-31
6.099e-31
6.12924e-31
5.79781e-31
5.38102e-31
5.29989e-31
5.69825e-31
6.39997e-31
7.2795e-31
8.03005e-31
8.58355e-31
9.08052e-31
9.49412e-31
1.00067e-30
1.05492e-30
1.10248e-30
1.15361e-30
1.20053e-30
1.2597e-30
1.3329e-30
1.40883e-30
1.48659e-30
1.55291e-30
1.61878e-30
1.70067e-30
1.81043e-30
1.94983e-30
2.09524e-30
2.21558e-30
2.28649e-30
2.31565e-30
2.33496e-30
2.39616e-30
2.53427e-30
2.7429e-30
2.98858e-30
3.20522e-30
3.35459e-30
3.43427e-30
3.47657e-30
3.54902e-30
3.68614e-30
3.8998e-30
4.1594e-30
4.40936e-30
4.62366e-30
4.78854e-30
4.935e-30
5.10234e-30
5.30858e-30
5.56271e-30
5.83289e-30
6.09397e-30
6.33386e-30
6.55215e-30
6.78279e-30
7.0435e-30
7.34561e-30
7.68308e-30
8.02107e-30
8.34569e-30
8.64255e-30
8.92337e-30
9.22337e-30
9.55714e-30
9.94709e-30
1.03773e-29
1.08158e-29
1.12428e-29
1.16261e-29
1.19837e-29
1.23404e-29
1.27267e-29
1.3185e-29
1.37033e-29
1.42685e-29
1.48369e-29
1.53561e-29
1.58112e-29
1.6205e-29
1.65407e-29
1.7037e-29
1.76431e-29
1.90765e-29
2.1574e-29
2.52646e-29
3.22169e-29
3.49764e-29
3.78406e-29
2.08466e-29
-2.18258e-29
-7.31191e-29
-1.78628e-28
-1.69181e-28
-1.08298e-28
1.79815e-28
8.24143e-28
1.18961e-27
1.8322e-27
1.0707e-27
-7.47063e-28
-3.02224e-27
-7.52852e-27
-7.1988e-27
-5.91636e-27
1.76312e-27
1.68912e-26
2.2683e-26
3.30639e-26
1.66635e-26
-1.35958e-26
-4.0992e-26
-9.04802e-26
-7.1307e-26
-4.21793e-26
3.15858e-26
1.5464e-25
1.62751e-25
1.92014e-25
5.43271e-26
-1.45584e-25
-2.41546e-25
-4.15695e-25
-2.36508e-25
-3.16272e-26
2.1917e-25
5.89212e-25
4.55172e-25
3.83051e-25
-3.70678e-26
-5.43986e-25
-5.80033e-25
-7.54236e-25
-2.54562e-25
2.23644e-25
5.06864e-25
9.15309e-25
5.06875e-25
2.2366e-25
-2.54548e-25
-7.54231e-25
-5.80039e-25
-5.43998e-25
-3.70818e-26
3.83041e-25
4.55171e-25
5.89216e-25
2.19178e-25
-3.16215e-26
-2.36506e-25
-4.15697e-25
-2.41552e-25
-1.45589e-25
5.43234e-26
1.92012e-25
1.62751e-25
1.5464e-25
3.15861e-26
-4.21796e-26
-7.13077e-26
-9.04809e-26
-4.0993e-26
-1.35966e-26
1.66625e-26
3.30629e-26
2.2682e-26
1.68903e-26
1.76234e-27
-5.91704e-27
-7.1994e-27
-7.52907e-27
-3.02281e-27
-7.47647e-28
1.07006e-27
1.83153e-27
1.18893e-27
8.23479e-28
1.79224e-28
-1.08808e-28
-1.6959e-28
-1.7897e-28
-7.346e-29
-2.22107e-29
2.03564e-29
3.72684e-29
3.43722e-29
3.16544e-29
2.48305e-29
2.12769e-29
1.89001e-29
1.75147e-29
1.68685e-29
1.62882e-29
1.58424e-29
1.53731e-29
1.49028e-29
1.44228e-29
1.39525e-29
1.35012e-29
1.30828e-29
1.26898e-29
1.22986e-29
1.18882e-29
1.14442e-29
1.09758e-29
1.05184e-29
1.0099e-29
9.74422e-30
9.44726e-30
9.17866e-30
8.91259e-30
8.6131e-30
8.28233e-30
7.92789e-30
7.57019e-30
7.24077e-30
6.94554e-30
6.69819e-30
6.48731e-30
6.29308e-30
6.09837e-30
5.87613e-30
5.62162e-30
5.34475e-30
5.06805e-30
4.82575e-30
4.64029e-30
4.5054e-30
4.40242e-30
4.28812e-30
4.12747e-30
3.92146e-30
3.67675e-30
3.44452e-30
3.26096e-30
3.13652e-30
3.07584e-30
3.02697e-30
2.95907e-30
2.84475e-30
2.67092e-30
2.47707e-30
2.28873e-30
2.14746e-30
2.07489e-30
2.05283e-30
2.0571e-30
2.03836e-30
1.9597e-30
1.81575e-30
1.62661e-30
1.44247e-30
1.31835e-30
1.27889e-30
1.31594e-30
1.38242e-30
1.41315e-30
1.36886e-30
1.24012e-30
1.06541e-30
9.02361e-31
7.98844e-31
7.7571e-31
8.10163e-31
8.64673e-31
8.9111e-31
8.69633e-31
8.00954e-31
7.03338e-31
6.12918e-31
5.41125e-31
5.07377e-31
5.01417e-31
5.08358e-31
5.19807e-31
5.06596e-31
4.79177e-31
4.30933e-31
3.78499e-31
3.47612e-31
3.28564e-31
3.39015e-31
3.47044e-31
3.36526e-31
3.08845e-31
2.48215e-31
1.98089e-31
1.67505e-31
1.68346e-31
2.07474e-31
2.40879e-31
2.61376e-31
2.4679e-31
1.98265e-31
1.49372e-31
1.04721e-31
8.53392e-32
8.31611e-32
7.80671e-32
7.44319e-32
6.55042e-32
7.20596e-32
1.07445e-31
1.54956e-31
2.00024e-31
1.98192e-31
1.30861e-31
1.91449e-32
-1.04826e-31
-1.67175e-31
-1.34586e-31
-1.57285e-32
1.51371e-31
2.70238e-31
2.90511e-31
1.92322e-31
6.44303e-33
-1.65868e-31
-2.61725e-31
-2.26618e-31
-7.53129e-32
1.06175e-31
2.50374e-31
2.74358e-31
1.74826e-31
8.28601e-33
-1.61525e-31
-2.38916e-31
-2.06544e-31
-8.67955e-32
6.74128e-32
1.67011e-31
1.88597e-31
1.24847e-31
1.2997e-32
-8.22929e-32
-1.41174e-31
-1.38247e-31
-9.4594e-32
-3.97313e-32
1.7125e-32
4.89833e-32
6.59323e-32
6.45518e-32
4.34127e-32
1.5257e-32
-2.63898e-32
-6.26037e-32
-8.88252e-32
-9.82826e-32
-8.48632e-32
-5.88642e-32
-1.97566e-32
1.74206e-32
4.96386e-32
6.48008e-32
5.67051e-32
2.89506e-32
-2.15432e-32
-6.76618e-32
-1.04775e-31
-1.14575e-31
-9.07978e-32
-5.52569e-32
-3.99555e-33
3.13673e-32
4.8893e-32
5.10702e-32
2.53343e-32
-2.26447e-33
-3.99254e-32
-7.33579e-32
-8.78766e-32
-9.11145e-32
-6.52981e-32
-2.83059e-32
1.08634e-32
4.24216e-32
4.56363e-32
2.98396e-32
-5.36627e-33
-4.40978e-32
-7.06423e-32
-8.17347e-32
-6.98073e-32
-4.37276e-32
-1.12083e-32
1.66442e-32
3.0049e-32
2.43532e-32
4.21899e-33
-2.0475e-32
-3.93883e-32
-3.9462e-32
-3.07453e-32
-1.68055e-32
-1.22344e-32
-2.50582e-32
-3.59472e-32
-4.26398e-32
-2.23107e-32
1.72801e-32
5.0834e-32
6.51807e-32
3.08013e-32
-3.03748e-32
-9.2404e-32
-1.22304e-31
-8.99063e-32
-1.88154e-32
6.62038e-32
1.14859e-31
1.00889e-31
3.68906e-32
-5.23507e-32
-1.10737e-31
-1.15884e-31
-6.52845e-32
1.51802e-32
7.50669e-32
9.31684e-32
5.60021e-32
-9.85685e-33
-6.44856e-32
-8.48409e-32
-5.25297e-32
6.9633e-33
6.26514e-32
8.75269e-32
6.05246e-32
2.71812e-33
-6.12586e-32
-1.00469e-31
-8.92029e-32
-3.95569e-32
3.20517e-32
9.48445e-32
1.17486e-31
9.99573e-32
4.41294e-32
-2.73234e-32
-8.32664e-32
-1.14128e-31
-1.02844e-31
-5.66953e-32
6.13053e-33
7.55724e-32
1.21008e-31
1.33373e-31
1.0628e-31
3.94154e-32
-3.85502e-32
-1.08777e-31
-1.39624e-31
-1.14014e-31
-4.24758e-32
5.6356e-32
1.374e-31
1.67613e-31
1.33566e-31
4.51396e-32
-5.45881e-32
-1.22959e-31
-1.28738e-31
-6.83867e-32
2.59402e-32
1.10547e-31
1.46537e-31
1.16153e-31
4.04227e-32
-4.41188e-32
-9.66997e-32
-8.77645e-32
-3.04711e-32
5.20159e-32
1.17368e-31
1.29555e-31
9.54163e-32
2.14884e-32
-4.69314e-32
-7.53844e-32
-6.26755e-32
-3.18982e-34
6.47367e-32
1.07681e-31
1.16286e-31
7.39264e-32
2.28178e-32
-2.54391e-32
-4.77759e-32
-2.81457e-32
5.00892e-33
5.01381e-32
8.09176e-32
8.65269e-32
7.84275e-32
5.40556e-32
3.20773e-32
1.90231e-32
1.18099e-32
1.38648e-32
1.63212e-32
1.45227e-32
1.57071e-32
1.58295e-32
2.5645e-32
4.84823e-32
7.2415e-32
1.01591e-31
1.10177e-31
9.62275e-32
6.11265e-32
3.07961e-33
-4.05559e-32
-6.63475e-32
-5.14647e-32
2.05307e-33
6.62257e-32
1.29553e-31
1.53136e-31
1.37969e-31
8.61809e-32
2.25567e-32
-2.64381e-32
-4.69378e-32
-2.56329e-32
5.09694e-33
5.3905e-32
7.43394e-32
7.50225e-32
6.80485e-32
2.32806e-32
1.39359e-32
-1.84882e-32
-2.46446e-32
-4.676e-33
)
;

boundaryField
{
    left
    {
        type            calculated;
        value           uniform 0;
    }
    right
    {
        type            calculated;
        value           uniform 0;
    }
    empty
    {
        type            empty;
        value           nonuniform List<scalar> 0();
    }
}


// ************************************************************************* //
