/*--------------------------------*- C++ -*----------------------------------*\
| =========                 |                                                 |
| \\      /  F ield         | OpenFOAM: The Open Source CFD Toolbox           |
|  \\    /   O peration     | Version:  2106                                  |
|   \\  /    A nd           | Website:  www.openfoam.com                      |
|    \\/     M anipulation  |                                                 |
\*---------------------------------------------------------------------------*/
FoamFile
{
    version     2.0;
    format      ascii;
    arch        "LSB;label=32;scalar=64";
    class       surfaceScalarField;
    location    "0.047";
    object      phi;
}
// * * * * * * * * * * * * * * * * * * * * * * * * * * * * * * * * * * * * * //

dimensions      [0 3 -1 0 0 0 0];

oriented        oriented;

internalField   nonuniform List<scalar> 
799
(
1.87312e-32
4.74571e-32
6.15395e-32
5.15796e-32
2.72135e-32
-3.87323e-32
-9.74212e-32
-1.42609e-31
-1.51976e-31
-1.13537e-31
-5.70671e-32
5.87014e-33
4.49912e-32
5.53656e-32
3.43953e-32
-4.23413e-33
-5.45429e-32
-1.06331e-31
-1.45756e-31
-1.72845e-31
-1.63806e-31
-1.26818e-31
-6.47684e-32
6.86865e-33
4.83123e-32
5.82453e-32
1.73962e-32
-5.24365e-32
-1.17965e-31
-1.6982e-31
-1.7196e-31
-1.43969e-31
-9.69683e-32
-4.12826e-32
-1.57812e-32
-4.11578e-33
-2.07518e-32
-5.81136e-32
-8.74793e-32
-1.23684e-31
-1.32187e-31
-1.19261e-31
-9.53696e-32
-4.82483e-32
-2.26135e-32
-1.1934e-32
-2.74757e-32
-7.60833e-32
-1.157e-31
-1.5167e-31
-1.53296e-31
-1.1916e-31
-7.57016e-32
-2.11283e-32
3.54491e-33
-2.36152e-33
-3.52265e-32
-9.40854e-32
-1.39271e-31
-1.64209e-31
-1.50842e-31
-9.75047e-32
-3.52246e-32
1.98743e-32
3.28446e-32
-7.75187e-33
-8.14097e-32
-1.64798e-31
-2.10099e-31
-1.92467e-31
-1.20974e-31
-1.91149e-32
5.7436e-32
7.40791e-32
2.71135e-32
-6.65475e-32
-1.52937e-31
-1.97444e-31
-1.85808e-31
-1.26422e-31
-6.00451e-32
-1.09022e-32
4.59891e-33
-1.02699e-32
-3.42517e-32
-6.00619e-32
-7.95033e-32
-9.75107e-32
-1.17682e-31
-1.29818e-31
-1.27727e-31
-9.64846e-32
-4.38167e-32
9.69585e-33
4.24577e-32
2.36619e-32
-3.48403e-32
-1.16533e-31
-1.85813e-31
-1.99099e-31
-1.63744e-31
-7.78933e-32
1.30091e-32
6.63182e-32
7.5425e-32
1.7548e-32
-6.16488e-32
-1.35369e-31
-1.79228e-31
-1.62165e-31
-1.18264e-31
-5.54501e-32
-8.75696e-33
-1.2338e-34
-1.15153e-32
-4.20906e-32
-5.88928e-32
-5.63589e-32
-4.35876e-32
-2.96638e-32
-3.95544e-32
-7.00184e-32
-1.11522e-31
-1.42313e-31
-1.40865e-31
-1.06165e-31
-4.6773e-32
1.27096e-32
5.05448e-32
5.59261e-32
2.59992e-32
-2.63612e-32
-8.73093e-32
-1.42621e-31
-1.7448e-31
-1.77208e-31
-1.43485e-31
-7.93406e-32
-5.59536e-33
5.91851e-32
8.44735e-32
6.19085e-32
-1.30207e-33
-8.55024e-32
-1.50352e-31
-1.76861e-31
-1.53376e-31
-9.31488e-32
-3.04427e-32
1.28435e-32
1.36018e-32
-2.10002e-32
-6.80399e-32
-1.05171e-31
-1.05736e-31
-7.28784e-32
-2.21181e-32
1.95632e-32
2.23348e-32
-1.77486e-32
-8.89022e-32
-1.55785e-31
-1.82766e-31
-1.51903e-31
-7.17559e-32
1.75513e-32
7.55852e-32
6.76137e-32
1.04722e-33
-8.89765e-32
-1.59808e-31
-1.66773e-31
-1.20457e-31
-4.30646e-32
1.95452e-32
2.58812e-32
-1.01657e-32
-7.91286e-32
-1.28821e-31
-1.31078e-31
-9.49386e-32
-2.40811e-32
2.52583e-32
3.85683e-32
9.3543e-33
-5.81601e-32
-1.14275e-31
-1.50891e-31
-1.43375e-31
-9.64951e-32
-4.13503e-32
1.4363e-32
3.71464e-32
2.83416e-32
-3.49978e-33
-5.23642e-32
-9.03174e-32
-1.14928e-31
-1.19127e-31
-1.01973e-31
-7.60156e-32
-4.11246e-32
-8.04197e-33
1.37388e-32
2.01907e-32
8.40337e-34
-3.90326e-32
-8.5591e-32
-1.22379e-31
-1.25682e-31
-9.18608e-32
-3.39543e-32
2.306e-32
4.38977e-32
1.52105e-32
-5.28036e-32
-1.28287e-31
-1.65747e-31
-1.3995e-31
-5.75582e-32
4.51728e-32
1.11742e-31
1.01707e-31
1.50576e-32
-1.14155e-31
-2.19002e-31
-2.44069e-31
-1.77191e-31
-4.11047e-32
9.2729e-32
1.60999e-31
1.35767e-31
2.20937e-32
-1.14642e-31
-2.14861e-31
-2.36619e-31
-1.67411e-31
-5.54502e-32
5.33979e-32
1.10583e-31
9.18473e-32
2.17871e-32
-7.0564e-32
-1.40103e-31
-1.58147e-31
-1.27471e-31
-6.51205e-32
-5.41517e-33
2.26116e-32
9.53034e-33
-3.04222e-32
-7.31101e-32
-8.80308e-32
-6.44705e-32
-2.12605e-32
1.95802e-32
2.19496e-32
-2.16456e-32
-8.66353e-32
-1.45296e-31
-1.54065e-31
-1.05225e-31
-2.46384e-32
5.50952e-32
8.71273e-32
5.9096e-32
-6.55954e-33
-8.22523e-32
-1.25953e-31
-1.23317e-31
-9.20294e-32
-4.46976e-32
-1.20699e-32
-1.00886e-33
2.47183e-33
-4.38093e-33
-3.38843e-33
-1.54526e-33
-8.5749e-33
-1.43042e-32
-2.65847e-32
-2.90138e-32
-1.98822e-32
-1.05782e-32
-2.07338e-33
-7.69187e-33
-1.65199e-32
-1.21802e-32
1.71152e-32
7.30691e-32
1.31979e-31
1.62672e-31
1.40745e-31
7.37838e-32
-6.37137e-33
-4.80551e-32
-1.63162e-32
8.23922e-32
2.14541e-31
3.13957e-31
3.4237e-31
2.97283e-31
2.1095e-31
1.50851e-31
1.51464e-31
2.2459e-31
3.39599e-31
4.4086e-31
5.02317e-31
5.10173e-31
4.95395e-31
4.97262e-31
5.33771e-31
6.1389e-31
7.05766e-31
7.84246e-31
8.37236e-31
8.64333e-31
8.995e-31
9.60461e-31
1.05857e-30
1.18783e-30
1.31342e-30
1.4215e-30
1.49772e-30
1.55387e-30
1.62523e-30
1.72643e-30
1.88001e-30
2.07007e-30
2.26477e-30
2.44449e-30
2.57708e-30
2.68056e-30
2.77995e-30
2.90594e-30
3.10101e-30
3.35319e-30
3.64967e-30
3.94703e-30
4.19276e-30
4.3723e-30
4.4886e-30
4.5451e-30
4.76061e-30
5.08464e-30
6.23491e-30
8.4483e-30
1.18541e-29
1.85212e-29
2.09953e-29
2.35741e-29
6.29491e-30
-3.66621e-29
-8.82391e-29
-1.94031e-28
-1.84865e-28
-1.24262e-28
1.63573e-28
8.07625e-28
1.17282e-27
1.81513e-27
1.05337e-27
-7.64658e-28
-3.0401e-27
-7.54664e-27
-7.21717e-27
-5.93498e-27
1.74426e-27
1.68721e-26
2.26636e-26
3.30443e-26
1.66437e-26
-1.36158e-26
-4.10122e-26
-9.05006e-26
-7.13276e-26
-4.22001e-26
3.15648e-26
1.54619e-25
1.6273e-25
1.91992e-25
5.43054e-26
-1.45606e-25
-2.41568e-25
-4.15717e-25
-2.3653e-25
-3.16495e-26
2.19148e-25
5.89189e-25
4.5515e-25
3.83028e-25
-3.70905e-26
-5.44008e-25
-5.80056e-25
-7.54259e-25
-2.54585e-25
2.23621e-25
5.06841e-25
9.15286e-25
5.06852e-25
2.23637e-25
-2.54571e-25
-7.54254e-25
-5.80061e-25
-5.44021e-25
-3.71045e-26
3.83019e-25
4.55148e-25
5.89193e-25
2.19155e-25
-3.16437e-26
-2.36528e-25
-4.15719e-25
-2.41573e-25
-1.45611e-25
5.43019e-26
1.9199e-25
1.6273e-25
1.54619e-25
3.15652e-26
-4.22003e-26
-7.13281e-26
-9.05012e-26
-4.1013e-26
-1.36165e-26
1.66429e-26
3.30435e-26
2.26629e-26
1.68714e-26
1.74368e-27
-5.93545e-27
-7.21756e-27
-7.54697e-27
-3.04046e-27
-7.65029e-28
1.05294e-27
1.81468e-27
1.17235e-27
8.07177e-28
1.63198e-28
-1.24556e-28
-1.85059e-28
-1.94158e-28
-8.83659e-29
-3.68339e-29
6.01645e-30
2.3212e-29
2.05995e-29
1.81651e-29
1.16243e-29
8.35311e-30
6.2578e-30
5.15292e-30
4.7859e-30
4.48329e-30
4.31345e-30
4.11826e-30
3.92001e-30
3.70977e-30
3.50691e-30
3.32042e-30
3.16418e-30
3.03037e-30
2.89538e-30
2.73806e-30
2.54394e-30
2.32196e-30
2.10752e-30
1.92748e-30
1.80842e-30
1.74339e-30
1.70288e-30
1.66097e-30
1.58168e-30
1.46707e-30
1.3247e-30
1.17495e-30
1.0493e-30
9.53671e-31
9.01699e-31
8.81968e-31
8.74625e-31
8.62562e-31
8.18719e-31
7.38369e-31
6.31433e-31
5.20445e-31
4.39663e-31
4.11552e-31
4.29859e-31
4.7597e-31
5.06703e-31
4.87047e-31
4.18038e-31
3.06402e-31
2.03366e-31
1.45159e-31
1.42294e-31
1.99466e-31
2.64791e-31
3.07493e-31
3.00234e-31
2.30001e-31
1.36348e-31
4.48742e-32
-2.79523e-33
1.50463e-32
8.02646e-32
1.68775e-31
2.31282e-31
2.30972e-31
1.6253e-31
4.6135e-32
-6.7947e-32
-1.24635e-31
-9.92004e-32
2.56164e-34
1.26745e-31
2.15147e-31
2.26261e-31
1.50722e-31
2.70789e-32
-8.69678e-32
-1.43479e-31
-1.21543e-31
-4.38962e-32
5.20031e-32
1.18081e-31
1.3455e-31
1.02191e-31
3.93251e-32
-1.78555e-32
-5.78787e-32
-6.12596e-32
-3.8209e-32
-3.55469e-33
3.43525e-32
4.63954e-32
4.30694e-32
1.78028e-32
-1.27222e-32
-2.27263e-32
-2.18774e-32
7.52617e-33
3.36011e-32
4.02519e-32
2.89138e-32
-1.6162e-32
-5.14936e-32
-6.80098e-32
-5.38027e-32
-1.97408e-33
4.34954e-32
7.545e-32
7.17447e-32
3.35433e-32
-5.55209e-33
-4.0914e-32
-5.14873e-32
-4.5318e-32
-4.24976e-32
-3.86277e-32
-4.04505e-32
-2.71633e-32
1.45929e-32
6.81343e-32
1.18909e-31
1.22473e-31
6.02485e-32
-4.66406e-32
-1.66047e-31
-2.24082e-31
-1.87414e-31
-6.47086e-32
1.06025e-31
2.28328e-31
2.51836e-31
1.56698e-31
-2.63014e-32
-1.95901e-31
-2.89201e-31
-2.51682e-31
-9.81036e-32
8.55312e-32
2.31749e-31
2.57635e-31
1.59897e-31
-4.95476e-33
-1.73173e-31
-2.49063e-31
-2.15283e-31
-9.42133e-32
6.12374e-32
1.62001e-31
1.84685e-31
1.21963e-31
1.10771e-32
-8.331e-32
-1.41342e-31
-1.37617e-31
-9.32188e-32
-3.76564e-32
1.98478e-32
5.23146e-32
6.9836e-32
6.89934e-32
4.83503e-32
2.06571e-32
-2.05638e-32
-5.63793e-32
-8.22289e-32
-9.1341e-32
-7.76037e-32
-5.13065e-32
-1.19325e-32
2.5487e-32
5.7922e-32
7.3279e-32
6.53643e-32
3.77663e-32
-1.25829e-32
-5.85738e-32
-9.55731e-32
-1.05275e-31
-8.14149e-32
-4.5801e-32
5.52125e-33
4.09296e-32
5.84926e-32
6.06969e-32
3.49759e-32
7.38925e-33
-3.02732e-32
-6.37144e-32
-7.82529e-32
-8.15195e-32
-5.57423e-32
-1.87962e-32
2.03171e-32
5.1818e-32
5.49748e-32
3.91082e-32
3.81801e-33
-3.50038e-32
-6.1641e-32
-7.28348e-32
-6.10167e-32
-3.50489e-32
-2.64754e-33
2.50822e-32
3.83591e-32
3.25324e-32
1.22597e-32
-1.25727e-32
-3.16259e-32
-3.18395e-32
-2.32727e-32
-9.48942e-33
-5.07964e-33
-1.80676e-32
-2.91207e-32
-3.59833e-32
-1.58378e-32
2.35586e-32
5.69218e-32
7.10683e-32
3.64813e-32
-2.48979e-32
-8.71318e-32
-1.17239e-31
-8.50531e-32
-1.41782e-32
7.06275e-32
1.19065e-31
1.04875e-31
4.06537e-32
-4.88148e-32
-1.07427e-31
-1.12804e-31
-6.24347e-32
1.7793e-32
7.74442e-32
9.53034e-32
5.78925e-32
-8.21379e-33
-6.30877e-32
-8.36889e-32
-5.1627e-32
7.61812e-33
6.30562e-32
8.76785e-32
6.04193e-32
2.35475e-33
-6.18833e-32
-1.01359e-31
-9.03577e-32
-4.0977e-32
3.03665e-32
9.2896e-32
1.15272e-31
9.74799e-32
4.13879e-32
-3.03304e-32
-8.65405e-32
-1.17669e-31
-1.06657e-31
-6.07736e-32
1.78642e-33
7.09653e-32
1.16134e-31
1.28233e-31
1.00872e-31
3.37406e-32
-4.4486e-32
-1.14967e-31
-1.46067e-31
-1.20703e-31
-4.94151e-32
4.91609e-32
1.29955e-31
1.59918e-31
1.25623e-31
3.69469e-32
-6.30261e-32
-1.31637e-31
-1.37651e-31
-7.753e-32
1.65705e-32
1.00957e-31
1.36729e-31
1.06137e-31
3.0198e-32
-5.45429e-32
-1.07318e-31
-9.8567e-32
-4.14526e-32
4.08681e-32
1.06058e-31
1.18093e-31
8.38035e-32
9.73272e-33
-5.88216e-32
-8.74034e-32
-7.48179e-32
-1.25667e-32
5.23891e-32
9.52493e-32
1.03785e-31
6.13619e-32
1.02074e-32
-3.80901e-32
-6.04524e-32
-4.08402e-32
-7.69018e-33
3.74496e-32
6.82569e-32
7.39091e-32
6.58653e-32
4.15604e-32
1.96614e-32
6.70013e-33
-4.07755e-34
1.77001e-33
4.36233e-33
2.71737e-33
4.06907e-33
4.37096e-33
1.43818e-32
3.74262e-32
6.15778e-32
9.09882e-32
9.98185e-32
8.61266e-32
5.12959e-32
-6.46578e-33
-4.98018e-32
-7.52862e-32
-6.00856e-32
-6.2367e-33
5.82804e-32
1.21962e-31
1.4591e-31
1.3112e-31
7.97192e-32
1.64885e-32
-3.21052e-32
-5.2198e-32
-3.04839e-32
6.658e-34
4.99042e-32
7.07719e-32
7.18898e-32
6.53612e-32
2.10441e-32
1.21431e-32
-1.98341e-32
-2.55449e-32
-5.12617e-33
)
;

boundaryField
{
    left
    {
        type            calculated;
        value           uniform 0;
    }
    right
    {
        type            calculated;
        value           uniform 0;
    }
    empty
    {
        type            empty;
        value           nonuniform List<scalar> 0();
    }
}


// ************************************************************************* //
