/*--------------------------------*- C++ -*----------------------------------*\
| =========                 |                                                 |
| \\      /  F ield         | OpenFOAM: The Open Source CFD Toolbox           |
|  \\    /   O peration     | Version:  2106                                  |
|   \\  /    A nd           | Website:  www.openfoam.com                      |
|    \\/     M anipulation  |                                                 |
\*---------------------------------------------------------------------------*/
FoamFile
{
    version     2.0;
    format      ascii;
    arch        "LSB;label=32;scalar=64";
    class       surfaceScalarField;
    location    "0.023";
    object      phi;
}
// * * * * * * * * * * * * * * * * * * * * * * * * * * * * * * * * * * * * * //

dimensions      [0 3 -1 0 0 0 0];

oriented        oriented;

internalField   nonuniform List<scalar> 
799
(
1.9989e-32
4.99704e-32
6.53101e-32
5.66035e-32
3.34848e-32
-3.12287e-32
-8.86996e-32
-1.32685e-31
-1.40856e-31
-1.01236e-31
-4.36078e-32
2.04709e-32
6.07159e-32
7.21945e-32
5.23069e-32
1.47378e-32
-3.45358e-32
-8.53157e-32
-1.23758e-31
-1.49893e-31
-1.39928e-31
-1.02039e-31
-3.91174e-32
3.33607e-32
7.56138e-32
8.63272e-32
4.62257e-32
-2.28885e-32
-8.77278e-32
-1.38921e-31
-1.40424e-31
-1.11836e-31
-6.42651e-32
-8.03323e-33
1.79825e-32
3.01345e-32
1.39549e-32
-2.29776e-32
-5.19429e-32
-8.77743e-32
-9.59261e-32
-8.26736e-32
-5.84821e-32
-1.10839e-32
1.48037e-32
2.57119e-32
1.03808e-32
-3.80401e-32
-7.74901e-32
-1.13311e-31
-1.14804e-31
-8.05555e-32
-3.69992e-32
1.76534e-32
4.23921e-32
3.65354e-32
3.70892e-33
-5.51275e-32
-1.003e-31
-1.25238e-31
-1.11883e-31
-5.85708e-32
3.67817e-33
5.8736e-32
7.16551e-32
3.09999e-32
-4.27271e-32
-1.26191e-31
-1.71579e-31
-1.54035e-31
-8.2638e-32
1.91224e-32
9.5566e-32
1.12097e-31
6.50137e-32
-2.87691e-32
-1.15282e-31
-1.59921e-31
-1.48418e-31
-8.91706e-32
-2.29306e-32
2.60681e-32
4.14242e-32
2.64048e-32
2.27228e-33
-2.36889e-32
-4.32853e-32
-6.14477e-32
-8.17783e-32
-9.40726e-32
-9.21405e-32
-6.10565e-32
-8.54208e-33
4.4811e-32
7.74103e-32
5.84535e-32
-2.07075e-34
-8.20573e-32
-1.51492e-31
-1.64932e-31
-1.29735e-31
-4.40391e-32
4.67079e-32
9.98655e-32
1.08823e-31
5.07966e-32
-2.85492e-32
-1.02416e-31
-1.4642e-31
-1.29493e-31
-8.57306e-32
-2.30446e-32
2.35249e-32
3.20306e-32
2.05117e-32
-1.01879e-32
-2.7109e-32
-2.46894e-32
-1.20289e-32
1.78569e-33
-8.21073e-33
-3.87776e-32
-8.03797e-32
-1.11267e-31
-1.09909e-31
-7.52993e-32
-1.59897e-32
4.34132e-32
8.11719e-32
8.64799e-32
5.64831e-32
4.0595e-33
-5.69519e-32
-1.12324e-31
-1.44239e-31
-1.47026e-31
-1.13359e-31
-4.92668e-32
2.4429e-32
8.91636e-32
1.14407e-31
9.18008e-32
2.85515e-32
-5.56859e-32
-1.20571e-31
-1.47115e-31
-1.23672e-31
-6.34774e-32
-8.02628e-34
4.24502e-32
4.31745e-32
8.5403e-33
-3.85298e-32
-7.56921e-32
-7.62879e-32
-4.34643e-32
7.26061e-33
4.89051e-32
5.16375e-32
1.1515e-32
-5.96788e-32
-1.26603e-31
-1.53631e-31
-1.22817e-31
-4.27152e-32
4.65437e-32
1.04531e-31
9.65087e-32
2.9891e-32
-6.01853e-32
-1.31075e-31
-1.38098e-31
-9.18375e-32
-1.45103e-32
4.80279e-32
5.42992e-32
1.81816e-32
-5.08521e-32
-1.00617e-31
-1.0295e-31
-6.68862e-32
3.89267e-33
5.31512e-32
6.63812e-32
3.70892e-32
-3.05109e-32
-8.67135e-32
-1.23414e-31
-1.15986e-31
-6.91951e-32
-1.41345e-32
4.14873e-32
6.41831e-32
5.52866e-32
2.33542e-32
-2.56006e-32
-6.3642e-32
-8.834e-32
-9.26263e-32
-7.55565e-32
-4.96845e-32
-1.48838e-32
1.81146e-32
3.98126e-32
4.61787e-32
2.67469e-32
-1.32075e-32
-5.98438e-32
-9.67118e-32
-1.00097e-31
-6.63483e-32
-8.50795e-33
4.84386e-32
6.92131e-32
4.04631e-32
-2.76115e-32
-1.03157e-31
-1.40671e-31
-1.14931e-31
-3.25888e-32
7.00918e-32
1.36616e-31
1.26537e-31
3.98359e-32
-8.94207e-32
-1.94308e-31
-2.19412e-31
-1.5257e-31
-1.65148e-32
1.17289e-31
1.8553e-31
1.60271e-31
4.65717e-32
-9.01889e-32
-1.90431e-31
-2.12213e-31
-1.4303e-31
-3.10932e-32
7.77278e-32
1.34883e-31
1.16116e-31
4.60215e-32
-4.63684e-32
-1.15953e-31
-1.34043e-31
-1.03421e-31
-4.11352e-32
1.8498e-32
4.64405e-32
3.32599e-32
-6.80997e-33
-4.96318e-32
-6.47054e-32
-4.13202e-32
1.68368e-33
4.22986e-32
4.43987e-32
5.04804e-34
-6.48286e-32
-1.23877e-31
-1.33088e-31
-8.47454e-32
-4.71853e-33
7.43822e-32
1.05703e-31
7.68747e-32
1.03309e-32
-6.63573e-32
-1.11162e-31
-1.09761e-31
-7.98463e-32
-3.4043e-32
-3.10918e-33
6.07195e-33
7.47201e-33
-1.67861e-33
-3.22217e-33
-4.1731e-33
-1.42775e-32
-2.33922e-32
-3.93909e-32
-4.59018e-32
-4.1242e-32
-3.68335e-32
-3.36827e-32
-4.51525e-32
-6.03685e-32
-6.29946e-32
-4.12916e-32
6.40127e-33
5.63304e-32
7.72704e-32
4.47568e-32
-3.36801e-32
-1.26264e-31
-1.81396e-31
-1.64196e-31
-8.119e-32
3.40211e-32
1.15177e-31
1.23919e-31
5.76666e-32
-5.14163e-32
-1.35953e-31
-1.61568e-31
-1.16554e-31
-3.16515e-32
3.73961e-32
6.44282e-32
3.55189e-32
-1.84838e-32
-5.84219e-32
-6.6425e-32
-3.36526e-32
7.90835e-33
3.29805e-32
2.933e-32
-3.57256e-33
-3.19057e-32
-3.80747e-32
-1.08616e-32
4.36048e-32
9.03797e-32
1.15503e-31
1.04489e-31
6.90206e-32
4.42496e-32
4.47312e-32
9.28613e-32
1.72694e-31
2.52279e-31
3.11923e-31
3.19413e-31
2.9273e-31
2.56838e-31
2.42414e-31
2.919e-31
3.93368e-31
5.33987e-31
6.70386e-31
7.50104e-31
7.5865e-31
6.99043e-31
5.74846e-31
6.04973e-31
7.39079e-31
1.69505e-30
3.70993e-30
6.91324e-30
1.3374e-29
1.56382e-29
1.80038e-29
5.08408e-31
-4.26676e-29
-9.44661e-29
-2.00481e-28
-1.91541e-28
-1.31165e-28
1.56442e-28
8.00265e-28
1.16523e-27
1.80732e-27
1.04532e-27
-7.72933e-28
-3.0486e-27
-7.55537e-27
-7.22612e-27
-5.94415e-27
1.73487e-27
1.68625e-26
2.26538e-26
3.30343e-26
1.66335e-26
-1.36262e-26
-4.10228e-26
-9.05114e-26
-7.13386e-26
-4.22113e-26
3.15534e-26
1.54608e-25
1.62718e-25
1.9198e-25
5.42934e-26
-1.45618e-25
-2.41581e-25
-4.15729e-25
-2.36542e-25
-3.16621e-26
2.19135e-25
5.89176e-25
4.55137e-25
3.83015e-25
-3.71035e-26
-5.44021e-25
-5.80069e-25
-7.54272e-25
-2.54598e-25
2.23608e-25
5.06828e-25
9.15273e-25
5.06839e-25
2.23624e-25
-2.54584e-25
-7.54267e-25
-5.80074e-25
-5.44034e-25
-3.71174e-26
3.83006e-25
4.55136e-25
5.89181e-25
2.19143e-25
-3.16561e-26
-2.3654e-25
-4.15731e-25
-2.41585e-25
-1.45623e-25
5.42901e-26
1.91979e-25
1.62718e-25
1.54608e-25
3.15541e-26
-4.22112e-26
-7.13389e-26
-9.05118e-26
-4.10234e-26
-1.36267e-26
1.66329e-26
3.30337e-26
2.26533e-26
1.6862e-26
1.73452e-27
-5.9444e-27
-7.22629e-27
-7.55548e-27
-3.04874e-27
-7.73091e-28
1.04511e-27
1.80707e-27
1.16497e-27
8.00016e-28
1.56262e-28
-1.31269e-28
-1.91549e-28
-2.00428e-28
-9.44182e-29
-4.26703e-29
3.93467e-31
1.77996e-29
1.53944e-29
1.3164e-29
6.82352e-30
3.74894e-30
1.84615e-30
9.29601e-31
7.46554e-31
6.23418e-31
6.28423e-31
6.03356e-31
5.70402e-31
5.20576e-31
4.73169e-31
4.37156e-31
4.26368e-31
4.32992e-31
4.33412e-31
4.06516e-31
3.3785e-31
2.36406e-31
1.37623e-31
6.84495e-32
5.55153e-32
9.1984e-32
1.48405e-31
1.98998e-31
2.0785e-31
1.77148e-31
1.14574e-31
4.06213e-32
-1.31054e-32
-4.05604e-32
-2.79877e-32
1.33416e-32
6.36907e-32
1.06089e-31
1.13606e-31
8.16414e-32
2.02433e-32
-4.79301e-32
-8.8498e-32
-7.88653e-32
-2.51695e-32
5.40997e-32
1.15854e-31
1.25211e-31
8.33017e-32
-3.04237e-33
-8.24945e-32
-1.18725e-31
-1.01129e-31
-2.49285e-32
5.80781e-32
1.17199e-31
1.25172e-31
6.90617e-32
-1.15089e-32
-9.08719e-32
-1.27341e-31
-9.91433e-32
-2.43705e-32
7.29627e-32
1.43607e-31
1.50791e-31
8.92548e-32
-2.07955e-32
-1.29039e-31
-1.8036e-31
-1.50006e-31
-4.60278e-32
8.46044e-32
1.76806e-31
1.91395e-31
1.19039e-31
-1.69346e-33
-1.13082e-31
-1.67159e-31
-1.43003e-31
-6.333e-32
3.44215e-32
1.02193e-31
1.20213e-31
8.92676e-32
2.76965e-32
-2.83052e-32
-6.72484e-32
-6.96399e-32
-4.56846e-32
-1.02067e-32
2.84543e-32
4.11923e-32
3.84998e-32
1.38185e-32
-1.6162e-32
-2.56679e-32
-2.436e-32
5.46558e-33
3.19376e-32
3.89542e-32
2.79553e-32
-1.6809e-32
-5.185e-32
-6.80952e-32
-5.36334e-32
-1.56858e-33
4.41226e-32
7.62841e-32
7.27723e-32
3.4757e-32
-4.16482e-33
-3.93612e-32
-4.97696e-32
-4.34433e-32
-4.04739e-32
-3.64678e-32
-3.81575e-32
-2.47431e-32
1.71354e-32
7.07961e-32
1.21686e-31
1.25364e-31
6.32457e-32
-4.3535e-32
-1.62837e-31
-2.2077e-31
-1.84005e-31
-6.12039e-32
1.09623e-31
2.32016e-31
2.55615e-31
1.60568e-31
-2.23449e-32
-1.91859e-31
-2.85072e-31
-2.47471e-31
-9.38093e-32
8.99007e-32
2.36194e-31
2.62156e-31
1.6449e-31
-2.91899e-34
-1.68444e-31
-2.4427e-31
-2.10429e-31
-8.92951e-32
6.62144e-32
1.67041e-31
1.89776e-31
1.27116e-31
1.62861e-32
-7.80438e-32
-1.3602e-31
-1.32239e-31
-8.7787e-32
-3.21743e-32
2.53801e-32
5.78938e-32
7.54543e-32
7.46509e-32
5.40439e-32
2.63882e-32
-1.47958e-32
-5.05775e-32
-7.64007e-32
-8.54883e-32
-7.17289e-32
-4.54158e-32
-6.02004e-33
3.14197e-32
6.38784e-32
7.92558e-32
7.13527e-32
4.37698e-32
-6.57153e-33
-5.25576e-32
-8.95554e-32
-9.92636e-32
-7.54092e-32
-3.98058e-32
1.14999e-32
4.68904e-32
6.44314e-32
6.66191e-32
4.08749e-32
1.32633e-32
-2.44277e-32
-5.79059e-32
-7.24827e-32
-7.57914e-32
-5.00582e-32
-1.31625e-32
2.58977e-32
5.73355e-32
6.04253e-32
4.44911e-32
9.13463e-33
-2.97556e-32
-5.64723e-32
-6.77401e-32
-5.60008e-32
-3.01152e-32
2.20095e-33
2.98429e-32
4.3022e-32
3.71022e-32
1.67345e-32
-8.19874e-33
-2.73572e-32
-2.76822e-32
-1.92234e-32
-5.5509e-33
-1.25054e-33
-1.43512e-32
-2.55156e-32
-3.2494e-32
-1.24584e-32
2.68387e-32
6.0092e-32
7.41363e-32
3.9447e-32
-2.20379e-32
-8.43798e-32
-1.14597e-31
-8.25216e-32
-1.17527e-32
7.29416e-32
1.2127e-31
1.06966e-31
4.26323e-32
-4.69445e-32
-1.05659e-31
-1.11139e-31
-6.08714e-32
1.9257e-32
7.88082e-32
9.65718e-32
5.90661e-32
-7.13196e-33
-6.21022e-32
-8.27969e-32
-5.08295e-32
8.31987e-33
6.3661e-32
8.81865e-32
6.08278e-32
2.66884e-33
-6.16618e-32
-1.01226e-31
-9.03156e-32
-4.1026e-32
3.02266e-32
9.26613e-32
1.14948e-31
9.70624e-32
4.08673e-32
-3.09465e-32
-8.72537e-32
-1.18477e-31
-1.07562e-31
-6.1781e-32
6.74123e-34
6.97405e-32
1.14792e-31
1.26771e-31
9.92937e-32
3.20419e-32
-4.63141e-32
-1.16934e-31
-1.48173e-31
-1.22954e-31
-5.18135e-32
4.6612e-32
1.27245e-31
1.57045e-31
1.22585e-31
3.37405e-32
-6.64085e-32
-1.35197e-31
-1.41398e-31
-8.14686e-32
1.24366e-32
9.66226e-32
1.32192e-31
1.01391e-31
2.52417e-32
-5.97174e-32
-1.12711e-31
-1.04183e-31
-4.72914e-32
3.47976e-32
9.97555e-32
1.11559e-31
7.70417e-32
2.74295e-33
-6.60366e-32
-9.48475e-32
-8.24855e-32
-2.0457e-32
4.42761e-32
8.69136e-32
9.52237e-32
5.25835e-32
1.21424e-33
-4.72864e-32
-6.98443e-32
-5.04172e-32
-1.74379e-32
2.7537e-32
5.81872e-32
6.36971e-32
5.55194e-32
3.10919e-32
9.08469e-33
-3.96922e-33
-1.11493e-32
-9.03193e-33
-6.47824e-33
-8.14683e-33
-6.80341e-33
-6.48873e-33
3.55328e-33
2.66516e-32
5.08829e-32
8.0388e-32
8.9335e-32
7.57813e-32
4.11096e-32
-1.64686e-32
-5.95985e-32
-8.48556e-32
-6.94059e-32
-1.52848e-32
4.95261e-32
1.13524e-31
1.37808e-31
1.23374e-31
7.23503e-32
9.5168e-33
-3.86546e-32
-5.83075e-32
-3.61368e-32
-4.51841e-33
4.52037e-32
6.65634e-32
6.81869e-32
6.21744e-32
1.83719e-32
9.99828e-33
-2.14493e-32
-2.66233e-32
-5.66664e-33
)
;

boundaryField
{
    left
    {
        type            calculated;
        value           uniform 0;
    }
    right
    {
        type            calculated;
        value           uniform 0;
    }
    empty
    {
        type            empty;
        value           nonuniform List<scalar> 0();
    }
}


// ************************************************************************* //
