/*--------------------------------*- C++ -*----------------------------------*\
| =========                 |                                                 |
| \\      /  F ield         | OpenFOAM: The Open Source CFD Toolbox           |
|  \\    /   O peration     | Version:  2106                                  |
|   \\  /    A nd           | Website:  www.openfoam.com                      |
|    \\/     M anipulation  |                                                 |
\*---------------------------------------------------------------------------*/
FoamFile
{
    version     2.0;
    format      ascii;
    arch        "LSB;label=32;scalar=64";
    class       surfaceScalarField;
    location    "0.078";
    object      phi;
}
// * * * * * * * * * * * * * * * * * * * * * * * * * * * * * * * * * * * * * //

dimensions      [0 3 -1 0 0 0 0];

oriented        oriented;

internalField   nonuniform List<scalar> 
799
(
1.76524e-32
4.52926e-32
5.8294e-32
4.72583e-32
2.18187e-32
-4.51992e-32
-1.04956e-31
-1.51207e-31
-1.6163e-31
-1.24238e-31
-6.88148e-32
-6.91482e-33
3.11787e-32
4.05376e-32
1.85625e-32
-2.10607e-32
-7.23518e-32
-1.25109e-31
-1.65488e-31
-1.93518e-31
-1.8541e-31
-1.49329e-31
-8.8173e-32
-1.74146e-32
2.31623e-32
3.22469e-32
-9.43254e-33
-8.00766e-32
-1.46404e-31
-1.99031e-31
-2.01928e-31
-1.74676e-31
-1.28402e-31
-7.34212e-32
-4.8604e-32
-3.76033e-32
-5.4884e-32
-9.28718e-32
-1.22845e-31
-1.59642e-31
-1.68713e-31
-1.56334e-31
-1.32971e-31
-8.63569e-32
-6.12128e-32
-5.10048e-32
-6.6996e-32
-1.16037e-31
-1.5607e-31
-1.92434e-31
-1.94437e-31
-1.60662e-31
-1.17544e-31
-6.32961e-32
-3.89293e-32
-4.51268e-32
-7.82605e-32
-1.37377e-31
-1.82803e-31
-2.07966e-31
-1.94809e-31
-1.41666e-31
-7.95641e-32
-2.46297e-32
-1.18084e-32
-5.2541e-32
-1.26323e-31
-2.09821e-31
-2.55223e-31
-2.37675e-31
-1.66253e-31
-6.44562e-32
1.20423e-32
2.86437e-32
-1.83535e-32
-1.12033e-31
-1.98437e-31
-2.42947e-31
-2.31305e-31
-1.7191e-31
-1.05514e-31
-5.63442e-32
-4.08075e-32
-5.56361e-32
-7.95702e-32
-1.05321e-31
-1.24702e-31
-1.42642e-31
-1.62741e-31
-1.74801e-31
-1.72632e-31
-1.41305e-31
-8.85404e-32
-3.49316e-32
-2.07188e-33
-2.07669e-32
-7.91659e-32
-1.60752e-31
-2.29921e-31
-2.43094e-31
-2.07624e-31
-1.2166e-31
-3.06441e-32
2.27801e-32
3.19998e-32
-2.57542e-32
-1.04826e-31
-1.78423e-31
-2.22161e-31
-2.04973e-31
-1.60955e-31
-9.80162e-32
-5.11966e-32
-4.24397e-32
-5.37118e-32
-8.41677e-32
-1.00847e-31
-9.81892e-32
-8.52955e-32
-7.12525e-32
-8.10244e-32
-1.11371e-31
-1.52759e-31
-1.83436e-31
-1.81874e-31
-1.47061e-31
-8.75523e-32
-2.79546e-32
9.99142e-33
1.54829e-32
-1.43364e-32
-6.65875e-32
-1.27428e-31
-1.82635e-31
-2.14388e-31
-2.17016e-31
-1.83195e-31
-1.18952e-31
-4.51081e-32
1.97701e-32
4.51554e-32
2.26863e-32
-4.04283e-32
-1.24534e-31
-1.8929e-31
-2.15706e-31
-1.92136e-31
-1.31821e-31
-6.90209e-32
-2.5645e-32
-2.48012e-32
-5.93156e-32
-1.0626e-31
-1.43301e-31
-1.43781e-31
-1.1084e-31
-6.00002e-32
-1.82377e-32
-1.53834e-32
-5.53825e-32
-1.26455e-31
-1.93254e-31
-2.20153e-31
-1.89214e-31
-1.08984e-31
-1.9588e-32
3.85351e-32
3.06464e-32
-3.58343e-32
-1.25769e-31
-1.96518e-31
-2.03397e-31
-1.5699e-31
-7.9508e-32
-1.68128e-32
-1.0388e-32
-4.63468e-32
-1.15219e-31
-1.64818e-31
-1.66984e-31
-1.30751e-31
-5.97996e-32
-1.03669e-32
3.04218e-33
-2.60693e-32
-9.34813e-32
-1.49496e-31
-1.86003e-31
-1.7838e-31
-1.31394e-31
-7.61404e-32
-2.03158e-32
2.58797e-33
-6.0964e-33
-3.78122e-32
-8.65495e-32
-1.24367e-31
-1.48837e-31
-1.52891e-31
-1.35584e-31
-1.09469e-31
-7.44161e-32
-4.11631e-32
-1.92029e-32
-1.25622e-32
-3.17104e-32
-7.1372e-32
-1.17706e-31
-1.54261e-31
-1.57312e-31
-1.23226e-31
-6.50334e-32
-7.71425e-33
1.34484e-32
-1.48918e-32
-8.25366e-32
-1.57625e-31
-1.9466e-31
-1.68414e-31
-8.55324e-32
1.77186e-32
8.48477e-32
7.54182e-32
-1.05949e-32
-1.39117e-31
-2.43224e-31
-2.67488e-31
-1.99743e-31
-6.27311e-32
7.2096e-32
1.41435e-31
1.17356e-31
4.92043e-33
-1.30485e-31
-2.29274e-31
-2.49498e-31
-1.78642e-31
-6.49091e-32
4.58401e-32
1.05064e-31
8.85172e-32
2.08038e-32
-6.90317e-32
-1.35877e-31
-1.51032e-31
-1.1726e-31
-5.15984e-32
1.16504e-32
4.34688e-32
3.4438e-32
-1.19317e-33
-3.92649e-32
-4.92546e-32
-2.04329e-32
2.83834e-32
7.52027e-32
8.39405e-32
4.71243e-32
-1.06528e-32
-6.1641e-32
-6.22519e-32
-4.73959e-33
8.50584e-32
1.7457e-31
2.16974e-31
1.99939e-31
1.45943e-31
8.25953e-32
5.1976e-32
6.8442e-32
1.14358e-31
1.77152e-31
2.26117e-31
2.54424e-31
2.76104e-31
2.88447e-31
3.09672e-31
3.3283e-31
3.48246e-31
3.66138e-31
3.787e-31
4.02382e-31
4.38948e-31
4.77059e-31
5.15793e-31
5.41874e-31
5.66276e-31
6.05428e-31
6.71169e-31
7.65259e-31
8.64052e-31
9.36429e-31
9.58043e-31
9.36533e-31
9.03799e-31
9.11561e-31
9.94829e-31
1.1472e-30
1.3352e-30
1.49271e-30
1.58152e-30
1.59919e-30
1.57801e-30
1.58552e-30
1.65624e-30
1.80202e-30
1.99229e-30
2.17145e-30
2.31349e-30
2.40465e-30
2.47594e-30
2.56667e-30
2.69486e-30
2.86953e-30
3.05883e-30
3.23764e-30
3.39388e-30
3.52717e-30
3.67148e-30
3.84454e-30
4.05772e-30
4.30499e-30
4.55156e-30
4.78355e-30
4.98662e-30
5.17252e-30
5.3765e-30
5.61319e-30
5.90506e-30
6.23619e-30
6.57469e-30
6.90087e-30
7.18254e-30
7.43765e-30
7.69114e-30
7.97363e-30
8.32752e-30
8.74076e-30
9.20043e-30
9.66301e-30
1.00759e-29
1.04244e-29
1.07114e-29
1.09401e-29
1.13294e-29
1.18284e-29
1.31549e-29
1.55455e-29
1.91294e-29
2.59754e-29
2.86288e-29
3.13875e-29
1.42884e-29
-2.84885e-29
-7.98855e-29
-1.85497e-28
-1.76152e-28
-1.15371e-28
1.72642e-28
8.16871e-28
1.18224e-27
1.82473e-27
1.06314e-27
-7.54719e-28
-3.02999e-27
-7.53636e-27
-7.20673e-27
-5.92437e-27
1.75502e-27
1.68831e-26
2.26747e-26
3.30555e-26
1.6655e-26
-1.36043e-26
-4.10006e-26
-9.04889e-26
-7.13157e-26
-4.21881e-26
3.15769e-26
1.54631e-25
1.62742e-25
1.92004e-25
5.4318e-26
-1.45593e-25
-2.41556e-25
-4.15704e-25
-2.36517e-25
-3.16365e-26
2.19161e-25
5.89202e-25
4.55163e-25
3.83041e-25
-3.70772e-26
-5.43995e-25
-5.80042e-25
-7.54245e-25
-2.54571e-25
2.23635e-25
5.06855e-25
9.15299e-25
5.06865e-25
2.23651e-25
-2.54558e-25
-7.5424e-25
-5.80048e-25
-5.44007e-25
-3.70913e-26
3.83032e-25
4.55161e-25
5.89206e-25
2.19168e-25
-3.16307e-26
-2.36515e-25
-4.15706e-25
-2.41561e-25
-1.45598e-25
5.43144e-26
1.92003e-25
1.62742e-25
1.54632e-25
3.15773e-26
-4.21883e-26
-7.13163e-26
-9.04895e-26
-4.10015e-26
-1.36051e-26
1.66542e-26
3.30546e-26
2.26738e-26
1.68822e-26
1.75431e-27
-5.92499e-27
-7.20726e-27
-7.53684e-27
-3.03049e-27
-7.55233e-28
1.06257e-27
1.82413e-27
1.18163e-27
8.16279e-28
1.72124e-28
-1.15808e-28
-1.76488e-28
-1.85766e-28
-8.01526e-29
-2.87996e-29
1.3872e-29
3.0889e-29
2.80982e-29
2.54862e-29
1.87684e-29
1.53211e-29
1.30507e-29
1.17719e-29
1.12323e-29
1.07584e-29
1.04189e-29
1.00557e-29
9.69117e-30
9.31658e-30
8.95136e-30
8.60461e-30
8.29029e-30
8.00068e-30
7.71225e-30
7.40392e-30
7.0613e-30
6.69338e-30
6.33562e-30
6.01495e-30
5.75798e-30
5.55782e-30
5.38497e-30
5.21358e-30
5.00766e-30
4.76929e-30
4.50608e-30
4.2384e-30
3.99774e-30
3.79002e-30
3.62887e-30
3.50288e-30
3.39218e-30
3.27965e-30
3.13821e-30
2.96311e-30
2.76426e-30
2.56414e-30
2.397e-30
2.28526e-30
2.22265e-30
2.1905e-30
2.14558e-30
2.05286e-30
1.91332e-30
1.73363e-30
1.56498e-30
1.44354e-30
1.37979e-30
1.37836e-30
1.38732e-30
1.37584e-30
1.31652e-30
1.1963e-30
1.05468e-30
9.17197e-31
8.25426e-31
8.01024e-31
8.25793e-31
8.75603e-31
9.01105e-31
8.65421e-31
7.63189e-31
6.14528e-31
4.6966e-31
3.83609e-31
3.81054e-31
4.53848e-31
5.54951e-31
6.19196e-31
6.07327e-31
5.09947e-31
3.6555e-31
2.31795e-31
1.56575e-31
1.60769e-31
2.21587e-31
3.01543e-31
3.52517e-31
3.5469e-31
3.088e-31
2.33139e-31
1.63864e-31
1.12418e-31
9.82471e-32
1.11111e-31
1.36146e-31
1.64979e-31
1.68468e-31
1.57085e-31
1.24228e-31
8.65591e-32
6.98296e-32
6.43531e-32
8.78111e-32
1.08301e-31
1.09704e-31
9.34415e-32
4.37419e-32
4.06947e-33
-1.65188e-32
-6.12987e-33
4.21207e-32
8.42397e-32
1.13053e-31
1.06403e-31
6.54485e-32
2.37747e-32
-1.39991e-32
-2.68228e-32
-2.27591e-32
-2.19044e-32
-1.98785e-32
-2.34226e-32
-1.17419e-32
2.85123e-32
8.06525e-32
1.30118e-31
1.32462e-31
6.90957e-32
-3.88571e-32
-1.59262e-31
-2.18227e-31
-1.82425e-31
-6.0525e-32
1.09456e-31
2.3106e-31
2.53919e-31
1.58176e-31
-2.53865e-32
-1.95508e-31
-2.89291e-31
-2.52228e-31
-9.90756e-32
8.4156e-32
2.29999e-31
2.55536e-31
1.57471e-31
-7.68491e-33
-1.76189e-31
-2.52349e-31
-2.18819e-31
-9.79779e-32
5.72588e-32
1.57827e-31
1.80321e-31
1.17425e-31
6.37663e-33
-8.81579e-32
-1.46329e-31
-1.42735e-31
-9.84594e-32
-4.30129e-32
1.43879e-32
4.67565e-32
6.41816e-32
6.32518e-32
4.25268e-32
1.47589e-32
-2.65267e-32
-6.24015e-32
-8.83076e-32
-9.74667e-32
-8.37731e-32
-5.75161e-32
-1.81722e-32
1.92157e-32
5.16285e-32
6.69716e-32
5.90448e-32
3.14408e-32
-1.89131e-32
-6.49053e-32
-1.01899e-31
-1.11596e-31
-8.77291e-32
-5.21077e-32
-7.75638e-34
3.465e-32
5.22288e-32
5.44617e-32
2.87731e-32
1.22477e-33
-3.63986e-32
-6.98015e-32
-8.42955e-32
-8.75185e-32
-6.16916e-32
-2.46957e-32
1.44685e-32
4.60237e-32
4.92331e-32
3.34219e-32
-1.80105e-33
-4.05544e-32
-6.71264e-32
-7.82484e-32
-6.63563e-32
-4.03151e-32
-7.83072e-33
1.99785e-32
3.33366e-32
2.75989e-32
7.41483e-33
-1.73334e-32
-3.63038e-32
-3.64347e-32
-2.77817e-32
-1.39082e-32
-9.40095e-33
-2.22926e-32
-3.32464e-32
-4.00097e-32
-1.97528e-32
1.97681e-32
5.32505e-32
6.75204e-32
3.30598e-32
-2.81961e-32
-9.0305e-32
-1.20288e-31
-8.79766e-32
-1.69768e-32
6.79522e-32
1.16513e-31
1.02446e-31
3.83501e-32
-5.09905e-32
-1.09474e-31
-1.14719e-31
-6.42192e-32
1.6147e-32
7.59381e-32
9.39417e-32
5.66719e-32
-9.29111e-33
-6.40191e-32
-8.44749e-32
-5.22649e-32
7.1246e-33
6.27071e-32
8.74769e-32
6.03651e-32
2.4486e-33
-6.16378e-32
-1.00954e-31
-8.9795e-32
-4.02574e-32
3.12437e-32
9.39282e-32
1.16463e-31
9.8828e-32
4.28896e-32
-2.86693e-32
-8.47183e-32
-1.15686e-31
-1.04511e-31
-5.84678e-32
4.25397e-33
7.35954e-32
1.18925e-31
1.31186e-31
1.0399e-31
3.70237e-32
-4.10389e-32
-1.11361e-31
-1.42301e-31
-1.16781e-31
-4.53316e-32
5.34039e-32
1.34352e-31
1.64471e-31
1.30336e-31
4.18207e-32
-5.79931e-32
-1.26446e-31
-1.32307e-31
-7.20348e-32
2.22144e-32
1.06748e-31
1.42666e-31
1.12216e-31
3.64181e-32
-4.81844e-32
-1.00824e-31
-9.19428e-32
-3.46983e-32
4.77435e-32
1.13054e-31
1.25207e-31
9.10288e-32
1.70648e-32
-5.13875e-32
-7.98697e-32
-6.71864e-32
-4.84492e-33
6.01867e-32
1.03115e-31
1.11711e-31
6.93451e-32
1.82346e-32
-3.00205e-32
-5.23484e-32
-3.27062e-32
4.66436e-34
4.56205e-32
7.64346e-32
8.20815e-32
7.40204e-32
4.96847e-32
2.77482e-32
1.47394e-32
7.58034e-33
9.6951e-33
1.22165e-32
1.04903e-32
1.17451e-32
1.19438e-32
2.18388e-32
4.47576e-32
6.87753e-32
9.80389e-32
1.06718e-31
9.28656e-32
5.78629e-32
-8.36952e-35
-4.36133e-32
-6.92966e-32
-5.43054e-32
-6.71066e-34
6.36241e-32
1.27077e-31
1.50785e-31
1.35751e-31
8.40962e-32
2.0609e-32
-2.82473e-32
-4.86087e-32
-2.71654e-32
3.70516e-33
5.26606e-32
7.3238e-32
7.4064e-32
6.7236e-32
2.26137e-32
1.34063e-32
-1.88831e-32
-2.49094e-32
-4.80841e-33
)
;

boundaryField
{
    left
    {
        type            calculated;
        value           uniform 0;
    }
    right
    {
        type            calculated;
        value           uniform 0;
    }
    empty
    {
        type            empty;
        value           nonuniform List<scalar> 0();
    }
}


// ************************************************************************* //
