/*--------------------------------*- C++ -*----------------------------------*\
| =========                 |                                                 |
| \\      /  F ield         | OpenFOAM: The Open Source CFD Toolbox           |
|  \\    /   O peration     | Version:  2106                                  |
|   \\  /    A nd           | Website:  www.openfoam.com                      |
|    \\/     M anipulation  |                                                 |
\*---------------------------------------------------------------------------*/
FoamFile
{
    version     2.0;
    format      ascii;
    arch        "LSB;label=32;scalar=64";
    class       surfaceScalarField;
    location    "0.13";
    object      phi;
}
// * * * * * * * * * * * * * * * * * * * * * * * * * * * * * * * * * * * * * //

dimensions      [0 3 -1 0 0 0 0];

oriented        oriented;

internalField   nonuniform List<scalar> 
799
(
1.63523e-32
4.27e-32
5.4409e-32
4.20801e-32
1.5357e-32
-5.29435e-32
-1.13984e-31
-1.61516e-31
-1.73209e-31
-1.3709e-31
-8.29293e-32
-2.22852e-32
1.45604e-32
2.26778e-32
-5.31135e-34
-4.1379e-32
-9.38861e-32
-1.47853e-31
-1.89429e-31
-2.18649e-31
-2.11717e-31
-1.76805e-31
-1.16802e-31
-4.71868e-32
-7.73532e-33
2.38296e-34
-4.25435e-32
-1.14278e-31
-1.81677e-31
-2.35371e-31
-2.39315e-31
-2.13098e-31
-1.67838e-31
-1.13855e-31
-9.00208e-32
-7.99861e-32
-9.82166e-32
-1.37137e-31
-1.68026e-31
-2.05719e-31
-2.15672e-31
-2.04162e-31
-1.81651e-31
-1.35868e-31
-1.11537e-31
-1.02126e-31
-1.18897e-31
-1.68698e-31
-2.0947e-31
-2.4656e-31
-2.49267e-31
-2.16177e-31
-1.73728e-31
-1.20129e-31
-9.63938e-32
-1.03204e-31
-1.36937e-31
-1.96631e-31
-2.42618e-31
-2.68328e-31
-2.55696e-31
-2.03058e-31
-1.41445e-31
-8.6983e-32
-7.46193e-32
-1.15793e-31
-1.89999e-31
-2.73905e-31
-3.19695e-31
-3.02521e-31
-2.3146e-31
-1.30007e-31
-5.38339e-32
-3.75451e-32
-8.48432e-32
-1.78812e-31
-2.65483e-31
-3.10255e-31
-2.98849e-31
-2.39676e-31
-1.73491e-31
-1.24519e-31
-1.09169e-31
-1.24169e-31
-1.48267e-31
-1.74172e-31
-1.93691e-31
-2.11758e-31
-2.31975e-31
-2.4414e-31
-2.4206e-31
-2.10817e-31
-1.58129e-31
-1.04584e-31
-7.178e-32
-9.05172e-32
-1.48953e-31
-2.30566e-31
-2.99754e-31
-3.12935e-31
-2.77467e-31
-1.91499e-31
-1.00469e-31
-4.70213e-32
-3.77693e-32
-9.54898e-32
-1.74525e-31
-2.48077e-31
-2.91763e-31
-2.74516e-31
-2.30425e-31
-1.67411e-31
-1.20514e-31
-1.11674e-31
-1.22856e-31
-1.53218e-31
-1.69798e-31
-1.67036e-31
-1.54035e-31
-1.39877e-31
-1.49531e-31
-1.79756e-31
-2.21017e-31
-2.51561e-31
-2.49864e-31
-2.14913e-31
-1.55259e-31
-9.55141e-32
-5.74176e-32
-5.17712e-32
-8.14303e-32
-1.33518e-31
-1.94192e-31
-2.49224e-31
-2.80799e-31
-2.83246e-31
-2.49236e-31
-1.84801e-31
-1.10761e-31
-4.56811e-32
-2.00897e-32
-4.23465e-32
-1.05242e-31
-1.89124e-31
-2.53646e-31
-2.79823e-31
-2.56007e-31
-1.95437e-31
-1.32377e-31
-8.87312e-32
-8.76094e-32
-1.21836e-31
-1.6849e-31
-2.05229e-31
-2.05389e-31
-1.72119e-31
-1.20932e-31
-7.88142e-32
-7.55928e-32
-1.15207e-31
-1.85874e-31
-2.52254e-31
-2.78717e-31
-2.47318e-31
-1.66613e-31
-7.67242e-32
-1.80872e-32
-2.54328e-32
-9.13432e-32
-1.80687e-31
-2.5081e-31
-2.57035e-31
-2.09941e-31
-1.31737e-31
-6.82832e-32
-6.1061e-32
-9.61852e-32
-1.64175e-31
-2.12855e-31
-2.14048e-31
-1.76794e-31
-1.04767e-31
-5.42014e-32
-3.96003e-32
-6.74602e-32
-1.33556e-31
-1.88178e-31
-2.23226e-31
-2.14066e-31
-1.65452e-31
-1.0849e-31
-5.08635e-32
-2.60663e-32
-3.27536e-32
-6.23693e-32
-1.08893e-31
-1.44383e-31
-1.66399e-31
-1.6787e-31
-1.47845e-31
-1.18874e-31
-8.08108e-32
-4.43915e-32
-1.91021e-32
-8.95708e-33
-2.44235e-32
-6.02133e-32
-1.02479e-31
-1.34756e-31
-1.33313e-31
-9.45e-32
-3.13507e-32
3.1176e-32
5.7808e-32
3.52089e-32
-2.64123e-32
-9.51823e-32
-1.25586e-31
-9.23875e-32
-2.22084e-33
1.08671e-31
1.83807e-31
1.82762e-31
1.05537e-31
-1.37832e-32
-1.08258e-31
-1.22447e-31
-4.41617e-32
1.03876e-31
2.50237e-31
3.31632e-31
3.2015e-31
2.20877e-31
9.92192e-32
1.47845e-32
9.54539e-33
9.60385e-32
2.26088e-31
3.53852e-31
4.30816e-31
4.3276e-31
3.84313e-31
3.14549e-31
2.68607e-31
2.75215e-31
3.31631e-31
4.20855e-31
5.0861e-31
5.65903e-31
5.8336e-31
5.75253e-31
5.65772e-31
5.85469e-31
6.45108e-31
7.2591e-31
8.05912e-31
8.49064e-31
8.47922e-31
8.27121e-31
8.14445e-31
8.53519e-31
9.52118e-31
1.08444e-30
1.21795e-30
1.30586e-30
1.33589e-30
1.33053e-30
1.31745e-30
1.33875e-30
1.40883e-30
1.51008e-30
1.62998e-30
1.73784e-30
1.82689e-30
1.91117e-30
1.98802e-30
2.07569e-30
2.16726e-30
2.2531e-30
2.34345e-30
2.43054e-30
2.53085e-30
2.64617e-30
2.7652e-30
2.88704e-30
2.99845e-30
3.11042e-30
3.23941e-30
3.39729e-30
3.58582e-30
3.7814e-30
3.95292e-30
4.07605e-30
4.15844e-30
4.23203e-30
4.34853e-30
4.54296e-30
4.80894e-30
5.113e-30
5.38903e-30
5.59882e-30
5.73991e-30
5.84462e-30
5.98048e-30
6.182e-30
6.46103e-30
6.78696e-30
7.10421e-30
7.38674e-30
7.62077e-30
7.83728e-30
8.07557e-30
8.35364e-30
8.68046e-30
9.02415e-30
9.35957e-30
9.67458e-30
9.96877e-30
1.02761e-29
1.06141e-29
1.09943e-29
1.14105e-29
1.18278e-29
1.22324e-29
1.26098e-29
1.29717e-29
1.33533e-29
1.37692e-29
1.42416e-29
1.47547e-29
1.52765e-29
1.57871e-29
1.62543e-29
1.6696e-29
1.7137e-29
1.76079e-29
1.81508e-29
1.87538e-29
1.94036e-29
2.00568e-29
2.06607e-29
2.12003e-29
2.16784e-29
2.20983e-29
2.26785e-29
2.33682e-29
2.4885e-29
2.74653e-29
3.12383e-29
3.82725e-29
4.11133e-29
4.40583e-29
2.71443e-29
-1.54488e-29
-6.66635e-29
-1.72094e-28
-1.6257e-28
-1.01611e-28
1.86577e-28
8.30978e-28
1.19652e-27
1.83918e-27
1.07775e-27
-7.39943e-28
-3.01506e-27
-7.52127e-27
-7.19148e-27
-5.90897e-27
1.77056e-27
1.68988e-26
2.26905e-26
3.30715e-26
1.66712e-26
-1.35881e-26
-4.09842e-26
-9.04724e-26
-7.12991e-26
-4.21714e-26
3.15938e-26
1.54648e-25
1.62759e-25
1.92022e-25
5.43352e-26
-1.45576e-25
-2.41538e-25
-4.15687e-25
-2.36499e-25
-3.16189e-26
2.19178e-25
5.8922e-25
4.55181e-25
3.83059e-25
-3.70594e-26
-5.43977e-25
-5.80024e-25
-7.54227e-25
-2.54553e-25
2.23653e-25
5.06873e-25
9.15317e-25
5.06883e-25
2.23668e-25
-2.5454e-25
-7.54222e-25
-5.8003e-25
-5.4399e-25
-3.70735e-26
3.8305e-25
4.55179e-25
5.89224e-25
2.19186e-25
-3.16132e-26
-2.36498e-25
-4.15689e-25
-2.41543e-25
-1.45581e-25
5.43315e-26
1.9202e-25
1.62759e-25
1.54648e-25
3.1594e-26
-4.21717e-26
-7.12998e-26
-9.04731e-26
-4.09852e-26
-1.35889e-26
1.66702e-26
3.30704e-26
2.26896e-26
1.68978e-26
1.76975e-27
-5.9097e-27
-7.19213e-27
-7.52186e-27
-3.01567e-27
-7.40573e-28
1.07706e-27
1.83846e-27
1.19579e-27
8.30265e-28
1.85936e-28
-1.02172e-28
-1.6303e-28
-1.72487e-28
-6.70556e-29
-1.58852e-29
2.66023e-29
4.34341e-29
4.0457e-29
3.76578e-29
3.07519e-29
2.71159e-29
2.46563e-29
2.31877e-29
2.24581e-29
2.1794e-29
2.12642e-29
2.07108e-29
2.01562e-29
1.95918e-29
1.90372e-29
1.85015e-29
1.79989e-29
1.75217e-29
1.70465e-29
1.65522e-29
1.60247e-29
1.5473e-29
1.49326e-29
1.44305e-29
1.39935e-29
1.36148e-29
1.32648e-29
1.29179e-29
1.25381e-29
1.21276e-29
1.1694e-29
1.12577e-29
1.08504e-29
1.0478e-29
1.01542e-29
9.86754e-30
9.59831e-30
9.32939e-30
9.03374e-30
8.70665e-30
8.35806e-30
8.01049e-30
7.69821e-30
7.44367e-30
7.2406e-30
7.07038e-30
6.88978e-30
6.66379e-30
6.39339e-30
6.08527e-30
5.79062e-30
5.54563e-30
5.36076e-30
5.24066e-30
5.13337e-30
5.00808e-30
4.83737e-30
4.60818e-30
4.35998e-30
4.11833e-30
3.92476e-30
3.80092e-30
3.72859e-30
3.68363e-30
3.61666e-30
3.49079e-30
3.30062e-30
3.06626e-30
2.83789e-30
2.67052e-30
2.5888e-30
2.58456e-30
2.61071e-30
2.60206e-30
2.51934e-30
2.3531e-30
2.14181e-30
1.94309e-30
1.80482e-30
1.74781e-30
1.74927e-30
1.77165e-30
1.76682e-30
1.71491e-30
1.61663e-30
1.49023e-30
1.37183e-30
1.27284e-30
1.21268e-30
1.18107e-30
1.1631e-30
1.15038e-30
1.11372e-30
1.06355e-30
9.93255e-31
9.19448e-31
8.67848e-31
8.28737e-31
8.19761e-31
8.08983e-31
7.80258e-31
7.34972e-31
6.57316e-31
5.90735e-31
5.44246e-31
5.29716e-31
5.53995e-31
5.73065e-31
5.79726e-31
5.51788e-31
4.90382e-31
4.29066e-31
3.72437e-31
3.41514e-31
3.28213e-31
3.12408e-31
2.98464e-31
2.79607e-31
2.76611e-31
3.02806e-31
3.41479e-31
3.7805e-31
3.6805e-31
2.92872e-31
1.73621e-31
4.24133e-32
-2.68788e-32
-9.50928e-34
1.1151e-31
2.72477e-31
3.85469e-31
4.00108e-31
2.96519e-31
1.05472e-31
-7.1792e-32
-1.72387e-31
-1.4182e-31
5.14584e-33
1.82484e-31
3.22714e-31
3.42907e-31
2.39751e-31
6.97495e-32
-1.03368e-31
-1.83911e-31
-1.54553e-31
-3.76816e-32
1.13786e-31
2.10772e-31
2.29866e-31
1.63744e-31
4.96378e-32
-4.78037e-32
-1.0873e-31
-1.07747e-31
-6.59473e-32
-1.2845e-32
4.2333e-32
7.26e-32
8.80391e-32
8.52284e-32
6.27322e-32
3.32862e-32
-9.59053e-33
-4.69651e-32
-7.42875e-32
-8.47842e-32
-7.23529e-32
-4.72891e-32
-9.07218e-33
2.7267e-32
5.86935e-32
7.31075e-32
6.4305e-32
3.5881e-32
-1.52406e-32
-6.1951e-32
-9.96195e-32
-1.09942e-31
-8.66571e-32
-5.15788e-32
-7.51564e-34
3.42067e-32
5.13576e-32
5.31858e-32
2.71203e-32
-7.80904e-34
-3.87277e-32
-7.24298e-32
-8.7198e-32
-9.06677e-32
-6.50656e-32
-2.82715e-32
1.07145e-32
4.21087e-32
4.51789e-32
2.92474e-32
-6.0885e-33
-4.49389e-32
-7.15872e-32
-8.27744e-32
-7.0934e-32
-4.49298e-32
-1.24722e-32
1.53262e-32
2.86813e-32
2.29509e-32
2.78658e-33
-2.1927e-32
-4.08568e-32
-4.09365e-32
-3.22223e-32
-1.82813e-32
-1.37066e-32
-2.65222e-32
-3.73931e-32
-4.40662e-32
-2.3719e-32
1.58861e-32
4.94633e-32
6.3834e-32
2.94803e-32
-3.16591e-32
-9.36453e-32
-1.23499e-31
-9.10506e-32
-1.99108e-32
6.51656e-32
1.13877e-31
9.99649e-32
3.60284e-32
-5.31512e-32
-1.1147e-31
-1.16549e-31
-6.58758e-32
1.46611e-32
7.46253e-32
9.28027e-32
5.57078e-32
-1.00765e-32
-6.4633e-32
-8.49155e-32
-5.25343e-32
7.03311e-33
6.27989e-32
8.77526e-32
6.08255e-32
3.0986e-33
-6.07976e-32
-9.993e-32
-8.85845e-32
-3.88617e-32
3.28251e-32
9.56977e-32
1.18423e-31
1.00978e-31
4.523e-32
-2.61437e-32
-8.201e-32
-1.12793e-31
-1.0143e-31
-5.52027e-32
7.69897e-33
7.72155e-32
1.22719e-31
1.3515e-31
1.08123e-31
4.13277e-32
-3.65656e-32
-1.06719e-31
-1.37496e-31
-1.11811e-31
-4.02038e-32
5.86927e-32
1.398e-31
1.70075e-31
1.36087e-31
4.7717e-32
-5.19565e-32
-1.20274e-31
-1.26004e-31
-6.56082e-32
2.87618e-32
1.1341e-31
1.49439e-31
1.19096e-31
4.33981e-32
-4.11096e-32
-9.36604e-32
-8.4695e-32
-2.7373e-32
5.51418e-32
1.20519e-31
1.3273e-31
9.86076e-32
2.46963e-32
-4.37103e-32
-7.21562e-32
-5.94405e-32
2.922e-33
6.79723e-32
1.10909e-31
1.19505e-31
7.71324e-32
2.60106e-32
-2.22613e-32
-4.46116e-32
-2.5004e-32
8.12652e-33
5.32377e-32
8.40021e-32
8.95934e-32
8.14714e-32
5.70666e-32
3.50529e-32
2.19586e-32
1.47063e-32
1.672e-32
1.91342e-32
1.72935e-32
1.84275e-32
1.8498e-32
2.82582e-32
5.10402e-32
7.49127e-32
1.04026e-31
1.12546e-31
9.8529e-32
6.33556e-32
5.23669e-33
-3.84705e-32
-6.43456e-32
-4.9546e-32
3.89399e-33
6.79895e-32
1.31237e-31
1.54735e-31
1.39485e-31
8.76125e-32
2.39064e-32
-2.5173e-32
-4.57589e-32
-2.45413e-32
6.09978e-33
5.48213e-32
7.51609e-32
7.57447e-32
6.86775e-32
2.38126e-32
1.43617e-32
-1.81677e-32
-2.44315e-32
-4.56886e-33
)
;

boundaryField
{
    left
    {
        type            calculated;
        value           uniform 0;
    }
    right
    {
        type            calculated;
        value           uniform 0;
    }
    empty
    {
        type            empty;
        value           nonuniform List<scalar> 0();
    }
}


// ************************************************************************* //
