/*--------------------------------*- C++ -*----------------------------------*\
| =========                 |                                                 |
| \\      /  F ield         | OpenFOAM: The Open Source CFD Toolbox           |
|  \\    /   O peration     | Version:  2106                                  |
|   \\  /    A nd           | Website:  www.openfoam.com                      |
|    \\/     M anipulation  |                                                 |
\*---------------------------------------------------------------------------*/
FoamFile
{
    version     2.0;
    format      ascii;
    arch        "LSB;label=32;scalar=64";
    class       surfaceScalarField;
    location    "0.005";
    object      phi;
}
// * * * * * * * * * * * * * * * * * * * * * * * * * * * * * * * * * * * * * //

dimensions      [0 3 -1 0 0 0 0];

oriented        oriented;

internalField   nonuniform List<scalar> 
799
(
2.20978e-32
5.41231e-32
7.15393e-32
6.48128e-32
4.36851e-32
-1.91465e-32
-7.47584e-32
-1.16994e-31
-1.2348e-31
-8.22823e-32
-2.31522e-32
4.23227e-32
8.38645e-32
9.65447e-32
7.77501e-32
4.11941e-32
-7.18161e-33
-5.71279e-32
-9.48442e-32
-1.20309e-31
-1.09781e-31
-7.13721e-32
-8.01969e-33
6.48572e-32
1.07422e-31
1.18422e-31
7.85366e-32
9.61912e-33
-5.50786e-32
-1.06141e-31
-1.07563e-31
-7.89029e-32
-3.13016e-32
2.49532e-32
5.09658e-32
6.31057e-32
4.68946e-32
9.92362e-33
-1.90953e-32
-5.4984e-32
-6.32069e-32
-5.00315e-32
-2.59241e-32
2.13861e-32
4.71786e-32
5.79885e-32
4.25529e-32
-5.97302e-33
-4.55317e-32
-8.14653e-32
-8.30761e-32
-4.89461e-32
-5.50933e-33
4.90229e-32
7.36403e-32
6.76611e-32
3.47134e-32
-2.42441e-32
-6.95381e-32
-9.45967e-32
-8.1357e-32
-2.81562e-32
3.39789e-32
8.89249e-32
1.01736e-31
6.09715e-32
-1.28631e-32
-9.64304e-32
-1.41921e-31
-1.24478e-31
-5.31809e-32
4.84785e-32
1.24822e-31
1.41252e-31
9.40666e-32
1.83565e-34
-8.64291e-32
-1.31174e-31
-1.19779e-31
-6.06397e-32
5.48542e-33
5.4368e-32
6.96056e-32
5.44654e-32
3.02055e-32
4.11216e-33
-1.56226e-32
-3.39272e-32
-5.44015e-32
-6.68478e-32
-6.50727e-32
-3.41522e-32
1.81946e-32
7.13798e-32
1.03809e-31
8.46777e-32
2.5837e-32
-5.61945e-32
-1.25816e-31
-1.39443e-31
-1.04432e-31
-1.89268e-32
7.16348e-32
1.24604e-31
1.33371e-31
7.51573e-32
-4.36682e-33
-7.84098e-32
-1.22594e-31
-1.05845e-31
-6.22534e-32
2.69423e-34
4.66797e-32
5.50304e-32
4.33671e-32
1.25261e-32
-4.52894e-33
-2.23551e-33
1.03056e-32
2.40082e-32
1.39079e-32
-1.67563e-32
-5.84478e-32
-8.94181e-32
-8.81369e-32
-5.3592e-32
5.66043e-33
6.50152e-32
1.0273e-31
1.08003e-31
7.79788e-32
2.55336e-32
-3.54898e-32
-9.08693e-32
-1.22783e-31
-1.25556e-31
-9.18708e-32
-2.77534e-32
4.59736e-32
1.10745e-31
1.36032e-31
1.13473e-31
5.02739e-32
-3.39092e-32
-9.87355e-32
-1.25213e-31
-1.01698e-31
-4.14346e-32
2.13167e-32
6.46405e-32
6.5437e-32
3.08751e-32
-1.61228e-32
-5.32159e-32
-5.37462e-32
-2.08587e-32
2.99302e-32
7.16326e-32
7.44191e-32
3.43417e-32
-3.68133e-32
-1.03705e-31
-1.30706e-31
-9.98745e-32
-1.97679e-32
6.949e-32
1.27465e-31
1.19417e-31
5.27705e-32
-3.73495e-32
-1.08293e-31
-1.15376e-31
-6.91883e-32
8.0592e-33
7.05131e-32
7.66851e-32
4.04622e-32
-2.86798e-32
-7.85631e-32
-8.1017e-32
-4.50796e-32
2.55697e-32
7.46945e-32
8.77879e-32
5.83527e-32
-9.38891e-33
-6.57329e-32
-1.02575e-31
-9.52869e-32
-4.86357e-32
6.28636e-33
6.17746e-32
8.43347e-32
7.53042e-32
4.32462e-32
-5.8312e-33
-4.39915e-32
-6.88076e-32
-7.32055e-32
-5.62452e-32
-3.04778e-32
4.22651e-33
3.71259e-32
5.87288e-32
6.50114e-32
4.55019e-32
5.47141e-33
-4.12345e-32
-7.81687e-32
-8.16143e-32
-4.79286e-32
9.84735e-33
6.67335e-32
8.74523e-32
5.86552e-32
-9.46414e-33
-8.50494e-32
-1.22605e-31
-9.69021e-32
-1.45934e-32
8.80556e-32
1.5455e-31
1.44448e-31
5.77271e-32
-7.15502e-32
-1.7646e-31
-2.01582e-31
-1.34752e-31
1.28345e-33
1.35068e-31
2.03292e-31
1.78019e-31
6.43047e-32
-7.24716e-32
-1.7273e-31
-1.94528e-31
-1.2536e-31
-1.34364e-32
9.53742e-32
1.5252e-31
1.33745e-31
6.36407e-32
-2.87533e-32
-9.83396e-32
-1.16435e-31
-8.58142e-32
-2.35219e-32
3.61165e-32
6.40688e-32
5.09032e-32
1.08544e-32
-3.19464e-32
-4.69868e-32
-2.35686e-32
1.9473e-32
6.01285e-32
6.22828e-32
1.8443e-32
-4.68302e-32
-1.05807e-31
-1.14934e-31
-6.65048e-32
1.36184e-32
9.28265e-32
1.24265e-31
9.55562e-32
2.91412e-32
-4.7408e-32
-9.20685e-32
-9.05149e-32
-6.04381e-32
-1.44605e-32
1.66551e-32
2.60286e-32
2.76293e-32
1.86857e-32
1.73552e-32
1.66209e-32
6.74226e-33
-2.13893e-33
-1.79002e-32
-2.41719e-32
-1.92713e-32
-1.46184e-32
-1.12261e-32
-2.24566e-32
-3.74367e-32
-3.98318e-32
-1.79006e-32
3.0012e-32
8.01482e-32
1.01281e-31
6.89438e-32
-9.34198e-33
-1.01799e-31
-1.56836e-31
-1.39576e-31
-5.65546e-32
5.86243e-32
1.39684e-31
1.48267e-31
8.17738e-32
-2.76491e-32
-1.12625e-31
-1.38803e-31
-9.44988e-32
-1.04722e-32
5.75161e-32
8.32596e-32
5.28152e-32
-3.00757e-33
-4.50953e-32
-5.56142e-32
-2.57822e-32
1.23683e-32
3.34847e-32
2.52815e-32
-1.28664e-32
-4.72033e-32
-6.02395e-32
-4.08597e-32
4.69699e-33
4.13265e-32
5.49859e-32
3.09285e-32
-1.91722e-32
-6.05722e-32
-7.86125e-32
-5.14643e-32
5.12628e-33
5.85708e-32
8.93351e-32
6.47097e-32
2.46196e-33
-7.24176e-32
-1.30352e-31
-1.27883e-31
-7.94822e-32
4.40857e-33
7.60972e-32
8.69068e-32
1.65254e-32
-1.27442e-31
-3.47578e-31
-4.20881e-31
-4.02176e-31
4.28151e-31
2.30662e-30
5.36017e-30
1.16631e-29
1.37528e-29
1.59391e-29
-1.75627e-30
-4.51342e-29
-9.71612e-29
-2.03405e-28
-1.94729e-28
-1.34619e-28
1.52679e-28
7.96188e-28
1.16079e-27
1.8025e-27
1.04009e-27
-7.78601e-28
-3.05473e-27
-7.56199e-27
-7.23321e-27
-5.95177e-27
1.72679e-27
1.68539e-26
2.26448e-26
3.30247e-26
1.66234e-26
-1.36368e-26
-4.10338e-26
-9.05228e-26
-7.13504e-26
-4.22234e-26
3.15408e-26
1.54595e-25
1.62705e-25
1.91967e-25
5.42799e-26
-1.45632e-25
-2.41594e-25
-4.15743e-25
-2.36555e-25
-3.16748e-26
2.19123e-25
5.89164e-25
4.55126e-25
3.83004e-25
-3.71144e-26
-5.44032e-25
-5.80079e-25
-7.54282e-25
-2.54608e-25
2.23598e-25
5.06818e-25
9.15263e-25
5.06828e-25
2.23614e-25
-2.54595e-25
-7.54277e-25
-5.80085e-25
-5.44044e-25
-3.7128e-26
3.82995e-25
4.55125e-25
5.89169e-25
2.19131e-25
-3.16684e-26
-2.36553e-25
-4.15744e-25
-2.41598e-25
-1.45636e-25
5.42771e-26
1.91966e-25
1.62706e-25
1.54596e-25
3.15419e-26
-4.22229e-26
-7.13503e-26
-9.05227e-26
-4.1034e-26
-1.36368e-26
1.66233e-26
3.30244e-26
2.26446e-26
1.68537e-26
1.72674e-27
-5.95175e-27
-7.23312e-27
-7.56185e-27
-3.05464e-27
-7.78548e-28
1.04007e-27
1.80243e-27
1.16069e-27
7.9609e-28
1.52637e-28
-1.34597e-28
-1.94624e-28
-2.0325e-28
-9.70209e-29
-4.50543e-29
-1.79773e-30
1.57997e-29
1.35658e-29
1.15025e-29
5.31288e-30
2.38157e-30
6.0922e-31
-1.87225e-31
-2.59985e-31
-2.84412e-31
-1.87817e-31
-1.3252e-31
-9.02193e-32
-7.44899e-32
-6.0259e-32
-4.23524e-32
-2.62709e-33
4.86966e-32
9.05187e-32
1.00714e-31
6.58924e-32
-4.98635e-33
-7.62879e-32
-1.20576e-31
-1.11392e-31
-5.49403e-32
1.91188e-32
8.55527e-32
1.08339e-31
9.00666e-32
3.8421e-32
-2.58534e-32
-7.10758e-32
-9.10438e-32
-7.18914e-32
-2.48054e-32
3.05905e-32
7.73825e-32
8.87267e-32
6.00785e-32
1.55579e-33
-6.4141e-32
-1.02574e-31
-9.11145e-32
-3.58494e-32
4.47457e-32
1.07629e-31
1.17948e-31
7.68559e-32
-8.80097e-33
-8.76734e-32
-1.2342e-31
-1.05417e-31
-2.8873e-32
5.44241e-32
1.13789e-31
1.21969e-31
6.60331e-32
-1.43903e-32
-9.36295e-32
-1.2999e-31
-1.01695e-31
-2.68344e-32
7.05823e-32
1.41299e-31
1.48549e-31
8.70791e-32
-2.29035e-32
-1.31079e-31
-1.82334e-31
-1.51917e-31
-4.78733e-32
8.28225e-32
1.75094e-31
1.89749e-31
1.17461e-31
-3.20111e-33
-1.14518e-31
-1.68525e-31
-1.44294e-31
-6.45457e-32
3.3281e-32
1.01126e-31
1.19218e-31
8.83385e-32
2.68344e-32
-2.90936e-32
-6.79635e-32
-7.02887e-32
-4.62708e-32
-1.0728e-32
2.79944e-32
4.07951e-32
3.81703e-32
1.35552e-32
-1.63595e-32
-2.57954e-32
-2.44142e-32
5.49191e-33
3.20436e-32
3.91528e-32
2.8251e-32
-1.64148e-32
-5.13505e-32
-6.74862e-32
-5.29097e-32
-7.24481e-34
4.50927e-32
7.73795e-32
7.39941e-32
3.61086e-32
-2.67975e-33
-3.77437e-32
-4.80224e-32
-4.15655e-32
-3.84637e-32
-3.43267e-32
-3.58885e-32
-2.23485e-32
1.96514e-32
7.34307e-32
1.24436e-31
1.28224e-31
6.62129e-32
-4.04701e-32
-1.59683e-31
-2.17534e-31
-1.80688e-31
-5.78101e-32
1.13085e-31
2.35543e-31
2.59198e-31
1.642e-31
-1.86699e-32
-1.88148e-31
-2.81333e-31
-2.43711e-31
-9.00297e-32
9.36957e-32
2.40001e-31
2.65971e-31
1.68311e-31
3.53137e-33
-1.64617e-31
-2.40434e-31
-2.06589e-31
-8.54507e-32
7.00666e-32
1.70902e-31
1.93652e-31
1.31004e-31
2.01922e-32
-7.41152e-32
-1.32066e-31
-1.28258e-31
-8.3778e-32
-2.81276e-32
2.94654e-32
6.20225e-32
7.96327e-32
7.88789e-32
5.83411e-32
3.07464e-32
-1.03707e-32
-4.60841e-32
-7.18364e-32
-8.08518e-32
-6.70194e-32
-4.06326e-32
-1.16684e-33
3.63489e-32
6.88776e-32
8.43238e-32
7.6491e-32
4.89743e-32
-1.30292e-33
-4.72274e-32
-8.41661e-32
-9.38123e-32
-6.99015e-32
-3.42417e-32
1.71152e-32
5.25514e-32
7.01354e-32
7.23488e-32
4.66203e-32
1.90155e-32
-1.8677e-32
-5.216e-32
-6.67485e-32
-7.00783e-32
-4.43761e-32
-7.51639e-33
3.1498e-32
6.28876e-32
6.5921e-32
4.99175e-32
1.44746e-32
-2.4509e-32
-5.13242e-32
-6.27041e-32
-5.10795e-32
-2.53185e-32
6.87377e-33
3.43839e-32
4.7426e-32
4.13592e-32
2.08422e-32
-4.24457e-33
-2.3555e-32
-2.4035e-32
-1.57351e-32
-2.22265e-33
1.91389e-33
-1.13494e-32
-2.26778e-32
-2.98203e-32
-9.94562e-33
2.91865e-32
6.22813e-32
7.6169e-32
4.13277e-32
-2.0307e-32
-8.27909e-32
-1.13147e-31
-8.12035e-32
-1.0567e-32
7.40008e-32
1.22211e-31
1.07795e-31
4.33545e-32
-4.63261e-32
-1.05145e-31
-1.10722e-31
-6.05449e-32
1.95015e-32
7.89767e-32
9.66727e-32
5.91034e-32
-7.15152e-33
-6.21714e-32
-8.29095e-32
-5.098e-32
8.14052e-33
6.34579e-32
8.7965e-32
6.05968e-32
2.4281e-33
-6.19086e-32
-1.01477e-31
-9.05669e-32
-4.12764e-32
2.99813e-32
9.24221e-32
1.14714e-31
9.68374e-32
4.06559e-32
-3.11534e-32
-8.74553e-32
-1.18681e-31
-1.07768e-31
-6.19894e-32
4.65919e-34
6.95359e-32
1.14589e-31
1.26569e-31
9.90861e-32
3.18313e-32
-4.65278e-32
-1.17162e-31
-1.48426e-31
-1.23238e-31
-5.21355e-32
4.62464e-32
1.2683e-31
1.56575e-31
1.22051e-31
3.31323e-32
-6.70961e-32
-1.35974e-31
-1.42268e-31
-8.24417e-32
1.13478e-32
9.5409e-32
1.30842e-31
9.98956e-32
2.35889e-32
-6.15365e-32
-1.14709e-31
-1.06368e-31
-4.96747e-32
3.22074e-32
9.69484e-32
1.08523e-31
7.37631e-32
-7.87675e-34
-6.98307e-32
-9.89161e-32
-8.68384e-32
-2.51123e-32
3.93144e-32
8.16354e-32
8.96174e-32
4.66436e-32
-5.07362e-33
-5.39308e-32
-7.68649e-32
-5.7823e-32
-2.52447e-32
1.9324e-32
4.95603e-32
5.46392e-32
4.60252e-32
2.11508e-32
-1.31411e-33
-1.48387e-32
-2.25003e-32
-2.08755e-32
-1.88259e-32
-2.10017e-32
-2.01688e-32
-2.0366e-32
-1.08334e-32
1.17617e-32
3.54988e-32
6.45277e-32
7.30187e-32
5.90387e-32
2.39718e-32
-3.39584e-32
-7.73953e-32
-1.029e-31
-8.76373e-32
-3.36233e-32
3.11527e-32
9.52135e-32
1.19642e-31
1.05469e-31
5.4798e-32
-7.56228e-33
-5.51586e-32
-7.41114e-32
-5.11274e-32
-1.85777e-32
3.21826e-32
5.46874e-32
5.75567e-32
5.28758e-32
1.04948e-32
3.60435e-33
-2.62874e-32
-2.98807e-32
-7.29766e-33
)
;

boundaryField
{
    left
    {
        type            calculated;
        value           uniform 0;
    }
    right
    {
        type            calculated;
        value           uniform 0;
    }
    empty
    {
        type            empty;
        value           nonuniform List<scalar> 0();
    }
}


// ************************************************************************* //
