/*--------------------------------*- C++ -*----------------------------------*\
| =========                 |                                                 |
| \\      /  F ield         | OpenFOAM: The Open Source CFD Toolbox           |
|  \\    /   O peration     | Version:  2106                                  |
|   \\  /    A nd           | Website:  www.openfoam.com                      |
|    \\/     M anipulation  |                                                 |
\*---------------------------------------------------------------------------*/
FoamFile
{
    version     2.0;
    format      ascii;
    arch        "LSB;label=32;scalar=64";
    class       surfaceScalarField;
    location    "0.031";
    object      phi;
}
// * * * * * * * * * * * * * * * * * * * * * * * * * * * * * * * * * * * * * //

dimensions      [0 3 -1 0 0 0 0];

oriented        oriented;

internalField   nonuniform List<scalar> 
799
(
1.94963e-32
4.89833e-32
6.3831e-32
5.4637e-32
3.10342e-32
-3.41567e-32
-9.21001e-32
-1.36548e-31
-1.45182e-31
-1.06013e-31
-4.88308e-32
1.48111e-32
5.46288e-32
6.56913e-32
4.53967e-32
7.4295e-33
-4.2232e-32
-9.3385e-32
-1.32187e-31
-1.58671e-31
-1.49043e-31
-1.11476e-31
-4.88599e-32
2.33218e-32
6.52935e-32
7.57406e-32
3.53886e-32
-3.39641e-32
-9.90285e-32
-1.50438e-31
-1.52147e-31
-1.23746e-31
-7.63586e-32
-2.02952e-32
5.56488e-33
1.75732e-32
1.26276e-33
-3.57896e-32
-6.4864e-32
-1.00793e-31
-1.09032e-31
-9.58588e-32
-7.17371e-32
-2.44044e-32
1.42686e-33
1.22906e-32
-3.07923e-33
-5.15297e-32
-9.10047e-32
-1.26844e-31
-1.2835e-31
-9.41075e-32
-5.05536e-32
4.10304e-33
2.88493e-32
2.30057e-32
-9.80419e-33
-6.86218e-32
-1.13771e-31
-1.38686e-31
-1.25304e-31
-7.19591e-32
-9.67611e-33
4.54179e-32
5.83782e-32
1.77629e-32
-5.59227e-32
-1.39341e-31
-1.84682e-31
-1.67089e-31
-9.56427e-32
6.16824e-33
8.26641e-32
9.92441e-32
5.22108e-32
-4.15206e-32
-1.27984e-31
-1.72566e-31
-1.61006e-31
-1.01703e-31
-3.54078e-32
1.36489e-32
2.90633e-32
1.41044e-32
-9.96941e-33
-3.58704e-32
-5.54081e-32
-7.35111e-32
-9.37808e-32
-1.06015e-31
-1.04023e-31
-7.28799e-32
-2.03071e-32
3.31094e-32
6.57735e-32
4.68783e-32
-1.17207e-32
-9.35109e-32
-1.62887e-31
-1.76266e-31
-1.41006e-31
-5.52531e-32
3.55518e-32
8.87673e-32
9.77823e-32
3.98092e-32
-3.94838e-32
-1.13298e-31
-1.57251e-31
-1.40274e-31
-9.64616e-32
-3.37299e-32
1.28812e-32
2.1429e-32
9.95766e-33
-2.06962e-32
-3.75737e-32
-3.5113e-32
-2.24129e-32
-8.5596e-33
-1.85186e-32
-4.90494e-32
-9.0618e-32
-1.21471e-31
-1.20083e-31
-8.54421e-32
-2.61106e-32
3.33141e-32
7.10974e-32
7.64271e-32
4.64511e-32
-5.95383e-33
-6.69464e-32
-1.22304e-31
-1.54204e-31
-1.56976e-31
-1.23298e-31
-5.9195e-32
1.45107e-32
7.92539e-32
1.04506e-31
8.19062e-32
1.86637e-32
-6.55696e-32
-1.3045e-31
-1.56989e-31
-1.33539e-31
-7.33418e-32
-1.0664e-32
3.25919e-32
3.33185e-32
-1.31354e-33
-4.83797e-32
-8.55384e-32
-8.61335e-32
-5.33031e-32
-2.57255e-33
3.90768e-32
4.18168e-32
1.70324e-33
-6.94809e-32
-1.36396e-31
-1.63411e-31
-1.32587e-31
-5.24748e-32
3.67996e-32
9.47994e-32
8.67925e-32
2.01862e-32
-6.98721e-32
-1.40743e-31
-1.47747e-31
-1.01465e-31
-2.4111e-32
3.84524e-32
4.47448e-32
8.64825e-33
-6.03583e-32
-1.10094e-31
-1.12398e-31
-7.63056e-32
-5.49793e-33
4.37923e-32
5.70513e-32
2.77876e-32
-3.9778e-32
-9.59459e-32
-1.32612e-31
-1.25148e-31
-7.83222e-32
-2.32285e-32
3.24258e-32
5.51553e-32
4.6296e-32
1.44008e-32
-3.4517e-32
-7.25218e-32
-9.7185e-32
-1.01437e-31
-8.43339e-32
-5.84302e-32
-2.35934e-32
9.43585e-33
3.11685e-32
3.75684e-32
1.81697e-32
-2.17525e-32
-6.8357e-32
-1.0519e-31
-1.08541e-31
-7.47652e-32
-1.69014e-32
4.00684e-32
6.08639e-32
3.21382e-32
-3.59156e-32
-1.11437e-31
-1.48929e-31
-1.23167e-31
-4.08086e-32
6.18893e-32
1.28426e-31
1.18366e-31
3.16864e-32
-9.7554e-32
-2.02427e-31
-2.27519e-31
-1.60661e-31
-2.45985e-32
1.09212e-31
1.77461e-31
1.52208e-31
3.85147e-32
-9.82432e-32
-1.98485e-31
-2.20269e-31
-1.51088e-31
-3.91558e-32
6.9663e-32
1.26816e-31
1.08043e-31
3.79393e-32
-5.44608e-32
-1.24056e-31
-1.42161e-31
-1.11554e-31
-4.92842e-32
1.03308e-32
3.82523e-32
2.50521e-32
-1.50403e-32
-5.78892e-32
-7.29869e-32
-4.96288e-32
-6.65048e-33
3.39344e-32
3.60089e-32
-7.9234e-33
-7.32877e-32
-1.32372e-31
-1.41617e-31
-9.33113e-32
-1.3316e-32
6.57564e-32
9.70488e-32
6.819e-32
1.61602e-33
-7.50992e-32
-1.19928e-31
-1.18543e-31
-8.86379e-32
-4.28336e-32
-1.18914e-32
-2.68953e-33
-1.25731e-33
-1.03609e-32
-1.18392e-32
-1.27036e-32
-2.26974e-32
-3.16728e-32
-4.75021e-32
-5.38072e-32
-4.89021e-32
-4.41984e-32
-4.07026e-32
-5.17669e-32
-6.65086e-32
-6.85845e-32
-4.62479e-32
2.17532e-33
5.29435e-32
7.48419e-32
4.34252e-32
-3.37662e-32
-1.24938e-31
-1.78472e-31
-1.59465e-31
-7.44312e-32
4.30561e-32
1.26762e-31
1.3836e-31
7.52971e-32
-3.02371e-32
-1.10828e-31
-1.3206e-31
-8.21951e-32
8.07085e-33
8.30377e-32
1.16584e-31
9.48383e-32
4.86997e-32
1.73755e-32
1.87959e-32
6.1857e-32
1.14633e-31
1.51908e-31
1.61514e-31
1.42986e-31
1.30215e-31
1.4087e-31
1.86242e-31
2.60261e-31
3.28068e-31
3.75765e-31
3.88949e-31
3.79367e-31
3.82251e-31
4.12218e-31
4.91744e-31
6.04933e-31
7.19915e-31
8.17038e-31
8.64164e-31
8.79314e-31
8.87504e-31
9.19442e-31
1.01762e-30
1.17011e-30
1.36413e-30
1.5563e-30
1.69418e-30
1.76326e-30
1.76656e-30
1.7076e-30
1.80528e-30
2.00919e-30
3.03717e-30
5.1262e-30
8.40573e-30
1.49447e-29
1.7289e-29
1.97365e-29
2.32458e-30
-4.07663e-29
-9.24784e-29
-1.98406e-28
-1.89377e-28
-1.28911e-28
1.58787e-28
8.02701e-28
1.16775e-27
1.80994e-27
1.04803e-27
-7.7013e-28
-3.04571e-27
-7.55238e-27
-7.22305e-27
-5.94098e-27
1.73812e-27
1.68659e-26
2.26572e-26
3.30378e-26
1.6637e-26
-1.36226e-26
-4.10191e-26
-9.05076e-26
-7.13347e-26
-4.22073e-26
3.15575e-26
1.54612e-25
1.62722e-25
1.91984e-25
5.42977e-26
-1.45614e-25
-2.41576e-25
-4.15725e-25
-2.36538e-25
-3.16576e-26
2.1914e-25
5.89181e-25
4.55142e-25
3.8302e-25
-3.70988e-26
-5.44017e-25
-5.80064e-25
-7.54267e-25
-2.54593e-25
2.23613e-25
5.06833e-25
9.15278e-25
5.06844e-25
2.23629e-25
-2.54579e-25
-7.54262e-25
-5.8007e-25
-5.44029e-25
-3.71128e-26
3.83011e-25
4.5514e-25
5.89185e-25
2.19147e-25
-3.16517e-26
-2.36536e-25
-4.15727e-25
-2.41581e-25
-1.45618e-25
5.42943e-26
1.91983e-25
1.62722e-25
1.54612e-25
3.1558e-26
-4.22073e-26
-7.13351e-26
-9.0508e-26
-4.10198e-26
-1.36231e-26
1.66364e-26
3.30371e-26
2.26566e-26
1.68653e-26
1.73768e-27
-5.94133e-27
-7.22331e-27
-7.55259e-27
-3.04594e-27
-7.70375e-28
1.04773e-27
1.8096e-27
1.16741e-27
8.02373e-28
1.58531e-28
-1.29089e-28
-1.89456e-28
-1.98421e-28
-9.24955e-29
-4.08312e-29
2.15031e-30
1.94757e-29
1.69915e-29
1.46839e-29
8.26802e-30
5.11999e-30
3.1458e-30
2.15995e-30
1.90976e-30
1.72167e-30
1.66398e-30
1.57848e-30
1.48738e-30
1.38172e-30
1.28078e-30
1.19352e-30
1.13378e-30
1.09372e-30
1.04969e-30
9.80533e-31
8.71776e-31
7.32348e-31
5.97649e-31
4.94566e-31
4.49677e-31
4.56074e-31
4.84254e-31
5.0836e-31
4.92419e-31
4.38541e-31
3.54346e-31
2.60251e-31
1.87796e-31
1.42949e-31
1.3941e-31
1.65823e-31
2.02397e-31
2.32088e-31
2.27902e-31
1.85177e-31
1.13907e-31
3.66875e-32
-1.21529e-32
-1.00765e-32
3.67311e-32
1.09718e-31
1.65768e-31
1.69951e-31
1.23353e-31
3.27671e-32
-5.05165e-32
-9.02035e-32
-7.57169e-32
-2.31201e-33
7.81852e-32
1.35058e-31
1.4102e-31
8.31125e-32
9.37386e-34
-7.98573e-32
-1.176e-31
-9.05398e-32
-1.67676e-32
7.96793e-32
1.49535e-31
1.56018e-31
9.3868e-32
-1.67195e-32
-1.25439e-31
-1.7718e-31
-1.47195e-31
-4.35433e-32
8.68011e-32
1.7875e-31
1.93123e-31
1.20577e-31
-3.20487e-34
-1.11854e-31
-1.6606e-31
-1.42015e-31
-6.24393e-32
3.5231e-32
1.02924e-31
1.20876e-31
8.98672e-32
2.82329e-32
-2.78297e-32
-6.68271e-32
-6.92776e-32
-4.53795e-32
-9.9554e-33
2.86516e-32
4.13353e-32
3.85886e-32
1.38577e-32
-1.61774e-32
-2.57345e-32
-2.44774e-32
5.30233e-33
3.17233e-32
3.87007e-32
2.76634e-32
-1.71385e-32
-5.22183e-32
-6.85044e-32
-5.40818e-32
-2.05232e-33
4.3605e-32
7.57293e-32
7.21765e-32
3.41217e-32
-4.8389e-33
-4.00729e-32
-5.05219e-32
-4.42347e-32
-4.13022e-32
-3.73299e-32
-3.90527e-32
-2.56686e-32
1.61793e-32
6.98087e-32
1.20668e-31
1.24315e-31
6.21699e-32
-4.46425e-32
-1.6398e-31
-2.21947e-31
-1.85208e-31
-6.24383e-32
1.08362e-31
2.30728e-31
2.54299e-31
1.59225e-31
-2.37123e-32
-1.9325e-31
-2.8649e-31
-2.48913e-31
-9.52794e-32
8.8407e-32
2.34677e-31
2.60617e-31
1.62928e-31
-1.88079e-33
-1.7006e-31
-2.45914e-31
-2.12096e-31
-9.09833e-32
6.45115e-32
1.65317e-31
1.88043e-31
1.25359e-31
1.45137e-32
-7.98388e-32
-1.37838e-31
-1.34084e-31
-8.96558e-32
-3.40664e-32
2.34638e-32
5.59573e-32
7.34983e-32
7.26768e-32
5.20601e-32
2.43871e-32
-1.68128e-32
-5.26105e-32
-7.8447e-32
-8.75429e-32
-7.37932e-32
-4.74892e-32
-8.1047e-33
2.93223e-32
6.17671e-32
7.71342e-32
6.92221e-32
4.16332e-32
-8.71408e-33
-5.47039e-32
-9.17021e-32
-1.01406e-31
-7.75473e-32
-4.19326e-32
9.38515e-33
4.47912e-32
6.23399e-32
6.45337e-32
3.87977e-32
1.11884e-32
-2.64981e-32
-5.99672e-32
-7.45335e-32
-7.78316e-32
-5.20861e-32
-1.51729e-32
2.39056e-32
5.5372e-32
5.84918e-32
4.25821e-32
7.24932e-33
-3.16214e-32
-5.83128e-32
-6.95577e-32
-5.77877e-32
-3.18741e-32
4.82094e-34
2.81637e-32
4.13804e-32
3.54952e-32
1.51637e-32
-9.73196e-33
-2.88513e-32
-2.91327e-32
-2.06328e-32
-6.91831e-33
-2.57838e-33
-1.56376e-32
-2.67599e-32
-3.36963e-32
-1.36169e-32
2.57211e-32
5.90222e-32
7.31101e-32
3.84674e-32
-2.29732e-32
-8.52705e-32
-1.15441e-31
-8.3322e-32
-1.2517e-32
7.22194e-32
1.20592e-31
1.06331e-31
4.20409e-32
-4.74937e-32
-1.06172e-31
-1.11614e-31
-6.13093e-32
1.88561e-32
7.84448e-32
9.62423e-32
5.87706e-32
-7.39527e-33
-6.23354e-32
-8.3004e-32
-5.10101e-32
8.16459e-33
6.35301e-32
8.80812e-32
6.0748e-32
2.61223e-33
-6.1698e-32
-1.01244e-31
-9.03141e-32
-4.10041e-32
3.02687e-32
9.2726e-32
1.15033e-31
9.71707e-32
4.1005e-32
-3.07863e-32
-8.70701e-32
-1.18273e-31
-1.07334e-31
-6.1532e-32
9.46179e-34
7.00376e-32
1.15118e-31
1.27128e-31
9.96759e-32
3.24542e-32
-4.58687e-32
-1.16452e-31
-1.47657e-31
-1.224e-31
-5.12147e-32
4.7262e-32
1.27949e-31
1.57803e-31
1.23398e-31
3.46084e-32
-6.54816e-32
-1.3421e-31
-1.40346e-31
-8.03464e-32
1.363e-32
9.78889e-32
1.33534e-31
1.0281e-31
2.67411e-32
-5.81345e-32
-1.11045e-31
-1.02429e-31
-4.54527e-32
3.67288e-32
1.0178e-31
1.13681e-31
7.92656e-32
5.06986e-33
-6.36099e-32
-9.23145e-32
-7.98479e-32
-1.77155e-32
4.71192e-32
8.98597e-32
9.82766e-32
5.57433e-32
4.47779e-33
-4.39185e-32
-6.63806e-32
-4.68603e-32
-1.37952e-32
3.12708e-32
6.20119e-32
6.76069e-32
5.95112e-32
3.51582e-32
1.32227e-32
2.31713e-34
-6.89122e-33
-4.72267e-33
-2.12807e-33
-3.75932e-33
-2.38703e-33
-2.05157e-33
8.00342e-33
3.11045e-32
5.53223e-32
8.48071e-32
9.37265e-32
8.01346e-32
4.54143e-32
-1.22266e-32
-5.54277e-32
-8.07664e-32
-6.54096e-32
-1.13901e-32
5.33073e-32
1.17183e-31
1.41332e-31
1.2675e-31
7.55739e-32
1.2578e-32
-3.57717e-32
-5.56112e-32
-3.36338e-32
-2.21783e-33
4.72936e-32
6.84352e-32
6.98405e-32
6.35978e-32
1.95659e-32
1.09575e-32
-2.07256e-32
-2.61394e-32
-5.4223e-33
)
;

boundaryField
{
    left
    {
        type            calculated;
        value           uniform 0;
    }
    right
    {
        type            calculated;
        value           uniform 0;
    }
    empty
    {
        type            empty;
        value           nonuniform List<scalar> 0();
    }
}


// ************************************************************************* //
