/*--------------------------------*- C++ -*----------------------------------*\
| =========                 |                                                 |
| \\      /  F ield         | OpenFOAM: The Open Source CFD Toolbox           |
|  \\    /   O peration     | Version:  2106                                  |
|   \\  /    A nd           | Website:  www.openfoam.com                      |
|    \\/     M anipulation  |                                                 |
\*---------------------------------------------------------------------------*/
FoamFile
{
    version     2.0;
    format      ascii;
    arch        "LSB;label=32;scalar=64";
    class       surfaceScalarField;
    location    "0.143";
    object      phi;
}
// * * * * * * * * * * * * * * * * * * * * * * * * * * * * * * * * * * * * * //

dimensions      [0 3 -1 0 0 0 0];

oriented        oriented;

internalField   nonuniform List<scalar> 
799
(
1.60838e-32
4.21608e-32
5.3595e-32
4.10012e-32
1.40089e-32
-5.45535e-32
-1.1585e-31
-1.63638e-31
-1.75595e-31
-1.39735e-31
-8.58357e-32
-2.5454e-32
1.11323e-32
1.89928e-32
-4.47167e-33
-4.55745e-32
-9.83353e-32
-1.52553e-31
-1.94385e-31
-2.23855e-31
-2.17173e-31
-1.82503e-31
-1.22745e-31
-5.33708e-32
-1.41601e-32
-6.42986e-33
-4.9452e-32
-1.21421e-31
-1.89051e-31
-2.42973e-31
-2.4714e-31
-2.21148e-31
-1.76115e-31
-1.22353e-31
-9.87376e-32
-8.89198e-32
-1.07363e-31
-1.46494e-31
-1.7759e-31
-2.15487e-31
-2.25642e-31
-2.1433e-31
-1.92012e-31
-1.46424e-31
-1.22284e-31
-1.1306e-31
-1.30013e-31
-1.79994e-31
-2.20946e-31
-2.58209e-31
-2.61087e-31
-2.28166e-31
-1.85881e-31
-1.32444e-31
-1.08868e-31
-1.15833e-31
-1.49715e-31
-2.09558e-31
-2.55691e-31
-2.81542e-31
-2.69049e-31
-2.1655e-31
-1.55072e-31
-1.00741e-31
-8.85055e-32
-1.29799e-31
-2.04121e-31
-2.88143e-31
-3.34051e-31
-3.16987e-31
-2.46033e-31
-1.4468e-31
-6.86094e-32
-5.24184e-32
-9.98128e-32
-1.93872e-31
-2.80635e-31
-3.25488e-31
-3.14167e-31
-2.55077e-31
-1.88965e-31
-1.40067e-31
-1.24787e-31
-1.39856e-31
-1.64015e-31
-1.89978e-31
-2.09556e-31
-2.2768e-31
-2.4795e-31
-2.60166e-31
-2.58136e-31
-2.26938e-31
-1.74295e-31
-1.2079e-31
-8.8021e-32
-1.06796e-31
-1.65261e-31
-2.46904e-31
-3.16119e-31
-3.29325e-31
-2.9388e-31
-2.07928e-31
-1.16913e-31
-6.3482e-32
-5.42435e-32
-1.11976e-31
-1.91014e-31
-2.64563e-31
-3.08248e-31
-2.90999e-31
-2.46909e-31
-1.8389e-31
-1.36985e-31
-1.28135e-31
-1.393e-31
-1.69644e-31
-1.86207e-31
-1.83427e-31
-1.70401e-31
-1.56218e-31
-1.65842e-31
-1.96034e-31
-2.3726e-31
-2.67767e-31
-2.6603e-31
-2.31032e-31
-1.71328e-31
-1.11532e-31
-7.33799e-32
-6.76746e-32
-9.72714e-32
-1.49291e-31
-2.09894e-31
-2.64854e-31
-2.96351e-31
-2.98712e-31
-2.64618e-31
-2.00093e-31
-1.25957e-31
-6.07762e-32
-3.50773e-32
-5.72217e-32
-1.2e-31
-2.03757e-31
-2.68151e-31
-2.94193e-31
-2.70232e-31
-2.09505e-31
-1.46283e-31
-1.02465e-31
-1.01167e-31
-1.35209e-31
-1.81666e-31
-2.18199e-31
-2.18144e-31
-1.84647e-31
-1.33223e-31
-9.08557e-32
-8.7371e-32
-1.26711e-31
-1.97092e-31
-2.63171e-31
-2.89318e-31
-2.57589e-31
-1.76535e-31
-8.62793e-32
-2.72572e-32
-3.4198e-32
-9.96849e-32
-1.88585e-31
-2.58246e-31
-2.63984e-31
-2.1638e-31
-1.37642e-31
-7.36337e-32
-6.58232e-32
-1.00331e-31
-1.67678e-31
-2.15681e-31
-2.16169e-31
-1.78178e-31
-1.0538e-31
-5.40088e-32
-3.85651e-32
-6.55388e-32
-1.30707e-31
-1.84366e-31
-2.18402e-31
-2.08187e-31
-1.58471e-31
-1.00353e-31
-4.15203e-32
-1.54616e-32
-2.08358e-32
-4.90789e-32
-9.41727e-32
-1.28167e-31
-1.48626e-31
-1.48473e-31
-1.26754e-31
-9.60136e-32
-5.61078e-32
-1.77727e-32
9.5153e-33
2.17434e-32
8.44607e-33
-2.50865e-32
-6.50001e-32
-9.48302e-32
-9.08497e-32
-4.93911e-32
1.65123e-32
8.18972e-32
1.11496e-31
9.19817e-32
3.35653e-32
-3.18756e-32
-5.88251e-32
-2.20391e-32
7.18522e-32
1.86603e-31
2.65738e-31
2.68842e-31
1.95923e-31
8.10591e-32
-8.79909e-33
-1.82061e-32
6.50299e-32
2.18196e-31
3.69861e-31
4.56745e-31
4.50941e-31
3.57538e-31
2.41948e-31
1.63784e-31
1.65025e-31
2.58211e-31
3.95168e-31
5.30067e-31
6.14395e-31
6.23938e-31
5.83327e-31
5.21643e-31
4.8403e-31
4.99224e-31
5.64485e-31
6.62819e-31
7.59955e-31
8.26904e-31
8.54296e-31
8.56411e-31
8.57445e-31
8.87958e-31
9.58722e-31
1.05095e-30
1.14269e-30
1.19789e-30
1.20913e-30
1.20104e-30
1.20141e-30
1.25386e-30
1.36617e-30
1.51257e-30
1.6605e-30
1.7632e-30
1.80836e-30
1.81851e-30
1.8213e-30
1.85884e-30
1.94554e-30
2.0638e-30
2.20109e-30
2.32673e-30
2.43394e-30
2.53678e-30
2.63259e-30
2.73962e-30
2.85095e-30
2.95696e-30
3.06788e-30
3.17594e-30
3.29764e-30
3.43476e-30
3.576e-30
3.72047e-30
3.85491e-30
3.99033e-30
4.14318e-30
4.32532e-30
4.53853e-30
4.7592e-30
4.95622e-30
5.10526e-30
5.21397e-30
5.31426e-30
5.45788e-30
5.67982e-30
5.97371e-30
6.30607e-30
6.61078e-30
6.84962e-30
7.02015e-30
7.15468e-30
7.32071e-30
7.55276e-30
7.86267e-30
8.21984e-30
8.56865e-30
8.88309e-30
9.14934e-30
9.3984e-30
9.66953e-30
9.98074e-30
1.0341e-29
1.07184e-29
1.10878e-29
1.1437e-29
1.17657e-29
1.21077e-29
1.24807e-29
1.2896e-29
1.33475e-29
1.38004e-29
1.42406e-29
1.46539e-29
1.50518e-29
1.54695e-29
1.59215e-29
1.64303e-29
1.69798e-29
1.7538e-29
1.80852e-29
1.8589e-29
1.90672e-29
1.95448e-29
2.00522e-29
2.06317e-29
2.12711e-29
2.19573e-29
2.26469e-29
2.32869e-29
2.38626e-29
2.43766e-29
2.48323e-29
2.54481e-29
2.61732e-29
2.77251e-29
3.03403e-29
3.4148e-29
4.12166e-29
4.40915e-29
4.70703e-29
3.01897e-29
-1.23702e-29
-6.35522e-29
-1.68951e-28
-1.59395e-28
-9.84044e-29
1.89815e-28
8.34247e-28
1.19981e-27
1.8425e-27
1.08111e-27
-7.36557e-28
-3.01164e-27
-7.51783e-27
-7.18802e-27
-5.90548e-27
1.77408e-27
1.69023e-26
2.26941e-26
3.30751e-26
1.66748e-26
-1.35844e-26
-4.09806e-26
-9.04687e-26
-7.12954e-26
-4.21676e-26
3.15975e-26
1.54652e-25
1.62763e-25
1.92025e-25
5.4339e-26
-1.45572e-25
-2.41534e-25
-4.15683e-25
-2.36496e-25
-3.16151e-26
2.19182e-25
5.89224e-25
4.55185e-25
3.83063e-25
-3.70555e-26
-5.43973e-25
-5.80021e-25
-7.54223e-25
-2.54549e-25
2.23657e-25
5.06877e-25
9.15321e-25
5.06887e-25
2.23672e-25
-2.54536e-25
-7.54218e-25
-5.80026e-25
-5.43986e-25
-3.70695e-26
3.83054e-25
4.55183e-25
5.89228e-25
2.1919e-25
-3.16093e-26
-2.36494e-25
-4.15685e-25
-2.4154e-25
-1.45577e-25
5.43353e-26
1.92024e-25
1.62763e-25
1.54652e-25
3.15977e-26
-4.2168e-26
-7.12961e-26
-9.04695e-26
-4.09816e-26
-1.35853e-26
1.66738e-26
3.3074e-26
2.26931e-26
1.69013e-26
1.77325e-27
-5.90622e-27
-7.18867e-27
-7.51843e-27
-3.01227e-27
-7.37205e-28
1.0804e-27
1.84177e-27
1.19907e-27
8.33515e-28
1.89155e-28
-9.89847e-29
-1.59874e-28
-1.69364e-28
-6.39644e-29
-1.28269e-29
2.96274e-29
4.64256e-29
4.34147e-29
4.05812e-29
3.36409e-29
2.99702e-29
2.74756e-29
2.59719e-29
2.52068e-29
2.45072e-29
2.39416e-29
2.33523e-29
2.27617e-29
2.21612e-29
2.15703e-29
2.09984e-29
2.04594e-29
1.99458e-29
1.94341e-29
1.89035e-29
1.83395e-29
1.77514e-29
1.71747e-29
1.66364e-29
1.61632e-29
1.57483e-29
1.53624e-29
1.49796e-29
1.4564e-29
1.41179e-29
1.36489e-29
1.31774e-29
1.27351e-29
1.23278e-29
1.19694e-29
1.16484e-29
1.1345e-29
1.10421e-29
1.07128e-29
1.03524e-29
9.97072e-30
9.59035e-30
9.24558e-30
8.95886e-30
8.72393e-30
8.52217e-30
8.31037e-30
8.05352e-30
7.75262e-30
7.41435e-30
7.08991e-30
6.81549e-30
6.60157e-30
6.45279e-30
6.31722e-30
6.16402e-30
5.9658e-30
5.70949e-30
5.43457e-30
5.16658e-30
4.94709e-30
4.79773e-30
4.70028e-30
4.63062e-30
4.53935e-30
4.38958e-30
4.17594e-30
3.91851e-30
3.66749e-30
3.47787e-30
3.37431e-30
3.34863e-30
3.35375e-30
3.32449e-30
3.22155e-30
3.03549e-30
2.80479e-30
2.58705e-30
2.43015e-30
2.35492e-30
2.33853e-30
2.34347e-30
2.32156e-30
2.25296e-30
2.13837e-30
1.99603e-30
1.86206e-30
1.74787e-30
1.67286e-30
1.62674e-30
1.59464e-30
1.56812e-30
1.518e-30
1.45472e-30
1.37164e-30
1.28537e-30
1.22164e-30
1.17072e-30
1.15024e-30
1.12827e-30
1.08865e-30
1.03277e-30
9.44815e-31
8.68222e-31
8.12002e-31
7.88015e-31
8.03111e-31
8.13263e-31
8.11266e-31
7.74927e-31
7.05367e-31
6.36147e-31
5.71851e-31
5.33496e-31
5.12993e-31
4.90209e-31
4.69506e-31
4.44106e-31
4.34774e-31
4.54838e-31
4.87578e-31
5.18412e-31
5.02864e-31
4.22323e-31
2.9789e-31
1.61674e-31
8.7541e-32
1.08794e-31
2.16744e-31
3.73354e-31
4.82146e-31
4.92735e-31
3.85239e-31
1.90422e-31
9.52357e-33
-9.45707e-32
-6.73751e-32
7.63466e-32
2.50565e-31
3.87789e-31
4.05088e-31
2.99148e-31
1.2647e-31
-4.9218e-32
-1.32236e-31
-1.05252e-31
9.34038e-33
1.58613e-31
2.53495e-31
2.70569e-31
2.02507e-31
8.65435e-32
-1.26825e-32
-7.53189e-32
-7.5973e-32
-3.57403e-32
1.58633e-32
6.96019e-32
9.84887e-32
1.12604e-31
1.08526e-31
8.48202e-32
5.42179e-32
1.02413e-32
-2.8185e-32
-5.65155e-32
-6.79759e-32
-5.64606e-32
-3.22714e-32
5.11199e-33
4.06567e-32
7.13192e-32
8.50054e-32
7.551e-32
4.64285e-32
-5.32024e-33
-5.26275e-32
-9.08633e-32
-1.01724e-31
-7.89518e-32
-4.43618e-32
5.99897e-33
4.05141e-32
5.72407e-32
5.86686e-32
3.22277e-32
3.97674e-33
-3.43041e-32
-6.83186e-32
-8.33822e-32
-8.71318e-32
-6.17949e-32
-2.52509e-32
1.34996e-32
4.4671e-32
4.75359e-32
3.14069e-32
-4.11066e-33
-4.31348e-32
-6.99491e-32
-8.12878e-32
-6.95883e-32
-4.37156e-32
-1.13817e-32
1.63042e-32
2.9551e-32
2.37188e-32
3.46066e-33
-2.13387e-32
-4.03437e-32
-4.04942e-32
-3.18467e-32
-1.79659e-32
-1.34441e-32
-2.631e-32
-3.72246e-32
-4.39368e-32
-2.36227e-32
1.59613e-32
4.9519e-32
6.38762e-32
2.95089e-32
-3.16423e-32
-9.36363e-32
-1.23496e-31
-9.10506e-32
-1.99108e-32
6.51656e-32
1.13877e-31
9.99668e-32
3.60314e-32
-5.31421e-32
-1.11453e-31
-1.16522e-31
-6.58397e-32
1.47085e-32
7.4684e-32
9.28765e-32
5.57998e-32
-9.96518e-33
-6.45006e-32
-8.47596e-32
-5.23522e-32
7.23895e-33
6.30246e-32
8.80024e-32
6.10994e-32
3.39708e-33
-6.0475e-32
-9.95798e-32
-8.82053e-32
-3.84534e-32
3.32659e-32
9.61641e-32
1.18912e-31
1.01492e-31
4.57664e-32
-2.55855e-32
-8.14247e-32
-1.12184e-31
-1.008e-31
-5.45527e-32
8.37182e-33
7.79159e-32
1.2345e-31
1.35914e-31
1.08919e-31
4.21538e-32
-3.5714e-32
-1.05843e-31
-1.36601e-31
-1.10894e-31
-3.92649e-32
5.96482e-32
1.40772e-31
1.71065e-31
1.37092e-31
4.87357e-32
-5.09228e-32
-1.19224e-31
-1.24937e-31
-6.45216e-32
2.98668e-32
1.14533e-31
1.50578e-31
1.20249e-31
4.45672e-32
-3.99299e-32
-9.24672e-32
-8.34913e-32
-2.61595e-32
5.63643e-32
1.21752e-31
1.33973e-31
9.9858e-32
2.59489e-32
-4.2456e-32
-7.08983e-32
-5.81811e-32
4.18288e-33
6.92289e-32
1.12167e-31
1.2076e-31
7.83853e-32
2.72579e-32
-2.10167e-32
-4.33748e-32
-2.37747e-32
9.34753e-33
5.44459e-32
8.51983e-32
9.07805e-32
8.2645e-32
5.82265e-32
3.61973e-32
2.30901e-32
1.58197e-32
1.78167e-32
2.02139e-32
1.8355e-32
1.94729e-32
1.95271e-32
2.92705e-32
5.20317e-32
7.58869e-32
1.04978e-31
1.13473e-31
9.94318e-32
6.42328e-32
6.08643e-33
-3.76474e-32
-6.35463e-32
-4.8778e-32
4.62524e-33
6.86835e-32
1.31893e-31
1.55353e-31
1.40066e-31
8.81572e-32
2.44104e-32
-2.47084e-32
-4.53346e-32
-2.41569e-32
6.44284e-33
5.51237e-32
7.54242e-32
7.59734e-32
6.88701e-32
2.39691e-32
1.44874e-32
-1.80759e-32
-2.43724e-32
-4.54117e-33
)
;

boundaryField
{
    left
    {
        type            calculated;
        value           uniform 0;
    }
    right
    {
        type            calculated;
        value           uniform 0;
    }
    empty
    {
        type            empty;
        value           nonuniform List<scalar> 0();
    }
}


// ************************************************************************* //
