/*--------------------------------*- C++ -*----------------------------------*\
| =========                 |                                                 |
| \\      /  F ield         | OpenFOAM: The Open Source CFD Toolbox           |
|  \\    /   O peration     | Version:  2106                                  |
|   \\  /    A nd           | Website:  www.openfoam.com                      |
|    \\/     M anipulation  |                                                 |
\*---------------------------------------------------------------------------*/
FoamFile
{
    version     2.0;
    format      ascii;
    arch        "LSB;label=32;scalar=64";
    class       surfaceScalarField;
    location    "0.108";
    object      phi;
}
// * * * * * * * * * * * * * * * * * * * * * * * * * * * * * * * * * * * * * //

dimensions      [0 3 -1 0 0 0 0];

oriented        oriented;

internalField   nonuniform List<scalar> 
799
(
1.68481e-32
4.36917e-32
5.58911e-32
4.40587e-32
1.78246e-32
-4.99899e-32
-1.10542e-31
-1.57583e-31
-1.68794e-31
-1.32187e-31
-7.75381e-32
-1.64099e-32
2.09178e-32
2.95147e-32
6.78307e-33
-3.35901e-32
-8.56271e-32
-1.39123e-31
-1.80234e-31
-2.08989e-31
-2.016e-31
-1.66233e-31
-1.0578e-31
-3.57185e-32
4.17235e-33
1.25763e-32
-2.97793e-32
-1.01093e-31
-1.68071e-31
-2.21342e-31
-2.24867e-31
-1.98238e-31
-1.52577e-31
-9.81961e-32
-7.39699e-32
-6.35494e-32
-8.14006e-32
-1.19946e-31
-1.50468e-31
-1.87799e-31
-1.97395e-31
-1.8553e-31
-1.62667e-31
-1.16546e-31
-9.18784e-32
-8.21364e-32
-9.85847e-32
-1.48069e-31
-1.88535e-31
-2.25322e-31
-2.2773e-31
-1.94351e-31
-1.51617e-31
-9.77411e-32
-7.37347e-32
-8.02807e-32
-1.13753e-31
-1.73198e-31
-2.18935e-31
-2.44403e-31
-2.31539e-31
-1.78678e-31
-1.16851e-31
-6.21767e-32
-4.96077e-32
-9.05804e-32
-1.64586e-31
-2.48302e-31
-2.93913e-31
-2.76561e-31
-2.05332e-31
-1.03712e-31
-2.73809e-32
-1.09387e-32
-5.80879e-32
-1.51911e-31
-2.38448e-31
-2.83088e-31
-2.71557e-31
-2.12266e-31
-1.45965e-31
-9.68852e-32
-8.14309e-32
-9.63349e-32
-1.20336e-31
-1.46151e-31
-1.65591e-31
-1.83579e-31
-2.03723e-31
-2.15819e-31
-2.13674e-31
-1.82369e-31
-1.29625e-31
-7.60321e-32
-4.318e-32
-6.1878e-32
-1.20273e-31
-2.01851e-31
-2.71007e-31
-2.84162e-31
-2.48675e-31
-1.62682e-31
-7.16344e-32
-1.81745e-32
-8.91645e-33
-6.66321e-32
-1.45665e-31
-2.19214e-31
-2.62901e-31
-2.45661e-31
-2.0158e-31
-1.38579e-31
-9.16983e-32
-8.28812e-32
-9.40866e-32
-1.24474e-31
-1.41085e-31
-1.3836e-31
-1.25393e-31
-1.11275e-31
-1.20968e-31
-1.51236e-31
-1.92541e-31
-2.23134e-31
-2.21492e-31
-1.86594e-31
-1.27e-31
-6.73188e-32
-2.92833e-32
-2.37032e-32
-5.34324e-32
-1.05592e-31
-1.66341e-31
-2.21457e-31
-2.53114e-31
-2.55646e-31
-2.21731e-31
-1.57392e-31
-8.34516e-32
-1.84754e-32
7.00814e-33
-1.53603e-32
-7.83737e-32
-1.62376e-31
-2.27031e-31
-2.5334e-31
-2.29667e-31
-1.69238e-31
-1.06327e-31
-6.28425e-32
-6.1885e-32
-9.6286e-32
-1.43119e-31
-1.80041e-31
-1.80398e-31
-1.47335e-31
-9.63676e-32
-5.44782e-32
-5.14946e-32
-9.13568e-32
-1.62288e-31
-2.28943e-31
-2.55694e-31
-2.24598e-31
-1.44209e-31
-5.46579e-32
3.62767e-33
-4.08508e-33
-7.03807e-32
-1.60131e-31
-2.3068e-31
-2.37351e-31
-1.9073e-31
-1.13024e-31
-5.00983e-32
-4.34327e-32
-7.91358e-32
-1.47743e-31
-1.97063e-31
-1.98931e-31
-1.62386e-31
-9.11055e-32
-4.13232e-32
-2.755e-32
-5.62778e-32
-1.23284e-31
-1.78868e-31
-2.14925e-31
-2.06824e-31
-1.59329e-31
-1.03531e-31
-4.71344e-32
-2.36333e-32
-3.16849e-32
-6.27266e-32
-1.10748e-31
-1.47809e-31
-1.71475e-31
-1.74678e-31
-1.56469e-31
-1.294e-31
-9.33294e-32
-5.90021e-32
-3.59043e-32
-2.80614e-32
-4.59363e-32
-8.42498e-32
-1.29155e-31
-1.64194e-31
-1.65645e-31
-1.29862e-31
-6.98789e-32
-1.06678e-32
1.2499e-32
-1.37212e-32
-7.91256e-32
-1.51847e-31
-1.86376e-31
-1.57484e-31
-7.18101e-32
3.43936e-32
1.04637e-31
9.84933e-32
1.59521e-32
-1.08914e-31
-2.09165e-31
-2.29366e-31
-1.57341e-31
-1.58175e-32
1.23759e-31
1.98095e-31
1.79271e-31
7.23645e-32
-5.72282e-32
-1.49907e-31
-1.6371e-31
-8.61086e-32
3.47029e-32
1.52884e-31
2.19908e-31
2.1154e-31
1.524e-31
7.15516e-32
1.41214e-32
8.82693e-33
5.29208e-32
1.29388e-31
2.03939e-31
2.47572e-31
2.50898e-31
2.28179e-31
2.03595e-31
2.07689e-31
2.5121e-31
3.15362e-31
3.78173e-31
4.03582e-31
3.84143e-31
3.44472e-31
3.12338e-31
3.31354e-31
4.09287e-31
5.20323e-31
6.31918e-31
6.97271e-31
7.04084e-31
6.74853e-31
6.37215e-31
6.33264e-31
6.77403e-31
7.52009e-31
8.44539e-31
9.24307e-31
9.84514e-31
1.03921e-30
1.08572e-30
1.14228e-30
1.20198e-30
1.25515e-30
1.31205e-30
1.36488e-30
1.43014e-30
1.50959e-30
1.59194e-30
1.67627e-30
1.74935e-30
1.82215e-30
1.91113e-30
2.02815e-30
2.17499e-30
2.32803e-30
2.45616e-30
2.53505e-30
2.57236e-30
2.60001e-30
2.66973e-30
2.81653e-30
3.03403e-30
3.28878e-30
3.51466e-30
3.67345e-30
3.76274e-30
3.81481e-30
3.89722e-30
4.04449e-30
4.26846e-30
4.53856e-30
4.79919e-30
5.02433e-30
5.20022e-30
5.35786e-30
5.53655e-30
5.75431e-30
6.02012e-30
6.30213e-30
6.5752e-30
6.82723e-30
7.05782e-30
7.3009e-30
7.57419e-30
7.88902e-30
8.23934e-30
8.59031e-30
8.92803e-30
9.23811e-30
9.53226e-30
9.84571e-30
1.0193e-29
1.05966e-29
1.10405e-29
1.14928e-29
1.19337e-29
1.2331e-29
1.27026e-29
1.30734e-29
1.34738e-29
1.39463e-29
1.44788e-29
1.50581e-29
1.56409e-29
1.61743e-29
1.66436e-29
1.70517e-29
1.74016e-29
1.79121e-29
1.85323e-29
1.99799e-29
2.24915e-29
2.61961e-29
3.31624e-29
3.59357e-29
3.88137e-29
2.18333e-29
-2.08255e-29
-7.21054e-29
-1.77601e-28
-1.6814e-28
-1.07244e-28
1.80882e-28
8.25222e-28
1.1907e-27
1.8333e-27
1.07182e-27
-7.45935e-28
-3.0211e-27
-7.52737e-27
-7.19764e-27
-5.91519e-27
1.7643e-27
1.68924e-26
2.26842e-26
3.30651e-26
1.66647e-26
-1.35946e-26
-4.09908e-26
-9.0479e-26
-7.13057e-26
-4.2178e-26
3.15871e-26
1.54642e-25
1.62752e-25
1.92015e-25
5.43284e-26
-1.45583e-25
-2.41545e-25
-4.15694e-25
-2.36506e-25
-3.16259e-26
2.19171e-25
5.89213e-25
4.55174e-25
3.83052e-25
-3.70664e-26
-5.43984e-25
-5.80032e-25
-7.54234e-25
-2.5456e-25
2.23646e-25
5.06866e-25
9.1531e-25
5.06876e-25
2.23661e-25
-2.54547e-25
-7.54229e-25
-5.80037e-25
-5.43997e-25
-3.70805e-26
3.83043e-25
4.55172e-25
5.89217e-25
2.19179e-25
-3.16202e-26
-2.36505e-25
-4.15696e-25
-2.4155e-25
-1.45588e-25
5.43247e-26
1.92013e-25
1.62752e-25
1.54642e-25
3.15873e-26
-4.21784e-26
-7.13064e-26
-9.04797e-26
-4.09918e-26
-1.35954e-26
1.66637e-26
3.30641e-26
2.26832e-26
1.68915e-26
1.76352e-27
-5.91588e-27
-7.19825e-27
-7.52792e-27
-3.02168e-27
-7.46527e-28
1.07117e-27
1.83262e-27
1.19001e-27
8.24549e-28
1.80282e-28
-1.07764e-28
-1.68559e-28
-1.77952e-28
-7.24553e-29
-2.12195e-29
2.1334e-29
3.82323e-29
3.53223e-29
3.25907e-29
2.57528e-29
2.21853e-29
1.97943e-29
1.83949e-29
1.77346e-29
1.71401e-29
1.66801e-29
1.61966e-29
1.57121e-29
1.52179e-29
1.47335e-29
1.4268e-29
1.38356e-29
1.34285e-29
1.30232e-29
1.25988e-29
1.2141e-29
1.16587e-29
1.11876e-29
1.07545e-29
1.03861e-29
1.00757e-29
9.79365e-30
9.51428e-30
9.20161e-30
8.85776e-30
8.49038e-30
8.11986e-30
7.77774e-30
7.46997e-30
7.2102e-30
6.98705e-30
6.78068e-30
6.57399e-30
6.33993e-30
6.07376e-30
5.78539e-30
5.49735e-30
5.24387e-30
5.04741e-30
4.90168e-30
4.78803e-30
4.66325e-30
4.49228e-30
4.27612e-30
4.02144e-30
3.77943e-30
3.58626e-30
3.45239e-30
3.38246e-30
3.32452e-30
3.24773e-30
3.1247e-30
2.94234e-30
2.74014e-30
2.54363e-30
2.39437e-30
2.31399e-30
2.28428e-30
2.28109e-30
2.25506e-30
2.16929e-30
2.01839e-30
1.82247e-30
1.63173e-30
1.50116e-30
1.45543e-30
1.48636e-30
1.54689e-30
1.57183e-30
1.5219e-30
1.38767e-30
1.20763e-30
1.03939e-30
9.30834e-31
9.0281e-31
9.32511e-31
9.82412e-31
1.00438e-30
9.78565e-31
9.05687e-31
8.03998e-31
7.0964e-31
6.34028e-31
5.96583e-31
5.87041e-31
5.90523e-31
5.98621e-31
5.8218e-31
5.51632e-31
5.00369e-31
4.45023e-31
4.11323e-31
3.89559e-31
3.9739e-31
4.02893e-31
3.89935e-31
3.59904e-31
2.97015e-31
2.44717e-31
2.12045e-31
2.10875e-31
2.48069e-31
2.79616e-31
2.98323e-31
2.82018e-31
2.3184e-31
1.81362e-31
1.35188e-31
1.14344e-31
1.10764e-31
1.04324e-31
9.94036e-32
8.92413e-32
9.4616e-32
1.28868e-31
1.75295e-31
2.19326e-31
2.16501e-31
1.48223e-31
3.55996e-32
-8.92405e-32
-1.52418e-31
-1.20611e-31
-2.51067e-33
1.6387e-31
2.82052e-31
3.01672e-31
2.02861e-31
1.63928e-32
-1.56483e-31
-2.52878e-31
-2.18286e-31
-6.74692e-32
1.13555e-31
2.5731e-31
2.80876e-31
1.80947e-31
1.40288e-32
-1.56144e-31
-2.3388e-31
-2.01834e-31
-8.23911e-32
7.15261e-32
1.70848e-31
1.92172e-31
1.28176e-31
1.60905e-32
-7.9419e-32
-1.38505e-31
-1.35774e-31
-9.23085e-32
-3.76203e-32
1.90654e-32
5.07648e-32
6.7564e-32
6.60474e-32
4.47801e-32
1.65043e-32
-2.5256e-32
-6.15758e-32
-8.78984e-32
-9.74509e-32
-8.41248e-32
-5.82082e-32
-1.91886e-32
1.79111e-32
5.0052e-32
6.5145e-32
5.69865e-32
2.91688e-32
-2.13831e-32
-6.75558e-32
-1.04719e-31
-1.14567e-31
-9.08347e-32
-5.53381e-32
-4.11592e-33
3.1211e-32
4.87035e-32
5.08506e-32
2.508e-32
-2.53832e-33
-4.02188e-32
-7.36708e-32
-8.82061e-32
-9.14606e-32
-6.56599e-32
-2.86815e-32
1.04737e-32
4.20244e-32
4.52345e-32
2.94304e-32
-5.7808e-33
-4.45191e-32
-7.1071e-32
-8.2165e-32
-7.02401e-32
-4.41595e-32
-1.1632e-32
1.6226e-32
2.96352e-32
2.3947e-32
3.82177e-33
-2.08617e-32
-3.97689e-32
-3.98291e-32
-3.1104e-32
-1.71546e-32
-1.25752e-32
-2.53907e-32
-3.62662e-32
-4.29497e-32
-2.26116e-32
1.69809e-32
5.05406e-32
6.48918e-32
3.0514e-32
-3.06552e-32
-9.26779e-32
-1.22572e-31
-9.01689e-32
-1.90712e-32
6.59571e-32
1.14623e-31
1.00667e-31
3.66845e-32
-5.25463e-32
-1.10916e-31
-1.16048e-31
-6.54335e-32
1.50478e-32
7.4954e-32
9.30751e-32
5.59238e-32
-9.91854e-33
-6.45307e-32
-8.48691e-32
-5.25433e-32
6.96691e-33
6.2668e-32
8.75588e-32
6.05667e-32
2.7736e-33
-6.11912e-32
-1.00387e-31
-8.91066e-32
-3.94468e-32
3.21781e-32
9.49875e-32
1.17647e-31
1.00138e-31
4.43197e-32
-2.71225e-32
-8.30527e-32
-1.13902e-31
-1.02607e-31
-5.64448e-32
6.39417e-33
7.58493e-32
1.21295e-31
1.33671e-31
1.0659e-31
3.97404e-32
-3.82071e-32
-1.08421e-31
-1.39254e-31
-1.13625e-31
-4.20695e-32
5.67743e-32
1.37827e-31
1.68052e-31
1.34016e-31
4.55979e-32
-5.41246e-32
-1.22486e-31
-1.28259e-31
-6.78992e-32
2.64338e-32
1.11046e-31
1.47041e-31
1.16665e-31
4.09365e-32
-4.36012e-32
-9.61776e-32
-8.72364e-32
-2.99369e-32
5.25561e-32
1.17912e-31
1.30109e-31
9.59745e-32
2.20489e-32
-4.6368e-32
-7.48216e-32
-6.21127e-32
2.4676e-34
6.52952e-32
1.08234e-31
1.16838e-31
7.44752e-32
2.33669e-32
-2.48926e-32
-4.72304e-32
-2.761e-32
5.5363e-33
5.06617e-32
8.14458e-32
8.70573e-32
7.89556e-32
5.45764e-32
3.25883e-32
1.95226e-32
1.23004e-32
1.4351e-32
1.68038e-32
1.50012e-32
1.61765e-32
1.62892e-32
2.60987e-32
4.89322e-32
7.28596e-32
1.02031e-31
1.10607e-31
9.66488e-32
6.1538e-32
3.48172e-33
-4.01632e-32
-6.59729e-32
-5.11144e-32
2.38635e-33
6.65431e-32
1.29853e-31
1.53417e-31
1.38234e-31
8.64359e-32
2.28035e-32
-2.61998e-32
-4.67128e-32
-2.54208e-32
5.29556e-33
5.40961e-32
7.45154e-32
7.5182e-32
6.8193e-32
2.34033e-32
1.40367e-32
-1.84099e-32
-2.45927e-32
-4.6495e-33
)
;

boundaryField
{
    left
    {
        type            calculated;
        value           uniform 0;
    }
    right
    {
        type            calculated;
        value           uniform 0;
    }
    empty
    {
        type            empty;
        value           nonuniform List<scalar> 0();
    }
}


// ************************************************************************* //
