/*--------------------------------*- C++ -*----------------------------------*\
| =========                 |                                                 |
| \\      /  F ield         | OpenFOAM: The Open Source CFD Toolbox           |
|  \\    /   O peration     | Version:  2106                                  |
|   \\  /    A nd           | Website:  www.openfoam.com                      |
|    \\/     M anipulation  |                                                 |
\*---------------------------------------------------------------------------*/
FoamFile
{
    version     2.0;
    format      ascii;
    arch        "LSB;label=32;scalar=64";
    class       surfaceScalarField;
    location    "0.127";
    object      phi;
}
// * * * * * * * * * * * * * * * * * * * * * * * * * * * * * * * * * * * * * //

dimensions      [0 3 -1 0 0 0 0];

oriented        oriented;

internalField   nonuniform List<scalar> 
799
(
1.64186e-32
4.28299e-32
5.45986e-32
4.23351e-32
1.56724e-32
-5.25704e-32
-1.13546e-31
-1.61017e-31
-1.72649e-31
-1.36464e-31
-8.22378e-32
-2.15293e-32
1.53795e-32
2.35582e-32
4.11235e-34
-4.03745e-32
-9.28193e-32
-1.46721e-31
-1.88238e-31
-2.17397e-31
-2.10405e-31
-1.75431e-31
-1.15372e-31
-4.56987e-32
-6.19457e-33
1.83076e-33
-4.0897e-32
-1.12578e-31
-1.79925e-31
-2.3356e-31
-2.37437e-31
-2.1116e-31
-1.6585e-31
-1.11814e-31
-8.79306e-32
-7.78455e-32
-9.60279e-32
-1.349e-31
-1.65743e-31
-2.03391e-31
-2.13297e-31
-2.01736e-31
-1.79177e-31
-1.3335e-31
-1.08976e-31
-9.95187e-32
-1.16246e-31
-1.66004e-31
-2.06735e-31
-2.43782e-31
-2.46449e-31
-2.13321e-31
-1.70832e-31
-1.17196e-31
-9.34236e-32
-1.00198e-31
-1.33891e-31
-1.93552e-31
-2.39504e-31
-2.65176e-31
-2.52512e-31
-1.99848e-31
-1.38209e-31
-8.37191e-32
-7.13286e-32
-1.12472e-31
-1.86648e-31
-2.70527e-31
-3.16293e-31
-2.99094e-31
-2.28011e-31
-1.26532e-31
-5.0339e-32
-3.40258e-32
-8.12968e-32
-1.75242e-31
-2.61893e-31
-3.06641e-31
-2.95226e-31
-2.36041e-31
-1.69839e-31
-1.20852e-31
-1.05487e-31
-1.20472e-31
-1.44555e-31
-1.70445e-31
-1.89952e-31
-2.08007e-31
-2.28211e-31
-2.40362e-31
-2.38276e-31
-2.07021e-31
-1.54324e-31
-1.00773e-31
-6.79597e-32
-8.66939e-32
-1.4512e-31
-2.26724e-31
-2.95906e-31
-3.09082e-31
-2.73609e-31
-1.8764e-31
-9.66034e-32
-4.31529e-32
-3.38956e-32
-9.16186e-32
-1.70652e-31
-2.44199e-31
-2.87881e-31
-2.70632e-31
-2.26545e-31
-1.63533e-31
-1.16635e-31
-1.07798e-31
-1.1898e-31
-1.49345e-31
-1.65932e-31
-1.63179e-31
-1.50184e-31
-1.36033e-31
-1.45694e-31
-1.75924e-31
-2.17191e-31
-2.47743e-31
-2.46053e-31
-2.11111e-31
-1.51468e-31
-9.17345e-32
-5.36463e-32
-4.80119e-32
-7.76826e-32
-1.29782e-31
-1.90467e-31
-2.45514e-31
-2.77104e-31
-2.79564e-31
-2.4557e-31
-1.81151e-31
-1.07127e-31
-4.2065e-32
-1.64921e-32
-3.87679e-32
-1.01684e-31
-1.85587e-31
-2.50132e-31
-2.76336e-31
-2.5255e-31
-1.92006e-31
-1.28973e-31
-8.53593e-32
-8.42691e-32
-1.18527e-31
-1.65213e-31
-2.01982e-31
-2.02181e-31
-1.68951e-31
-1.17804e-31
-7.57267e-32
-7.25489e-32
-1.12211e-31
-1.82932e-31
-2.49364e-31
-2.7588e-31
-2.44536e-31
-1.63895e-31
-7.40713e-32
-1.55045e-32
-2.29208e-32
-8.89057e-32
-1.78323e-31
-2.48528e-31
-2.54838e-31
-2.07836e-31
-1.29731e-31
-6.63754e-32
-5.92615e-32
-9.44951e-32
-1.62598e-31
-2.11395e-31
-2.12716e-31
-1.75595e-31
-1.03708e-31
-5.32881e-32
-3.88432e-32
-6.68644e-32
-1.33125e-31
-1.8793e-31
-2.23166e-31
-2.14203e-31
-1.65798e-31
-1.0905e-31
-5.16483e-32
-2.70894e-32
-3.40235e-32
-6.38957e-32
-1.10686e-31
-1.46452e-31
-1.68762e-31
-1.70541e-31
-1.50837e-31
-1.22196e-31
-8.44844e-32
-4.84335e-32
-2.35302e-32
-1.37847e-32
-2.96676e-32
-6.58951e-32
-1.08616e-31
-1.41366e-31
-1.40421e-31
-1.02128e-31
-3.95136e-32
2.24491e-32
4.84928e-32
2.52807e-32
-3.69764e-32
-1.06409e-31
-1.37505e-31
-1.05023e-31
-1.56e-32
9.4515e-32
1.68838e-31
1.66954e-31
8.88644e-32
-3.13611e-32
-1.26774e-31
-1.41938e-31
-6.46676e-32
8.23188e-32
2.27588e-31
3.07851e-31
2.95195e-31
1.94704e-31
7.17844e-32
-1.39575e-32
-2.05503e-32
6.45435e-32
1.93139e-31
3.19403e-31
3.94818e-31
3.95159e-31
3.45055e-31
2.73578e-31
2.25862e-31
2.30639e-31
2.85167e-31
3.72442e-31
4.58186e-31
5.13406e-31
5.28723e-31
5.18408e-31
5.06649e-31
5.24006e-31
5.81231e-31
6.59547e-31
7.36989e-31
7.77504e-31
7.73655e-31
7.50065e-31
7.34525e-31
7.7065e-31
8.66222e-31
9.9543e-31
1.12575e-30
1.21038e-30
1.23704e-30
1.22823e-30
1.2116e-30
1.22926e-30
1.29561e-30
1.39305e-30
1.50904e-30
1.6129e-30
1.69784e-30
1.77793e-30
1.85049e-30
1.93377e-30
2.02085e-30
2.1021e-30
2.18776e-30
2.27006e-30
2.36548e-30
2.47581e-30
2.58975e-30
2.7064e-30
2.81251e-30
2.91908e-30
3.04256e-30
3.19482e-30
3.37764e-30
3.56739e-30
3.73299e-30
3.85009e-30
3.92636e-30
3.99371e-30
4.10387e-30
4.29187e-30
4.55132e-30
4.84874e-30
5.11804e-30
5.32099e-30
5.45515e-30
5.55283e-30
5.68156e-30
5.87586e-30
6.14757e-30
6.4661e-30
6.77586e-30
7.05081e-30
7.27717e-30
7.48594e-30
7.7164e-30
7.98655e-30
8.30538e-30
8.64101e-30
8.96828e-30
9.27509e-30
9.561e-30
9.85994e-30
1.01896e-29
1.05613e-29
1.0969e-29
1.13778e-29
1.17737e-29
1.21425e-29
1.24957e-29
1.28685e-29
1.32755e-29
1.37392e-29
1.42434e-29
1.47563e-29
1.52581e-29
1.57164e-29
1.61492e-29
1.65813e-29
1.70432e-29
1.75772e-29
1.81712e-29
1.88122e-29
1.94565e-29
2.00514e-29
2.05822e-29
2.10515e-29
2.14626e-29
2.2034e-29
2.2715e-29
2.42231e-29
2.67948e-29
3.05593e-29
3.7585e-29
4.04174e-29
4.3354e-29
2.64317e-29
-1.61695e-29
-6.73923e-29
-1.72831e-28
-1.63315e-28
-1.02364e-28
1.85816e-28
8.3021e-28
1.19574e-27
1.83839e-27
1.07696e-27
-7.4074e-28
-3.01586e-27
-7.52208e-27
-7.1923e-27
-5.9098e-27
1.76973e-27
1.68979e-26
2.26897e-26
3.30706e-26
1.66703e-26
-1.35889e-26
-4.09851e-26
-9.04732e-26
-7.13e-26
-4.21722e-26
3.15929e-26
1.54648e-25
1.62758e-25
1.92021e-25
5.43343e-26
-1.45577e-25
-2.41539e-25
-4.15688e-25
-2.365e-25
-3.16198e-26
2.19177e-25
5.89219e-25
4.5518e-25
3.83058e-25
-3.70603e-26
-5.43978e-25
-5.80025e-25
-7.54228e-25
-2.54554e-25
2.23652e-25
5.06872e-25
9.15316e-25
5.06882e-25
2.23668e-25
-2.54541e-25
-7.54223e-25
-5.80031e-25
-5.4399e-25
-3.70744e-26
3.83049e-25
4.55178e-25
5.89223e-25
2.19185e-25
-3.16141e-26
-2.36498e-25
-4.1569e-25
-2.41544e-25
-1.45582e-25
5.43306e-26
1.92019e-25
1.62758e-25
1.54648e-25
3.15931e-26
-4.21726e-26
-7.13007e-26
-9.0474e-26
-4.09861e-26
-1.35898e-26
1.66693e-26
3.30696e-26
2.26887e-26
1.68969e-26
1.76892e-27
-5.91052e-27
-7.19294e-27
-7.52266e-27
-3.01647e-27
-7.41366e-28
1.07628e-27
1.83768e-27
1.19502e-27
8.29502e-28
1.85181e-28
-1.0292e-28
-1.6377e-28
-1.73219e-28
-6.77793e-29
-1.66008e-29
2.58949e-29
4.2735e-29
3.97663e-29
3.69755e-29
3.00781e-29
2.64507e-29
2.39997e-29
2.25398e-29
2.18188e-29
2.11635e-29
2.06425e-29
2.00979e-29
1.95521e-29
1.89966e-29
1.84509e-29
1.79241e-29
1.74303e-29
1.6962e-29
1.64957e-29
1.60103e-29
1.54917e-29
1.49488e-29
1.44173e-29
1.3924e-29
1.34958e-29
1.31258e-29
1.27846e-29
1.24463e-29
1.20752e-29
1.16732e-29
1.12482e-29
1.08205e-29
1.04216e-29
1.00576e-29
9.74207e-30
9.46369e-30
9.20265e-30
8.94186e-30
8.65426e-30
8.33514e-30
7.99445e-30
7.6547e-30
7.35016e-30
7.10328e-30
6.90779e-30
6.74505e-30
6.57184e-30
6.35316e-30
6.08997e-30
5.78898e-30
5.50136e-30
5.2633e-30
5.08527e-30
4.9719e-30
4.87125e-30
4.75249e-30
4.58823e-30
4.36537e-30
4.12342e-30
3.88789e-30
3.70035e-30
3.58244e-30
3.51594e-30
3.4767e-30
3.41535e-30
3.29499e-30
3.11024e-30
2.88119e-30
2.65804e-30
2.49578e-30
2.41906e-30
2.41972e-30
2.45067e-30
2.44673e-30
2.36861e-30
2.20687e-30
1.99999e-30
1.80558e-30
1.67151e-30
1.61862e-30
1.6241e-30
1.65041e-30
1.64941e-30
1.60124e-30
1.50661e-30
1.38377e-30
1.26885e-30
1.17325e-30
1.11639e-30
1.08798e-30
1.07315e-30
1.06348e-30
1.02978e-30
9.82506e-31
9.15015e-31
8.43938e-31
7.94994e-31
7.58461e-31
7.5199e-31
7.43643e-31
7.17285e-31
6.74293e-31
5.98866e-31
5.34444e-31
4.90048e-31
4.77549e-31
5.03796e-31
5.24775e-31
5.33281e-31
5.07132e-31
4.47457e-31
3.87819e-31
3.32813e-31
3.03457e-31
2.91672e-31
2.77332e-31
2.648e-31
2.47312e-31
2.45639e-31
2.7311e-31
3.13015e-31
3.50776e-31
3.41924e-31
2.67855e-31
1.49667e-31
1.94857e-32
-4.88253e-32
-2.19436e-32
9.14429e-32
2.53293e-31
3.67141e-31
3.826e-31
2.798e-31
8.95095e-32
-8.70234e-32
-1.86919e-31
-1.55684e-31
-8.07386e-33
1.69887e-31
3.10712e-31
3.31475e-31
2.28868e-31
5.93894e-32
-1.13224e-31
-1.93284e-31
-1.6346e-31
-4.61418e-32
1.05751e-31
2.03143e-31
2.22628e-31
1.56882e-31
4.31288e-32
-5.39712e-32
-1.14574e-31
-1.1328e-31
-7.11812e-32
-1.779e-32
3.76602e-32
6.81854e-32
8.38637e-32
8.12833e-32
5.90079e-32
2.97752e-32
-1.28962e-32
-5.00756e-32
-7.72147e-32
-8.7538e-32
-7.49409e-32
-4.97161e-32
-1.13449e-32
2.51379e-32
5.67002e-32
7.12421e-32
6.25611e-32
3.42515e-32
-1.67585e-32
-6.33669e-32
-1.00939e-31
-1.11173e-31
-8.78028e-32
-5.26396e-32
-1.73258e-33
3.32979e-32
5.0518e-32
5.24094e-32
2.64033e-32
-1.43993e-33
-3.93296e-32
-7.29727e-32
-8.76855e-32
-9.11025e-32
-6.54532e-32
-2.86113e-32
1.04181e-32
4.18514e-32
4.49577e-32
2.90548e-32
-6.251e-33
-4.50758e-32
-7.17016e-32
-8.28692e-32
-7.1008e-32
-4.4987e-32
-1.25131e-32
1.52991e-32
2.86693e-32
2.29485e-32
2.7926e-33
-2.1915e-32
-4.08402e-32
-4.0917e-32
-3.21993e-32
-1.8256e-32
-1.36777e-32
-2.64906e-32
-3.73585e-32
-4.40286e-32
-2.36769e-32
1.59361e-32
4.95205e-32
6.38987e-32
2.95525e-32
-3.15857e-32
-9.35746e-32
-1.23433e-31
-9.09897e-32
-1.98521e-32
6.52198e-32
1.13931e-31
1.00018e-31
3.60781e-32
-5.31045e-32
-1.11424e-31
-1.16507e-31
-6.58397e-32
1.46905e-32
7.46471e-32
9.28163e-32
5.57174e-32
-1.0072e-32
-6.4633e-32
-8.49191e-32
-5.25418e-32
7.02228e-33
6.27823e-32
8.77285e-32
6.07954e-32
3.06362e-33
-6.08397e-32
-9.9977e-32
-8.86409e-32
-3.89252e-32
3.27544e-32
9.56209e-32
1.18336e-31
1.00884e-31
4.51262e-32
-2.62543e-32
-8.21229e-32
-1.12914e-31
-1.0156e-31
-5.53427e-32
7.54851e-33
7.7056e-32
1.22556e-31
1.34982e-31
1.07951e-31
4.11517e-32
-3.67492e-32
-1.06912e-31
-1.37696e-31
-1.12018e-31
-4.04144e-32
5.84715e-32
1.3957e-31
1.69834e-31
1.35837e-31
4.7457e-32
-5.22273e-32
-1.20551e-31
-1.26287e-31
-6.58941e-32
2.84714e-32
1.13116e-31
1.49139e-31
1.18789e-31
4.30874e-32
-4.14255e-32
-9.39794e-32
-8.502e-32
-2.77003e-32
5.48108e-32
1.20182e-31
1.32393e-31
9.82691e-32
2.43555e-32
-4.40497e-32
-7.24955e-32
-5.97836e-32
2.57894e-33
6.76304e-32
1.10569e-31
1.19167e-31
7.67983e-32
2.56826e-32
-2.25863e-32
-4.49366e-32
-2.532e-32
7.81882e-33
5.2933e-32
8.37035e-32
8.93e-32
8.1181e-32
5.67831e-32
3.47748e-32
2.16893e-32
1.4443e-32
1.64624e-32
1.88838e-32
1.7049e-32
1.81903e-32
1.82677e-32
2.80379e-32
5.08272e-32
7.47073e-32
1.03827e-31
1.12353e-31
9.83409e-32
6.31735e-32
5.06083e-33
-3.8639e-32
-6.45032e-32
-4.9694e-32
3.7518e-33
6.78529e-32
1.31106e-31
1.5461e-31
1.39365e-31
8.75027e-32
2.3801e-32
-2.52705e-32
-4.58484e-32
-2.46233e-32
6.02605e-33
5.47536e-32
7.51022e-32
7.56981e-32
6.86383e-32
2.37813e-32
1.43369e-32
-1.81888e-32
-2.44471e-32
-4.57728e-33
)
;

boundaryField
{
    left
    {
        type            calculated;
        value           uniform 0;
    }
    right
    {
        type            calculated;
        value           uniform 0;
    }
    empty
    {
        type            empty;
        value           nonuniform List<scalar> 0();
    }
}


// ************************************************************************* //
