/*--------------------------------*- C++ -*----------------------------------*\
| =========                 |                                                 |
| \\      /  F ield         | OpenFOAM: The Open Source CFD Toolbox           |
|  \\    /   O peration     | Version:  2106                                  |
|   \\  /    A nd           | Website:  www.openfoam.com                      |
|    \\/     M anipulation  |                                                 |
\*---------------------------------------------------------------------------*/
FoamFile
{
    version     2.0;
    format      ascii;
    arch        "LSB;label=32;scalar=64";
    class       surfaceScalarField;
    location    "0.134";
    object      phi;
}
// * * * * * * * * * * * * * * * * * * * * * * * * * * * * * * * * * * * * * //

dimensions      [0 3 -1 0 0 0 0];

oriented        oriented;

internalField   nonuniform List<scalar> 
799
(
1.62681e-32
4.2529e-32
5.41532e-32
4.17378e-32
1.49261e-32
-5.34656e-32
-1.14591e-31
-1.62202e-31
-1.73985e-31
-1.37946e-31
-8.38643e-32
-2.33002e-32
1.34671e-32
2.15063e-32
-1.77979e-33
-4.27051e-32
-9.52899e-32
-1.49332e-31
-1.90985e-31
-2.2028e-31
-2.1342e-31
-1.78586e-31
-1.18661e-31
-4.91202e-32
-9.74701e-33
-1.85615e-33
-4.47139e-32
-1.16522e-31
-1.83993e-31
-2.37761e-31
-2.41775e-31
-2.15626e-31
-1.7044e-31
-1.16525e-31
-9.27591e-32
-8.27926e-32
-1.01092e-31
-1.4008e-31
-1.71037e-31
-2.08795e-31
-2.18809e-31
-2.07357e-31
-1.84901e-31
-1.39178e-31
-1.14906e-31
-1.05552e-31
-1.22379e-31
-1.72235e-31
-2.13064e-31
-2.50205e-31
-2.52966e-31
-2.19929e-31
-1.77531e-31
-1.23983e-31
-1.00298e-31
-1.07157e-31
-1.40937e-31
-2.00678e-31
-2.46706e-31
-2.72456e-31
-2.59867e-31
-2.07275e-31
-1.45706e-31
-9.12855e-32
-7.89601e-32
-1.2017e-31
-1.94412e-31
-2.78353e-31
-3.24181e-31
-3.07038e-31
-2.3601e-31
-1.34589e-31
-5.84475e-32
-4.21884e-32
-8.95106e-32
-1.83505e-31
-2.70202e-31
-3.14995e-31
-3.03617e-31
-2.4447e-31
-1.78308e-31
-1.2936e-31
-1.14031e-31
-1.29054e-31
-1.53171e-31
-1.79093e-31
-1.98631e-31
-2.16715e-31
-2.3695e-31
-2.4913e-31
-2.47063e-31
-2.15832e-31
-1.63157e-31
-1.09625e-31
-7.68281e-32
-9.55773e-32
-1.54021e-31
-2.35641e-31
-3.04836e-31
-3.18025e-31
-2.82566e-31
-1.96604e-31
-1.05578e-31
-5.21348e-32
-4.28873e-32
-1.0061e-31
-1.79643e-31
-2.53197e-31
-2.96887e-31
-2.79642e-31
-2.35553e-31
-1.72539e-31
-1.25638e-31
-1.16796e-31
-1.27974e-31
-1.58329e-31
-1.74906e-31
-1.72139e-31
-1.5913e-31
-1.44965e-31
-1.5461e-31
-1.84825e-31
-2.26076e-31
-2.56612e-31
-2.54903e-31
-2.19937e-31
-1.60272e-31
-1.00514e-31
-6.24002e-32
-5.67373e-32
-8.63788e-32
-1.3845e-31
-1.99103e-31
-2.54116e-31
-2.85673e-31
-2.88096e-31
-2.54065e-31
-1.89605e-31
-1.15539e-31
-5.04314e-32
-2.48108e-32
-4.70377e-32
-1.09904e-31
-1.93753e-31
-2.58245e-31
-2.84388e-31
-2.60536e-31
-1.99927e-31
-1.36824e-31
-9.31368e-32
-9.19704e-32
-1.2615e-31
-1.72751e-31
-2.09433e-31
-2.09536e-31
-1.76208e-31
-1.24957e-31
-8.27729e-32
-7.94807e-32
-1.19019e-31
-1.89613e-31
-2.55913e-31
-2.82292e-31
-2.50804e-31
-1.70007e-31
-8.00236e-32
-2.1286e-32
-2.85241e-32
-9.43224e-32
-1.8355e-31
-2.53549e-31
-2.59643e-31
-2.12415e-31
-1.34072e-31
-7.0468e-32
-6.30953e-32
-9.80558e-32
-1.65875e-31
-2.14372e-31
-2.15376e-31
-1.77921e-31
-1.05685e-31
-5.4901e-32
-4.0071e-32
-6.76889e-32
-1.33535e-31
-1.87897e-31
-2.22668e-31
-2.13219e-31
-1.64306e-31
-1.07028e-31
-4.90699e-32
-2.39282e-32
-3.0257e-32
-5.94954e-32
-1.05626e-31
-1.40703e-31
-1.62291e-31
-1.63313e-31
-1.42819e-31
-1.13355e-31
-7.47825e-32
-3.78289e-32
-1.19821e-32
-1.25787e-33
-1.61194e-32
-5.12785e-32
-9.28855e-32
-1.24474e-31
-1.22321e-31
-8.27638e-32
-1.8834e-32
4.44965e-32
7.19666e-32
5.02419e-32
-1.04707e-32
-7.82943e-32
-1.07718e-31
-7.3496e-32
1.77321e-32
1.29723e-31
2.06001e-31
2.06144e-31
1.30155e-31
1.21146e-32
-8.10305e-32
-9.38409e-32
-1.41274e-32
1.35391e-31
2.83286e-31
3.6627e-31
3.56434e-31
2.58864e-31
1.3897e-31
5.63603e-32
5.30112e-32
1.41458e-31
2.73523e-31
4.03375e-31
4.82497e-31
4.8667e-31
4.40524e-31
3.73137e-31
3.29644e-31
3.38777e-31
3.97804e-31
4.89722e-31
5.80253e-31
6.40409e-31
6.60814e-31
6.55739e-31
6.49384e-31
6.7231e-31
7.35263e-31
8.19468e-31
9.02975e-31
9.49727e-31
9.52297e-31
9.35304e-31
9.2654e-31
9.69627e-31
1.07235e-30
1.2089e-30
1.34676e-30
1.43912e-30
1.47372e-30
1.47305e-30
1.46476e-30
1.49098e-30
1.56609e-30
1.67251e-30
1.79769e-30
1.91095e-30
2.00552e-30
2.09545e-30
2.17808e-30
2.27165e-30
2.36926e-30
2.46126e-30
2.5579e-30
2.65142e-30
2.75828e-30
2.88029e-30
3.00614e-30
3.13493e-30
3.25342e-30
3.37261e-30
3.50895e-30
3.6743e-30
3.87045e-30
4.07377e-30
4.25317e-30
4.38431e-30
4.47486e-30
4.55671e-30
4.68161e-30
4.88458e-30
5.15923e-30
5.47208e-30
5.75703e-30
5.97585e-30
6.12612e-30
6.24012e-30
6.38539e-30
6.59643e-30
6.8851e-30
7.22079e-30
7.54791e-30
7.84042e-30
8.08453e-30
8.31124e-30
8.55983e-30
8.84829e-30
9.1856e-30
9.53988e-30
9.88597e-30
1.02117e-29
1.05168e-29
1.0835e-29
1.11841e-29
1.15753e-29
1.20026e-29
1.24312e-29
1.2847e-29
1.32358e-29
1.3609e-29
1.40021e-29
1.44294e-29
1.49133e-29
1.54379e-29
1.59712e-29
1.64934e-29
1.69723e-29
1.74256e-29
1.78782e-29
1.83606e-29
1.89152e-29
1.95297e-29
2.01912e-29
2.08559e-29
2.14713e-29
2.20224e-29
2.2512e-29
2.29433e-29
2.35348e-29
2.42358e-29
2.57637e-29
2.83552e-29
3.21393e-29
3.91845e-29
4.20362e-29
4.49919e-29
2.80886e-29
-1.44938e-29
-6.56981e-29
-1.71119e-28
-1.61584e-28
-1.00615e-28
1.87583e-28
8.31994e-28
1.19754e-27
1.84021e-27
1.07879e-27
-7.38889e-28
-3.01399e-27
-7.5202e-27
-7.1904e-27
-5.90789e-27
1.77166e-27
1.68999e-26
2.26917e-26
3.30726e-26
1.66723e-26
-1.35869e-26
-4.09831e-26
-9.04712e-26
-7.12979e-26
-4.21702e-26
3.15949e-26
1.5465e-25
1.6276e-25
1.92023e-25
5.43364e-26
-1.45575e-25
-2.41537e-25
-4.15685e-25
-2.36498e-25
-3.16177e-26
2.1918e-25
5.89221e-25
4.55182e-25
3.8306e-25
-3.70581e-26
-5.43976e-25
-5.80023e-25
-7.54226e-25
-2.54552e-25
2.23654e-25
5.06874e-25
9.15319e-25
5.06885e-25
2.2367e-25
-2.54538e-25
-7.54221e-25
-5.80029e-25
-5.43988e-25
-3.70722e-26
3.83051e-25
4.5518e-25
5.89225e-25
2.19187e-25
-3.1612e-26
-2.36496e-25
-4.15687e-25
-2.41542e-25
-1.4558e-25
5.43327e-26
1.92021e-25
1.6276e-25
1.5465e-25
3.15952e-26
-4.21706e-26
-7.12987e-26
-9.0472e-26
-4.09841e-26
-1.35878e-26
1.66713e-26
3.30716e-26
2.26907e-26
1.68989e-26
1.77084e-27
-5.90862e-27
-7.19105e-27
-7.52079e-27
-3.01461e-27
-7.39526e-28
1.0781e-27
1.83949e-27
1.19681e-27
8.31275e-28
1.86936e-28
-1.01182e-28
-1.62051e-28
-1.71518e-28
-6.60967e-29
-1.49368e-29
2.75401e-29
4.43611e-29
4.13732e-29
3.85631e-29
3.16462e-29
2.79992e-29
2.55283e-29
2.40486e-29
2.33076e-29
2.26322e-29
2.2091e-29
2.15261e-29
2.09601e-29
2.03842e-29
1.98181e-29
1.92709e-29
1.87567e-29
1.8268e-29
1.77812e-29
1.72754e-29
1.67363e-29
1.6173e-29
1.56211e-29
1.51076e-29
1.46591e-29
1.42689e-29
1.39076e-29
1.35493e-29
1.31583e-29
1.27365e-29
1.22917e-29
1.18444e-29
1.1426e-29
1.10426e-29
1.07079e-29
1.04105e-29
1.01305e-29
9.85089e-30
9.54468e-30
9.20711e-30
8.84814e-30
8.49029e-30
8.16783e-30
7.90321e-30
7.69018e-30
7.5101e-30
7.31975e-30
7.08412e-30
6.8042e-30
6.48668e-30
6.18276e-30
5.92861e-30
5.7347e-30
5.60568e-30
5.4896e-30
5.35564e-30
5.1764e-30
4.9388e-30
4.68233e-30
4.43252e-30
4.23094e-30
4.0992e-30
4.01913e-30
3.96654e-30
3.89208e-30
3.75884e-30
3.56145e-30
3.31999e-30
3.08466e-30
2.91046e-30
2.82204e-30
2.81122e-30
2.83094e-30
2.81599e-30
2.72708e-30
2.55479e-30
2.33758e-30
2.13306e-30
1.98912e-30
1.92657e-30
1.9226e-30
1.93969e-30
1.92967e-30
1.8727e-30
1.76948e-30
1.63825e-30
1.51515e-30
1.41157e-30
1.34693e-30
1.31095e-30
1.28873e-30
1.27185e-30
1.23115e-30
1.17704e-30
1.10291e-30
1.02538e-30
9.70152e-31
9.27514e-31
9.15106e-31
9.00994e-31
8.69026e-31
8.20584e-31
7.39866e-31
6.7031e-31
6.20935e-31
6.03607e-31
6.25171e-31
6.41611e-31
6.45714e-31
6.15301e-31
5.51496e-31
4.87856e-31
4.28977e-31
3.95876e-31
3.80466e-31
3.62623e-31
3.46703e-31
3.25938e-31
3.21096e-31
3.45505e-31
3.82454e-31
4.17361e-31
4.05754e-31
3.29024e-31
2.08274e-31
7.56206e-32
4.92767e-33
2.95089e-32
1.40673e-31
3.00386e-31
4.12173e-31
4.25651e-31
3.20947e-31
1.28821e-31
-4.94776e-32
-1.51073e-31
-1.21462e-31
2.45827e-32
2.01036e-31
3.40414e-31
3.59786e-31
2.55845e-31
8.50896e-32
-8.8747e-32
-1.69981e-31
-1.41288e-31
-2.50566e-32
1.25797e-31
2.22201e-31
2.40729e-31
1.74066e-31
5.9442e-32
-3.8493e-32
-9.98933e-32
-9.93645e-32
-5.79991e-32
-5.30759e-33
4.94759e-32
7.93649e-32
9.44405e-32
9.12831e-32
6.8457e-32
3.86946e-32
-4.47703e-33
-4.21371e-32
-6.97337e-32
-8.04915e-32
-6.83062e-32
-4.34749e-32
-5.48062e-33
3.06464e-32
6.18679e-32
7.60855e-32
6.70976e-32
3.84975e-32
-1.27959e-32
-5.96692e-32
-9.74912e-32
-1.07963e-31
-8.48161e-32
-4.98673e-32
8.36576e-34
3.56743e-32
5.27073e-32
5.44256e-32
2.82675e-32
2.78357e-34
-3.77527e-32
-7.15301e-32
-8.63689e-32
-8.99078e-32
-6.43712e-32
-2.76377e-32
1.12893e-32
4.26262e-32
4.56438e-32
2.96615e-32
-5.71535e-33
-4.46033e-32
-7.12912e-32
-8.25141e-32
-7.07065e-32
-4.47342e-32
-1.23061e-32
1.54646e-32
2.87942e-32
2.30399e-32
2.85278e-33
-2.18819e-32
-4.08207e-32
-4.0911e-32
-3.22042e-32
-1.82705e-32
-1.37018e-32
-2.65222e-32
-3.73931e-32
-4.40662e-32
-2.3719e-32
1.58861e-32
4.94633e-32
6.3834e-32
2.94803e-32
-3.16591e-32
-9.36453e-32
-1.23499e-31
-9.10506e-32
-1.99108e-32
6.51656e-32
1.13877e-31
9.99649e-32
3.60284e-32
-5.31512e-32
-1.1147e-31
-1.16549e-31
-6.58758e-32
1.46611e-32
7.46253e-32
9.28027e-32
5.57096e-32
-1.00735e-32
-6.4624e-32
-8.48998e-32
-5.25117e-32
7.06561e-33
6.28395e-32
8.78019e-32
6.08827e-32
3.16594e-33
-6.07206e-32
-9.9841e-32
-8.84859e-32
-3.87531e-32
3.29424e-32
9.5821e-32
1.1855e-31
1.01109e-31
4.53669e-32
-2.59948e-32
-8.1852e-32
-1.12625e-31
-1.01254e-31
-5.50176e-32
7.89636e-33
7.74269e-32
1.22947e-31
1.35395e-31
1.08383e-31
4.15963e-32
-3.62887e-32
-1.06437e-31
-1.37207e-31
-1.11522e-31
-3.99089e-32
5.89951e-32
1.40113e-31
1.70397e-31
1.36418e-31
4.80526e-32
-5.16164e-32
-1.19928e-31
-1.25652e-31
-6.52468e-32
2.91304e-32
1.13785e-31
1.4982e-31
1.1948e-31
4.37871e-32
-4.07184e-32
-9.32632e-32
-8.42933e-32
-2.6966e-32
5.55533e-32
1.20931e-31
1.33145e-31
9.90244e-32
2.51138e-32
-4.32914e-32
-7.17386e-32
-5.90282e-32
3.33126e-33
6.83815e-32
1.11325e-31
1.19924e-31
7.75518e-32
2.64289e-32
-2.18473e-32
-4.42091e-32
-2.46068e-32
8.51697e-33
5.36176e-32
8.43738e-32
8.9956e-32
8.18264e-32
5.7417e-32
3.53979e-32
2.22972e-32
1.50373e-32
1.70426e-32
1.9446e-32
1.75944e-32
1.87206e-32
1.87808e-32
2.85351e-32
5.13117e-32
7.51775e-32
1.04283e-31
1.12794e-31
9.87667e-32
6.35843e-32
5.4558e-33
-3.82568e-32
-6.41327e-32
-4.93377e-32
4.09335e-33
6.81806e-32
1.31419e-31
1.54908e-31
1.39651e-31
8.77697e-32
2.40516e-32
-2.50394e-32
-4.56385e-32
-2.44337e-32
6.19683e-33
5.49086e-32
7.52377e-32
7.58154e-32
6.87376e-32
2.38608e-32
1.43993e-32
-1.81406e-32
-2.44159e-32
-4.56165e-33
)
;

boundaryField
{
    left
    {
        type            calculated;
        value           uniform 0;
    }
    right
    {
        type            calculated;
        value           uniform 0;
    }
    empty
    {
        type            empty;
        value           nonuniform List<scalar> 0();
    }
}


// ************************************************************************* //
