/*--------------------------------*- C++ -*----------------------------------*\
| =========                 |                                                 |
| \\      /  F ield         | OpenFOAM: The Open Source CFD Toolbox           |
|  \\    /   O peration     | Version:  2106                                  |
|   \\  /    A nd           | Website:  www.openfoam.com                      |
|    \\/     M anipulation  |                                                 |
\*---------------------------------------------------------------------------*/
FoamFile
{
    version     2.0;
    format      ascii;
    arch        "LSB;label=32;scalar=64";
    class       surfaceScalarField;
    location    "0.102";
    object      phi;
}
// * * * * * * * * * * * * * * * * * * * * * * * * * * * * * * * * * * * * * //

dimensions      [0 3 -1 0 0 0 0];

oriented        oriented;

internalField   nonuniform List<scalar> 
799
(
1.69978e-32
4.39879e-32
5.63395e-32
4.46583e-32
1.85709e-32
-4.90947e-32
-1.09503e-31
-1.56401e-31
-1.67465e-31
-1.30713e-31
-7.59221e-32
-1.46512e-32
2.28161e-32
3.15486e-32
8.95285e-33
-3.12859e-32
-8.31851e-32
-1.36548e-31
-1.77525e-31
-2.06147e-31
-1.98624e-31
-1.63125e-31
-1.02542e-31
-3.23481e-32
7.67212e-33
1.62073e-32
-2.60207e-32
-9.72068e-32
-1.64062e-31
-2.17215e-31
-2.20623e-31
-1.93878e-31
-1.48097e-31
-9.36013e-32
-6.92627e-32
-5.87313e-32
-7.64738e-32
-1.14912e-31
-1.45328e-31
-1.82553e-31
-1.92046e-31
-1.80082e-31
-1.57123e-31
-1.10903e-31
-8.61439e-32
-7.63112e-32
-9.26707e-32
-1.42068e-31
-1.82446e-31
-2.19147e-31
-2.21475e-31
-1.88015e-31
-1.45203e-31
-9.12509e-32
-6.71703e-32
-7.36441e-32
-1.07046e-31
-1.66421e-31
-2.12098e-31
-2.37503e-31
-2.24577e-31
-1.71653e-31
-1.09765e-31
-5.50336e-32
-4.24081e-32
-8.33281e-32
-1.57287e-31
-2.40955e-31
-2.86515e-31
-2.69122e-31
-1.97849e-31
-9.61882e-32
-1.98183e-32
-3.33878e-33
-5.04488e-32
-1.44235e-31
-2.30738e-31
-2.75342e-31
-2.63791e-31
-2.04475e-31
-1.3815e-31
-8.90472e-32
-7.35709e-32
-8.84528e-32
-1.12434e-31
-1.38231e-31
-1.57651e-31
-1.75624e-31
-1.95753e-31
-2.07836e-31
-2.05682e-31
-1.74366e-31
-1.21612e-31
-6.80094e-32
-3.51467e-32
-5.38373e-32
-1.12229e-31
-1.93801e-31
-2.62954e-31
-2.76106e-31
-2.40617e-31
-1.54628e-31
-6.35794e-32
-1.01217e-32
-8.61402e-34
-5.85817e-32
-1.3762e-31
-2.11176e-31
-2.54872e-31
-2.37637e-31
-1.93563e-31
-1.30571e-31
-8.36997e-32
-7.48886e-32
-8.61017e-32
-1.16499e-31
-1.33119e-31
-1.30402e-31
-1.17446e-31
-1.03338e-31
-1.13045e-31
-1.43325e-31
-1.84646e-31
-2.15255e-31
-2.13623e-31
-1.78741e-31
-1.19163e-31
-5.94962e-32
-2.14784e-32
-1.59153e-32
-4.56607e-32
-9.78403e-32
-1.58605e-31
-2.13736e-31
-2.45413e-31
-2.47963e-31
-2.14066e-31
-1.49746e-31
-7.58257e-32
-1.08699e-32
1.45943e-32
-7.79654e-33
-7.08329e-32
-1.54861e-31
-2.19535e-31
-2.4587e-31
-2.22216e-31
-1.61817e-31
-9.89384e-32
-5.54773e-32
-5.45496e-32
-8.89795e-32
-1.35841e-31
-1.72792e-31
-1.73182e-31
-1.40151e-31
-8.92176e-32
-4.73628e-32
-4.44168e-32
-8.43196e-32
-1.55292e-31
-2.2199e-31
-2.48787e-31
-2.17737e-31
-1.37399e-31
-4.78919e-32
1.03474e-32
2.58345e-33
-6.37724e-32
-1.53581e-31
-2.24195e-31
-2.30934e-31
-1.84383e-31
-1.06753e-31
-4.39022e-32
-3.73179e-32
-7.31075e-32
-1.41804e-31
-1.91219e-31
-1.93187e-31
-1.56747e-31
-8.5576e-32
-3.59111e-32
-2.22597e-32
-5.11169e-32
-1.18261e-31
-1.73994e-31
-2.10208e-31
-2.02272e-31
-1.54947e-31
-9.93359e-32
-4.31308e-32
-1.98281e-32
-2.80881e-32
-5.93563e-32
-1.07618e-31
-1.44932e-31
-1.68866e-31
-1.7235e-31
-1.54441e-31
-1.27687e-31
-9.19571e-32
-5.79813e-32
-3.52558e-32
-2.77981e-32
-4.60818e-32
-8.48279e-32
-1.3019e-31
-1.6571e-31
-1.67667e-31
-1.32417e-31
-7.29905e-32
-1.43662e-32
8.17918e-33
-1.86973e-32
-8.47891e-32
-1.58235e-31
-1.93527e-31
-1.65434e-31
-8.06032e-32
2.47159e-32
9.4035e-32
8.69136e-32
3.35157e-33
-1.22583e-31
-2.23956e-31
-2.45336e-31
-1.74548e-31
-3.43237e-32
1.03898e-31
1.76817e-31
1.56512e-31
4.80556e-32
-8.31583e-32
-1.77534e-31
-1.93111e-31
-1.17361e-31
1.52269e-33
1.17688e-31
1.82606e-31
1.72042e-31
1.10612e-31
2.73756e-32
-3.25378e-32
-4.0419e-32
9.7787e-34
7.46328e-32
1.46261e-31
1.86859e-31
1.87024e-31
1.6102e-31
1.33025e-31
1.33574e-31
1.73415e-31
2.33748e-31
2.92599e-31
3.13906e-31
2.90206e-31
2.46117e-31
2.09414e-31
2.23696e-31
2.96718e-31
4.02677e-31
5.09016e-31
5.68938e-31
5.70129e-31
5.35093e-31
4.91458e-31
4.81314e-31
5.19065e-31
5.87078e-31
6.72807e-31
7.45559e-31
7.98536e-31
8.45787e-31
8.84625e-31
9.33292e-31
9.84863e-31
1.02968e-30
1.07797e-30
1.12197e-30
1.17815e-30
1.24827e-30
1.32104e-30
1.39555e-30
1.45853e-30
1.52099e-30
1.59936e-30
1.70552e-30
1.84122e-30
1.98286e-30
2.09932e-30
2.16627e-30
2.19137e-30
2.20653e-30
2.26348e-30
2.39725e-30
2.60145e-30
2.84261e-30
3.05462e-30
3.19928e-30
3.27415e-30
3.31154e-30
3.37899e-30
3.51102e-30
3.71949e-30
3.97381e-30
4.2184e-30
4.42724e-30
4.58657e-30
4.72739e-30
4.889e-30
5.08942e-30
5.33765e-30
5.60184e-30
5.85685e-30
6.09059e-30
6.30265e-30
6.52698e-30
6.78131e-30
7.07696e-30
7.4079e-30
7.73929e-30
8.05725e-30
8.34738e-30
8.62141e-30
8.91457e-30
9.24143e-30
9.62442e-30
1.00476e-29
1.0479e-29
1.0899e-29
1.12752e-29
1.16256e-29
1.1975e-29
1.23541e-29
1.28052e-29
1.33162e-29
1.38741e-29
1.44353e-29
1.49471e-29
1.53949e-29
1.57814e-29
1.61098e-29
1.65987e-29
1.71975e-29
1.86237e-29
2.1114e-29
2.47974e-29
3.17425e-29
3.44948e-29
3.73519e-29
2.03508e-29
-2.23286e-29
-7.36288e-29
-1.79144e-28
-1.69704e-28
-1.08828e-28
1.79279e-28
8.236e-28
1.18906e-27
1.83164e-27
1.07014e-27
-7.47631e-28
-3.02282e-27
-7.52911e-27
-7.19939e-27
-5.91695e-27
1.76252e-27
1.68906e-26
2.26824e-26
3.30633e-26
1.66629e-26
-1.35964e-26
-4.09926e-26
-9.04808e-26
-7.13076e-26
-4.21799e-26
3.15851e-26
1.5464e-25
1.6275e-25
1.92013e-25
5.43264e-26
-1.45585e-25
-2.41547e-25
-4.15696e-25
-2.36508e-25
-3.16279e-26
2.19169e-25
5.89211e-25
4.55172e-25
3.8305e-25
-3.70685e-26
-5.43986e-25
-5.80034e-25
-7.54236e-25
-2.54562e-25
2.23644e-25
5.06864e-25
9.15308e-25
5.06874e-25
2.23659e-25
-2.54549e-25
-7.54231e-25
-5.80039e-25
-5.43999e-25
-3.70825e-26
3.83041e-25
4.5517e-25
5.89215e-25
2.19177e-25
-3.16222e-26
-2.36507e-25
-4.15697e-25
-2.41552e-25
-1.4559e-25
5.43227e-26
1.92011e-25
1.6275e-25
1.5464e-25
3.15854e-26
-4.21803e-26
-7.13083e-26
-9.04816e-26
-4.09936e-26
-1.35973e-26
1.66619e-26
3.30623e-26
2.26814e-26
1.68897e-26
1.76175e-27
-5.91763e-27
-7.19998e-27
-7.52964e-27
-3.02338e-27
-7.48211e-28
1.0695e-27
1.83098e-27
1.18838e-27
8.2294e-28
1.78692e-28
-1.09334e-28
-1.70109e-28
-1.79482e-28
-7.39649e-29
-2.27087e-29
1.98654e-29
3.67845e-29
3.38954e-29
3.11847e-29
2.4368e-29
2.08216e-29
1.8452e-29
1.70739e-29
1.6435e-29
1.5862e-29
1.54234e-29
1.49614e-29
1.44984e-29
1.40256e-29
1.35626e-29
1.31186e-29
1.27074e-29
1.23216e-29
1.19375e-29
1.15343e-29
1.10974e-29
1.06361e-29
1.01857e-29
9.77328e-30
9.42545e-30
9.13538e-30
8.87361e-30
8.61431e-30
8.32154e-30
7.99741e-30
7.64956e-30
7.29838e-30
6.9754e-30
6.68655e-30
6.4455e-30
6.24084e-30
6.05274e-30
5.86409e-30
5.64783e-30
5.39921e-30
5.12816e-30
4.85718e-30
4.62052e-30
4.44061e-30
4.31118e-30
4.21356e-30
4.10454e-30
3.94908e-30
3.74815e-30
3.50845e-30
3.28113e-30
3.10239e-30
2.98267e-30
2.92662e-30
2.88228e-30
2.81883e-30
2.70885e-30
2.53927e-30
2.34958e-30
2.16531e-30
2.02801e-30
1.95933e-30
1.94105e-30
1.94904e-30
1.93391e-30
1.85878e-30
1.71827e-30
1.53247e-30
1.35159e-30
1.23065e-30
1.19428e-30
1.23434e-30
1.30375e-30
1.33733e-30
1.29581e-30
1.16976e-30
9.97663e-31
8.37145e-31
7.36089e-31
7.15349e-31
7.52121e-31
8.08877e-31
8.37492e-31
8.18123e-31
7.51484e-31
6.55849e-31
5.67346e-31
4.974e-31
4.65442e-31
4.61209e-31
4.69824e-31
4.82885e-31
4.71231e-31
4.45318e-31
3.98523e-31
3.47491e-31
3.17953e-31
3.00204e-31
3.11907e-31
3.21138e-31
3.1177e-31
2.85205e-31
2.25654e-31
1.76563e-31
1.46976e-31
1.48775e-31
1.88819e-31
2.23106e-31
2.44449e-31
2.30674e-31
1.82929e-31
1.34783e-31
9.08467e-32
7.21508e-32
7.06275e-32
6.61625e-32
6.31299e-32
5.47762e-32
6.18845e-32
9.77959e-32
1.4581e-31
1.91358e-31
1.89983e-31
1.23088e-31
1.17903e-32
-1.11781e-31
-1.7375e-31
-1.40798e-31
-2.15924e-32
1.45834e-31
2.65018e-31
2.85592e-31
1.87691e-31
2.08674e-33
-1.69967e-31
-2.65578e-31
-2.30244e-31
-7.87164e-32
1.02979e-31
2.47377e-31
2.7155e-31
1.72198e-31
5.82443e-33
-1.63824e-31
-2.4106e-31
-2.08542e-31
-8.86582e-32
6.5678e-32
1.65398e-31
1.87101e-31
1.23462e-31
1.17181e-32
-8.3474e-32
-1.42261e-31
-1.39242e-31
-9.55058e-32
-4.05619e-32
1.63619e-32
4.82882e-32
6.52988e-32
6.3983e-32
4.29048e-32
1.47996e-32
-2.67968e-32
-6.29636e-32
-8.91435e-32
-9.85598e-32
-8.51058e-32
-5.90689e-32
-1.99296e-32
1.72807e-32
4.95314e-32
6.47225e-32
5.66554e-32
2.89251e-32
-2.1548e-32
-6.76468e-32
-1.04741e-31
-1.14524e-31
-9.07316e-32
-5.51764e-32
-3.90377e-33
3.14685e-32
4.90044e-32
5.11966e-32
2.54674e-32
-2.12003e-33
-3.97735e-32
-7.3199e-32
-8.77096e-32
-9.09415e-32
-6.51211e-32
-2.81223e-32
1.10515e-32
4.26217e-32
4.58507e-32
3.00611e-32
-5.14133e-33
-4.38766e-32
-7.04221e-32
-8.15165e-32
-6.95931e-32
-4.3517e-32
-1.09989e-32
1.68549e-32
3.02537e-32
2.4553e-32
4.41158e-33
-2.02824e-32
-3.91957e-32
-3.92679e-32
-3.05551e-32
-1.66178e-32
-1.20502e-32
-2.48776e-32
-3.57666e-32
-4.24637e-32
-2.21362e-32
1.74534e-32
5.10071e-32
6.53492e-32
3.09638e-32
-3.02171e-32
-9.22505e-32
-1.22154e-31
-8.97619e-32
-1.86785e-32
6.63362e-32
1.14984e-31
1.01005e-31
3.69989e-32
-5.22544e-32
-1.10649e-31
-1.15806e-31
-6.52138e-32
1.52412e-32
7.5121e-32
9.3215e-32
5.604e-32
-9.82826e-33
-6.44645e-32
-8.4827e-32
-5.25237e-32
6.9621e-33
6.26394e-32
8.75082e-32
6.04953e-32
2.68201e-33
-6.13019e-32
-1.00518e-31
-8.92586e-32
-3.96216e-32
3.19795e-32
9.47633e-32
1.17397e-31
9.9861e-32
4.40241e-32
-2.74377e-32
-8.33928e-32
-1.1426e-31
-1.02985e-31
-5.68398e-32
5.98129e-33
7.54182e-32
1.20849e-31
1.3321e-31
1.06111e-31
3.92408e-32
-3.87277e-32
-1.08953e-31
-1.39807e-31
-1.14197e-31
-4.26654e-32
5.61604e-32
1.37198e-31
1.67405e-31
1.3335e-31
4.49145e-32
-5.48228e-32
-1.23199e-31
-1.28988e-31
-6.86411e-32
2.56803e-32
1.10282e-31
1.46266e-31
1.15879e-31
4.01421e-32
-4.44032e-32
-9.69871e-32
-8.80511e-32
-3.07562e-32
5.1733e-32
1.17086e-31
1.29275e-31
9.51334e-32
2.12018e-32
-4.72203e-32
-7.56785e-32
-6.29719e-32
-6.16899e-34
6.44334e-32
1.07371e-31
1.15979e-31
7.36202e-32
2.25153e-32
-2.57425e-32
-4.80805e-32
-2.84556e-32
4.69596e-33
4.98237e-32
8.06039e-32
8.6217e-32
7.81235e-32
5.37538e-32
3.17791e-32
1.87297e-32
1.1521e-32
1.35833e-32
1.60503e-32
1.42639e-32
1.54561e-32
1.55872e-32
2.54102e-32
4.82558e-32
7.21945e-32
1.01376e-31
1.09963e-31
9.60168e-32
6.09166e-32
2.87498e-33
-4.075e-32
-6.65386e-32
-5.16525e-32
1.87402e-33
6.60583e-32
1.29398e-31
1.52993e-31
1.37836e-31
8.60582e-32
2.24408e-32
-2.65441e-32
-4.70348e-32
-2.57217e-32
5.0172e-33
5.38388e-32
7.42807e-32
7.49713e-32
6.80064e-32
2.32445e-32
1.39081e-32
-1.8507e-32
-2.46566e-32
-4.68202e-33
)
;

boundaryField
{
    left
    {
        type            calculated;
        value           uniform 0;
    }
    right
    {
        type            calculated;
        value           uniform 0;
    }
    empty
    {
        type            empty;
        value           nonuniform List<scalar> 0();
    }
}


// ************************************************************************* //
