/*--------------------------------*- C++ -*----------------------------------*\
| =========                 |                                                 |
| \\      /  F ield         | OpenFOAM: The Open Source CFD Toolbox           |
|  \\    /   O peration     | Version:  v1706                                 |
|   \\  /    A nd           | Web:      www.OpenFOAM.com                      |
|    \\/     M anipulation  |                                                 |
\*---------------------------------------------------------------------------*/
FoamFile
{
    version     2.0;
    format      ascii;
    class       surfaceScalarField;
    location    "0.14";
    object      phi;
}
// * * * * * * * * * * * * * * * * * * * * * * * * * * * * * * * * * * * * * //

dimensions      [0 3 -1 0 0 0 0];
oriented        oriented;


internalField   nonuniform List<scalar> 
799
(
1.41285e-33
2.08993e-33
2.70477e-33
3.75349e-33
3.81213e-33
4.75266e-33
5.08933e-33
5.42009e-33
6.13024e-33
6.17805e-33
6.73014e-33
6.98618e-33
7.16643e-33
7.58342e-33
7.64729e-33
7.92862e-33
8.09671e-33
8.18106e-33
8.38005e-33
8.41571e-33
8.526e-33
8.59258e-33
8.60368e-33
8.65361e-33
8.63434e-33
8.62211e-33
8.59221e-33
8.53305e-33
8.48161e-33
8.41405e-33
8.33867e-33
8.26133e-33
8.17467e-33
8.08975e-33
8.00314e-33
7.91663e-33
7.82785e-33
7.74134e-33
7.65463e-33
7.57536e-33
7.50563e-33
7.43994e-33
7.38074e-33
7.33294e-33
7.29023e-33
7.25458e-33
7.2246e-33
7.20729e-33
7.19868e-33
7.19703e-33
7.20192e-33
7.21321e-33
7.22374e-33
7.24105e-33
7.25985e-33
7.2922e-33
7.32606e-33
7.36518e-33
7.40928e-33
7.44859e-33
7.49338e-33
7.53974e-33
7.59075e-33
7.64151e-33
7.6926e-33
7.7434e-33
7.79116e-33
7.83872e-33
7.88601e-33
7.94098e-33
8.00604e-33
8.07823e-33
8.15933e-33
8.24735e-33
8.34375e-33
8.45021e-33
8.56324e-33
8.68324e-33
8.80615e-33
8.92849e-33
9.05168e-33
9.17676e-33
9.30314e-33
9.42352e-33
9.53335e-33
9.64432e-33
9.74889e-33
9.85798e-33
9.96378e-33
1.00699e-32
1.01737e-32
1.02818e-32
1.03843e-32
1.04927e-32
1.06001e-32
1.07092e-32
1.08145e-32
1.09161e-32
1.10133e-32
1.10941e-32
1.11656e-32
1.12269e-32
1.12777e-32
1.13176e-32
1.13496e-32
1.13745e-32
1.13921e-32
1.14072e-32
1.14206e-32
1.1431e-32
1.14421e-32
1.14482e-32
1.14587e-32
1.14662e-32
1.14796e-32
1.14933e-32
1.15044e-32
1.15101e-32
1.15216e-32
1.15381e-32
1.15577e-32
1.15878e-32
1.16216e-32
1.16607e-32
1.17012e-32
1.17441e-32
1.17896e-32
1.1837e-32
1.18894e-32
1.19453e-32
1.19995e-32
1.20536e-32
1.21123e-32
1.2174e-32
1.22387e-32
1.23023e-32
1.23681e-32
1.2436e-32
1.2508e-32
1.2578e-32
1.26526e-32
1.27284e-32
1.28056e-32
1.28864e-32
1.29654e-32
1.30458e-32
1.31239e-32
1.31994e-32
1.32744e-32
1.33478e-32
1.34138e-32
1.348e-32
1.3541e-32
1.36004e-32
1.36591e-32
1.3711e-32
1.37599e-32
1.38116e-32
1.38558e-32
1.38964e-32
1.39337e-32
1.39697e-32
1.40029e-32
1.40337e-32
1.40655e-32
1.40952e-32
1.41247e-32
1.41552e-32
1.41774e-32
1.41998e-32
1.42144e-32
1.423e-32
1.42421e-32
1.42466e-32
1.42451e-32
1.42398e-32
1.42301e-32
1.42135e-32
1.41842e-32
1.41508e-32
1.41029e-32
1.40488e-32
1.39886e-32
1.39179e-32
1.38381e-32
1.37644e-32
1.36866e-32
1.3611e-32
1.35382e-32
1.34664e-32
1.34051e-32
1.33461e-32
1.32949e-32
1.32472e-32
1.32038e-32
1.31667e-32
1.31385e-32
1.31067e-32
1.30774e-32
1.30508e-32
1.30221e-32
1.29959e-32
1.29716e-32
1.29592e-32
1.29579e-32
1.29733e-32
1.30061e-32
1.30564e-32
1.31239e-32
1.32054e-32
1.3296e-32
1.33942e-32
1.35093e-32
1.3635e-32
1.37674e-32
1.39017e-32
1.40412e-32
1.41774e-32
1.43091e-32
1.44249e-32
1.45304e-32
1.46277e-32
1.47273e-32
1.48321e-32
1.49328e-32
1.50307e-32
1.51278e-32
1.52268e-32
1.53221e-32
1.54142e-32
1.54977e-32
1.55805e-32
1.56565e-32
1.57204e-32
1.57731e-32
1.58124e-32
1.58414e-32
1.58568e-32
1.58541e-32
1.58371e-32
1.57995e-32
1.57445e-32
1.56723e-32
1.5599e-32
1.55135e-32
1.54209e-32
1.53167e-32
1.52032e-32
1.50768e-32
1.49352e-32
1.47789e-32
1.46069e-32
1.44213e-32
1.4223e-32
1.40122e-32
1.37933e-32
1.35671e-32
1.33369e-32
1.31023e-32
1.28736e-32
1.2628e-32
1.23861e-32
1.21514e-32
1.19205e-32
1.16985e-32
1.14931e-32
1.1299e-32
1.11117e-32
1.09317e-32
1.07598e-32
1.05932e-32
1.04324e-32
1.02753e-32
1.01225e-32
9.97496e-33
9.83033e-33
9.68551e-33
9.53787e-33
9.3874e-33
9.23261e-33
9.08488e-33
8.93877e-33
8.79768e-33
8.66104e-33
8.53202e-33
8.40864e-33
8.28934e-33
8.17128e-33
8.06107e-33
7.9565e-33
7.85494e-33
7.75262e-33
7.6514e-33
7.55067e-33
7.45172e-33
7.35712e-33
7.26587e-33
7.17465e-33
7.09049e-33
7.01291e-33
6.93485e-33
6.86113e-33
6.79342e-33
6.73173e-33
6.6595e-33
6.59932e-33
6.54967e-33
6.51356e-33
6.4876e-33
6.47611e-33
6.47321e-33
6.48196e-33
6.49851e-33
6.52202e-33
6.54619e-33
6.5819e-33
6.62465e-33
6.67534e-33
6.738e-33
6.80952e-33
6.89182e-33
6.98813e-33
7.09157e-33
7.20092e-33
7.31437e-33
7.42791e-33
7.5479e-33
7.66446e-33
7.7845e-33
7.89406e-33
8.0069e-33
8.09993e-33
8.19273e-33
8.25874e-33
8.39585e-33
8.25291e-33
9.08949e-33
6.92883e-33
1.24794e-32
1.12561e-33
1.96324e-32
-1.02616e-33
-1.11757e-33
7.36698e-32
-1.59994e-31
3.27419e-31
-3.94937e-31
2.74883e-31
4.22851e-31
-1.87871e-30
3.89101e-30
-5.66861e-30
4.91181e-30
1.02216e-30
-1.35064e-29
3.19356e-29
-4.60177e-29
4.24401e-29
-3.95497e-30
-8.03048e-29
1.84947e-28
-2.66244e-28
2.37381e-28
-1.90574e-29
-3.72467e-28
8.54264e-28
-1.13819e-27
9.12224e-28
-1.63108e-29
-1.53368e-27
3.06221e-27
-3.71896e-27
2.66718e-27
5.96663e-28
-4.98431e-27
8.81646e-27
-9.62394e-27
5.34866e-27
3.11199e-27
-1.34535e-26
2.04359e-26
-1.89328e-26
7.97098e-27
1.08526e-26
-2.90662e-26
3.72787e-26
-3.00709e-26
5.71686e-27
2.53607e-26
-4.99042e-26
5.58164e-26
-3.51218e-26
-3.10086e-27
4.44997e-26
-7.02061e-26
6.46624e-26
-3.15728e-26
-1.79829e-26
6.13596e-26
-7.71868e-26
6.13595e-26
-1.79826e-26
-3.15731e-26
6.46626e-26
-7.02061e-26
4.44995e-26
-3.10064e-27
-3.5122e-26
5.58165e-26
-4.99042e-26
2.53606e-26
5.71702e-27
-3.0071e-26
3.72787e-26
-2.90662e-26
1.08526e-26
7.97107e-27
-1.89328e-26
2.04359e-26
-1.34535e-26
3.11195e-27
5.3487e-27
-9.62396e-27
8.81646e-27
-4.98429e-27
5.96644e-28
2.66719e-27
-3.71897e-27
3.06221e-27
-1.53368e-27
-1.63181e-29
9.12223e-28
-1.13819e-27
8.5426e-28
-3.7247e-28
-1.90624e-29
2.37377e-28
-2.66249e-28
1.84942e-28
-8.03098e-29
-3.96058e-30
4.24343e-29
-4.60237e-29
3.19291e-29
-1.35129e-29
1.01542e-30
4.90482e-30
-5.67572e-30
3.88364e-30
-1.8862e-30
4.15244e-31
2.67191e-31
-4.02695e-31
3.19601e-31
-1.67867e-31
6.57525e-32
-9.10002e-33
-9.0562e-33
1.1545e-32
-6.98601e-33
4.33071e-33
-1.21875e-33
9.23845e-34
8.83031e-35
2.25695e-34
1.21875e-34
8.16263e-35
5.16071e-35
3.17854e-35
2.40741e-35
2.63311e-35
3.61112e-35
5.02171e-35
6.16899e-35
7.52316e-35
1.00904e-34
1.21123e-34
1.47078e-34
1.71528e-34
1.97107e-34
2.1441e-34
2.28516e-34
2.40177e-34
2.5118e-34
2.54659e-34
2.58797e-34
2.52778e-34
2.50145e-34
2.3785e-34
2.28516e-34
2.15162e-34
1.95273e-34
1.73033e-34
1.45714e-34
1.12095e-34
7.20343e-35
2.73655e-35
-2.41211e-35
-7.73534e-35
-1.34847e-34
-1.89819e-34
-2.50051e-34
-3.10331e-34
-3.72397e-34
-4.43491e-34
-5.04804e-34
-5.74394e-34
-6.32698e-34
-6.90485e-34
-7.38775e-34
-7.85418e-34
-8.29805e-34
-8.65164e-34
-8.96761e-34
-9.19049e-34
-9.37921e-34
-9.47542e-34
-9.43405e-34
-9.34377e-34
-9.08798e-34
-8.78706e-34
-8.42971e-34
-8.05167e-34
-7.67363e-34
-7.26738e-34
-6.83668e-34
-6.42478e-34
-6.02582e-34
-5.68751e-34
-5.41856e-34
-5.19098e-34
-5.09694e-34
-5.06655e-34
-5.15034e-34
-5.39264e-34
-5.67569e-34
-5.99925e-34
-6.32859e-34
-6.7325e-34
-7.1198e-34
-7.54254e-34
-7.96302e-34
-8.39329e-34
-8.82213e-34
-9.2858e-34
-9.74107e-34
-1.01932e-33
-1.06406e-33
-1.10169e-33
-1.12672e-33
-1.15597e-33
-1.188e-33
-1.22129e-33
-1.25449e-33
-1.29323e-33
-1.3316e-33
-1.36621e-33
-1.4121e-33
-1.47304e-33
-1.53924e-33
-1.61146e-33
-1.69948e-33
-1.78299e-33
-1.86781e-33
-1.94775e-33
-2.02636e-33
-2.10197e-33
-2.17522e-33
-2.25168e-33
-2.32409e-33
-2.38936e-33
-2.45105e-33
-2.50793e-33
-2.56239e-33
-2.60565e-33
-2.64251e-33
-2.66964e-33
-2.67782e-33
-2.6742e-33
-2.65699e-33
-2.62744e-33
-2.5865e-33
-2.53617e-33
-2.47623e-33
-2.40612e-33
-2.33179e-33
-2.24456e-33
-2.1521e-33
-2.05439e-33
-1.95386e-33
-1.85119e-33
-1.73742e-33
-1.62054e-33
-1.49824e-33
-1.36884e-33
-1.23681e-33
-1.11418e-33
-9.8403e-34
-8.57641e-34
-7.38022e-34
-6.25927e-34
-5.26621e-34
-4.30325e-34
-3.46066e-34
-2.70834e-34
-2.08204e-34
-1.55353e-34
-1.10355e-34
-6.80964e-35
-2.48646e-35
1.31714e-35
4.99997e-35
8.60227e-35
1.18208e-34
1.59585e-34
1.98612e-34
2.53531e-34
3.21991e-34
3.95718e-34
4.78661e-34
5.62168e-34
6.46898e-34
7.4243e-34
8.42594e-34
9.53937e-34
1.06979e-33
1.19317e-33
1.31354e-33
1.43203e-33
1.54225e-33
1.65058e-33
1.75755e-33
1.87026e-33
1.97257e-33
2.07489e-33
2.16216e-33
2.23626e-33
2.30293e-33
2.35762e-33
2.3997e-33
2.43788e-33
2.46797e-33
2.49017e-33
2.50709e-33
2.52477e-33
2.53719e-33
2.55153e-33
2.57217e-33
2.59897e-33
2.62558e-33
2.65116e-33
2.67072e-33
2.68342e-33
2.69745e-33
2.70866e-33
2.72585e-33
2.73865e-33
2.74607e-33
2.7465e-33
2.7484e-33
2.75282e-33
2.75498e-33
2.75573e-33
2.75649e-33
2.75498e-33
2.76232e-33
2.77069e-33
2.77929e-33
2.79399e-33
2.8135e-33
2.83755e-33
2.87225e-33
2.91748e-33
2.96563e-33
3.01604e-33
3.06456e-33
3.11309e-33
3.16274e-33
3.21249e-33
3.25734e-33
3.28725e-33
3.30551e-33
3.3055e-33
3.2981e-33
3.28699e-33
3.26722e-33
3.24136e-33
3.20675e-33
3.16575e-33
3.11309e-33
3.06042e-33
3.00024e-33
2.9408e-33
2.88739e-33
2.84185e-33
2.79937e-33
2.76251e-33
2.73617e-33
2.71285e-33
2.70683e-33
2.70608e-33
2.71266e-33
2.72162e-33
2.72581e-33
2.73481e-33
2.7351e-33
2.73423e-33
2.72876e-33
2.71082e-33
2.68456e-33
2.6507e-33
2.60363e-33
2.56002e-33
2.50655e-33
2.45214e-33
2.39625e-33
2.33963e-33
2.28903e-33
2.23001e-33
2.17606e-33
2.12637e-33
2.08007e-33
2.03974e-33
2.00351e-33
1.97351e-33
1.94925e-33
1.92593e-33
1.90938e-33
1.9169e-33
1.91991e-33
1.93646e-33
1.96054e-33
1.98762e-33
2.01771e-33
2.03878e-33
2.05002e-33
2.04752e-33
2.03716e-33
2.00921e-33
1.9783e-33
1.9403e-33
1.9012e-33
1.85253e-33
1.79841e-33
1.73785e-33
1.66901e-33
1.59303e-33
1.51366e-33
1.42564e-33
1.34439e-33
1.25863e-33
1.1769e-33
1.09838e-33
1.01525e-33
9.37527e-34
8.64976e-34
7.95951e-34
7.42536e-34
6.90626e-34
6.45487e-34
6.14642e-34
5.82575e-34
5.672e-34
5.55633e-34
5.47122e-34
5.6198e-34
5.7176e-34
6.07872e-34
6.30359e-34
6.69562e-34
7.5683e-34
7.69432e-34
8.89614e-34
9.44157e-34
9.85723e-34
1.18565e-33
1.11493e-33
1.35567e-33
1.41285e-33
1.36489e-33
1.8191e-33
1.50021e-33
1.94098e-33
2.05984e-33
1.70324e-33
2.67373e-33
1.84675e-33
2.49543e-33
2.8526e-33
1.77848e-33
3.67243e-33
2.08749e-33
2.98444e-33
3.74296e-33
1.83415e-33
4.55227e-33
2.40741e-33
2.89341e-33
3.16142e-33
)
;

boundaryField
{
    left
    {
        type            calculated;
        value           uniform 0;
    }
    right
    {
        type            calculated;
        value           uniform 0;
    }
    empty
    {
        type            empty;
        value           nonuniform 0();
    }
}


// ************************************************************************* //
