/*--------------------------------*- C++ -*----------------------------------*\
| =========                 |                                                 |
| \\      /  F ield         | OpenFOAM: The Open Source CFD Toolbox           |
|  \\    /   O peration     | Version:  2106                                  |
|   \\  /    A nd           | Website:  www.openfoam.com                      |
|    \\/     M anipulation  |                                                 |
\*---------------------------------------------------------------------------*/
FoamFile
{
    version     2.0;
    format      ascii;
    arch        "LSB;label=32;scalar=64";
    class       surfaceScalarField;
    location    "0.117";
    object      phi;
}
// * * * * * * * * * * * * * * * * * * * * * * * * * * * * * * * * * * * * * //

dimensions      [0 3 -1 0 0 0 0];

oriented        oriented;

internalField   nonuniform List<scalar> 
799
(
1.66352e-32
4.32657e-32
5.52561e-32
4.32115e-32
1.67631e-32
-5.12553e-32
-1.12012e-31
-1.59256e-31
-1.7067e-31
-1.34267e-31
-7.98257e-32
-1.89012e-32
1.82227e-32
2.66156e-32
3.6809e-33
-3.68952e-32
-8.91314e-32
-1.42827e-31
-1.84136e-31
-2.13088e-31
-2.05888e-31
-1.70715e-31
-1.10451e-31
-4.05739e-32
-8.68173e-34
7.35276e-33
-3.51851e-32
-1.06678e-31
-1.73834e-31
-2.27285e-31
-2.30985e-31
-2.04528e-31
-1.59037e-31
-1.04818e-31
-8.0757e-32
-7.04971e-32
-8.8507e-32
-1.2721e-31
-1.57884e-31
-1.95368e-31
-2.05113e-31
-1.93393e-31
-1.70674e-31
-1.24692e-31
-1.00165e-31
-9.05586e-32
-1.07139e-31
-1.56752e-31
-1.97343e-31
-2.34255e-31
-2.36787e-31
-2.03528e-31
-1.60912e-31
-1.0715e-31
-8.32548e-32
-8.99091e-32
-1.2349e-31
-1.83033e-31
-2.28871e-31
-2.54434e-31
-2.41665e-31
-1.88898e-31
-1.27157e-31
-7.25698e-32
-6.0083e-32
-1.01137e-31
-1.75227e-31
-2.5902e-31
-3.047e-31
-2.87418e-31
-2.16255e-31
-1.14703e-31
-3.84362e-32
-2.20549e-32
-6.92582e-32
-1.63136e-31
-2.49721e-31
-2.94405e-31
-2.82932e-31
-2.23689e-31
-1.57435e-31
-1.08399e-31
-9.29857e-32
-1.07927e-31
-1.31965e-31
-1.57813e-31
-1.77282e-31
-1.953e-31
-2.15469e-31
-2.27589e-31
-2.25471e-31
-1.94189e-31
-1.41463e-31
-8.78826e-32
-5.50455e-32
-7.37556e-32
-1.32163e-31
-2.13752e-31
-2.82921e-31
-2.96083e-31
-2.606e-31
-1.74614e-31
-8.35699e-32
-3.01152e-32
-2.08572e-32
-7.85729e-32
-1.57601e-31
-2.31148e-31
-2.74835e-31
-2.5759e-31
-2.13505e-31
-1.50495e-31
-1.03603e-31
-9.47768e-32
-1.05971e-31
-1.36348e-31
-1.52946e-31
-1.50204e-31
-1.37222e-31
-1.23087e-31
-1.32764e-31
-1.63015e-31
-2.04302e-31
-2.34876e-31
-2.33212e-31
-1.98291e-31
-1.38678e-31
-7.89722e-32
-4.09129e-32
-3.5306e-32
-6.50076e-32
-1.1714e-31
-1.7786e-31
-2.32947e-31
-2.64578e-31
-2.67079e-31
-2.33129e-31
-1.68755e-31
-9.47787e-32
-2.97668e-32
-4.24528e-33
-2.65766e-32
-8.95509e-32
-1.73516e-31
-2.38128e-31
-2.64395e-31
-2.40669e-31
-1.80198e-31
-1.17239e-31
-7.37014e-32
-7.26931e-32
-1.07038e-31
-1.53815e-31
-1.90682e-31
-1.90979e-31
-1.57851e-31
-1.06812e-31
-6.48482e-32
-6.17862e-32
-1.01573e-31
-1.72426e-31
-2.38998e-31
-2.65661e-31
-2.34473e-31
-1.53986e-31
-6.43285e-32
-5.93277e-33
-1.35319e-32
-7.97094e-32
-1.69333e-31
-2.39754e-31
-2.4629e-31
-1.99519e-31
-1.21662e-31
-5.85754e-32
-5.17413e-32
-8.72706e-32
-1.55687e-31
-2.04808e-31
-2.06466e-31
-1.69698e-31
-9.81826e-32
-4.81543e-32
-3.41223e-32
-6.25747e-32
-1.29292e-31
-1.84572e-31
-2.20308e-31
-2.1187e-31
-1.64023e-31
-1.07861e-31
-5.10705e-32
-2.71526e-32
-3.47627e-32
-6.53454e-32
-1.12883e-31
-1.49434e-31
-1.72565e-31
-1.75202e-31
-1.56398e-31
-1.28702e-31
-9.19737e-32
-5.69582e-32
-3.31358e-32
-2.45233e-32
-4.15918e-32
-7.90567e-32
-1.23074e-31
-1.57184e-31
-1.57661e-31
-1.20849e-31
-5.97804e-32
5.68751e-34
2.49242e-32
-5.43078e-35
-6.4156e-32
-1.35512e-31
-1.68615e-31
-1.38225e-31
-5.09845e-32
5.68571e-32
1.28815e-31
1.2446e-31
4.37946e-32
-7.91125e-32
-1.77318e-31
-1.95386e-31
-1.21133e-31
2.27173e-32
1.64723e-31
2.41594e-31
2.25418e-31
1.21269e-31
-5.44997e-33
-9.51367e-32
-1.05821e-31
-2.49731e-32
9.92162e-32
2.20915e-31
2.91594e-31
2.87028e-31
2.3184e-31
1.55098e-31
1.01934e-31
1.01074e-31
1.4977e-31
2.31009e-31
3.10513e-31
3.59284e-31
3.67932e-31
3.50727e-31
3.31859e-31
3.41873e-31
3.9152e-31
4.62014e-31
5.3139e-31
5.63587e-31
5.5117e-31
5.18752e-31
4.94115e-31
5.2087e-31
6.06791e-31
7.26077e-31
8.46184e-31
9.20318e-31
9.36179e-31
9.16275e-31
8.88248e-31
8.942e-31
9.4853e-31
1.03363e-30
1.13695e-30
1.22782e-30
1.29944e-30
1.36588e-30
1.42444e-30
1.49339e-30
1.56579e-30
1.63202e-30
1.7023e-30
1.76887e-30
1.8482e-30
1.94208e-30
2.0392e-30
2.13867e-30
2.22724e-30
2.3159e-30
2.4211e-30
2.55471e-30
2.71851e-30
2.88887e-30
3.0347e-30
3.13167e-30
3.18743e-30
3.2339e-30
3.32282e-30
3.4892e-30
3.72665e-30
4.00172e-30
4.2483e-30
4.42817e-30
4.53889e-30
4.61279e-30
4.71737e-30
4.88717e-30
5.13405e-30
5.42741e-30
5.71165e-30
5.96076e-30
6.16096e-30
6.34325e-30
6.54691e-30
6.78998e-30
7.08142e-30
7.38937e-30
7.68869e-30
7.96727e-30
8.22469e-30
8.4949e-30
8.79559e-30
9.13807e-30
9.51631e-30
9.89543e-30
1.02616e-29
1.06002e-29
1.09232e-29
1.12657e-29
1.16422e-29
1.20752e-29
1.25486e-29
1.30306e-29
1.35014e-29
1.39286e-29
1.43302e-29
1.47311e-29
1.51618e-29
1.56646e-29
1.62273e-29
1.6837e-29
1.74501e-29
1.80139e-29
1.85135e-29
1.89518e-29
1.9332e-29
1.98726e-29
2.05229e-29
2.20004e-29
2.45418e-29
2.8276e-29
3.52717e-29
3.80744e-29
4.09814e-29
2.40299e-29
-1.86003e-29
-6.98518e-29
-1.75319e-28
-1.65831e-28
-1.04908e-28
1.83245e-28
8.27612e-28
1.19312e-27
1.83574e-27
1.07428e-27
-7.43441e-28
-3.01859e-27
-7.52483e-27
-7.19508e-27
-5.9126e-27
1.76691e-27
1.68951e-26
2.26868e-26
3.30678e-26
1.66674e-26
-1.35919e-26
-4.0988e-26
-9.04762e-26
-7.13029e-26
-4.21752e-26
3.15899e-26
1.54644e-25
1.62755e-25
1.92018e-25
5.43312e-26
-1.4558e-25
-2.41542e-25
-4.15691e-25
-2.36504e-25
-3.1623e-26
2.19174e-25
5.89216e-25
4.55177e-25
3.83055e-25
-3.70635e-26
-5.43981e-25
-5.80029e-25
-7.54231e-25
-2.54557e-25
2.23649e-25
5.06869e-25
9.15313e-25
5.06879e-25
2.23664e-25
-2.54544e-25
-7.54226e-25
-5.80034e-25
-5.43994e-25
-3.70775e-26
3.83046e-25
4.55175e-25
5.8922e-25
2.19182e-25
-3.16172e-26
-2.36502e-25
-4.15693e-25
-2.41547e-25
-1.45585e-25
5.43276e-26
1.92016e-25
1.62755e-25
1.54644e-25
3.15901e-26
-4.21756e-26
-7.13037e-26
-9.04769e-26
-4.0989e-26
-1.35927e-26
1.66664e-26
3.30667e-26
2.26859e-26
1.68941e-26
1.76612e-27
-5.9133e-27
-7.1957e-27
-7.5254e-27
-3.01918e-27
-7.44051e-28
1.07362e-27
1.83505e-27
1.19241e-27
8.26922e-28
1.82627e-28
-1.05445e-28
-1.66268e-28
-1.75689e-28
-7.02204e-29
-1.90131e-29
2.35117e-29
4.03811e-29
3.7442e-29
3.4681e-29
2.78137e-29
2.42165e-29
2.17958e-29
2.03665e-29
1.96762e-29
1.90517e-29
1.85616e-29
1.80479e-29
1.75332e-29
1.70088e-29
1.64941e-29
1.59985e-29
1.55359e-29
1.50987e-29
1.46634e-29
1.42091e-29
1.37214e-29
1.32094e-29
1.27086e-29
1.22461e-29
1.18484e-29
1.15089e-29
1.11979e-29
1.08898e-29
1.05486e-29
1.01764e-29
9.78096e-30
9.38259e-30
9.01288e-30
8.67776e-30
8.39094e-30
8.141e-30
7.90813e-30
7.67524e-30
7.41527e-30
7.12351e-30
6.80986e-30
6.49686e-30
6.21876e-30
5.99801e-30
5.82833e-30
5.69109e-30
5.54305e-30
5.34918e-30
5.11048e-30
4.83362e-30
4.5698e-30
4.35518e-30
4.20023e-30
4.10958e-30
4.0313e-30
3.93454e-30
3.79191e-30
3.59032e-30
3.36927e-30
3.15428e-30
2.9869e-30
2.88878e-30
2.84171e-30
2.82153e-30
2.77886e-30
2.67682e-30
2.51002e-30
2.29855e-30
2.09261e-30
1.94721e-30
1.887e-30
1.90379e-30
1.95054e-30
1.96203e-30
1.89899e-30
1.75199e-30
1.5595e-30
1.37914e-30
1.25879e-30
1.21928e-30
1.23782e-30
1.27685e-30
1.28826e-30
1.25218e-30
1.16932e-30
1.05795e-30
9.54188e-31
8.69457e-31
8.23165e-31
8.05043e-31
8.00205e-31
8.00239e-31
7.75983e-31
7.37873e-31
6.79286e-31
6.1685e-31
5.76292e-31
5.47896e-31
5.49314e-31
5.48624e-31
5.29677e-31
4.9386e-31
4.25385e-31
3.67696e-31
3.2982e-31
3.23628e-31
3.55977e-31
3.82854e-31
3.97069e-31
3.76439e-31
3.22094e-31
2.67602e-31
2.17564e-31
1.93007e-31
1.85854e-31
1.7598e-31
1.67756e-31
1.54419e-31
1.56746e-31
1.88072e-31
2.31689e-31
2.73024e-31
2.67613e-31
1.96856e-31
8.18611e-32
-4.52548e-32
-1.10612e-31
-8.08951e-32
3.52058e-32
1.99672e-31
3.16024e-31
3.33891e-31
2.33404e-31
4.53323e-32
-1.29076e-31
-2.26933e-31
-1.93735e-31
-4.42467e-32
1.3551e-31
2.78054e-31
3.00463e-31
1.99431e-31
3.14619e-32
-1.39708e-31
-2.1839e-31
-1.87252e-31
-6.86699e-32
8.44298e-32
1.82975e-31
2.03559e-31
1.38857e-31
2.61024e-32
-7.00437e-32
-1.29736e-31
-1.27578e-31
-8.46567e-32
-3.04824e-32
2.57147e-32
5.69519e-32
7.33155e-32
7.13828e-32
4.97226e-32
2.10709e-32
-2.104e-32
-5.76914e-32
-8.43286e-32
-9.41765e-32
-8.11275e-32
-5.54743e-32
-1.66992e-32
2.01651e-32
5.20862e-32
6.69678e-32
5.86085e-32
3.06072e-32
-2.01187e-32
-6.64551e-32
-1.0377e-31
-1.13761e-31
-9.01621e-32
-5.47837e-32
-3.67356e-33
3.15456e-32
4.89367e-32
5.0995e-32
2.51424e-32
-2.55336e-33
-4.03046e-32
-7.38213e-32
-8.84167e-32
-9.17224e-32
-6.59663e-32
-2.9027e-32
1.00931e-32
4.16151e-32
4.47982e-32
2.89682e-32
-6.27658e-33
-4.50442e-32
-7.16186e-32
-8.27383e-32
-7.08353e-32
-4.47734e-32
-1.22652e-32
1.5582e-32
2.89732e-32
2.32723e-32
3.13565e-33
-2.15539e-32
-4.04611e-32
-4.05213e-32
-3.17925e-32
-1.78395e-32
-1.32504e-32
-2.60527e-32
-3.69147e-32
-4.35832e-32
-2.32285e-32
1.63845e-32
4.99613e-32
6.43336e-32
2.99768e-32
-3.1168e-32
-9.31654e-32
-1.23034e-31
-9.06045e-32
-1.94835e-32
6.55689e-32
1.14254e-31
1.00315e-31
3.63474e-32
-5.28623e-32
-1.11206e-31
-1.16312e-31
-6.56697e-32
1.48372e-32
7.47675e-32
9.29126e-32
5.57866e-32
-1.00299e-32
-6.46149e-32
-8.49282e-32
-5.25764e-32
6.95969e-33
6.26905e-32
8.76093e-32
6.0648e-32
2.88551e-33
-6.10468e-32
-1.00214e-31
-8.89042e-32
-3.92162e-32
3.24384e-32
9.52749e-32
1.17963e-31
1.00482e-31
4.46951e-32
-2.67133e-32
-8.26119e-32
-1.13429e-31
-1.02106e-31
-5.59159e-32
6.95027e-33
7.64353e-32
1.2191e-31
1.34315e-31
1.07259e-31
4.04325e-32
-3.74909e-32
-1.07677e-31
-1.38488e-31
-1.12838e-31
-4.1263e-32
5.76049e-32
1.3868e-31
1.68925e-31
1.34911e-31
4.65163e-32
-5.31812e-32
-1.21523e-31
-1.27277e-31
-6.69049e-32
2.7443e-32
1.1207e-31
1.48077e-31
1.17712e-31
4.19973e-32
-4.25269e-32
-9.50913e-32
-8.61387e-32
-2.88265e-32
5.3677e-32
1.19046e-31
1.31249e-31
9.71195e-32
2.31984e-32
-4.52125e-32
-7.36623e-32
-6.09512e-32
1.41135e-33
6.64628e-32
1.09399e-31
1.17998e-31
7.56319e-32
2.4518e-32
-2.37443e-32
-4.60907e-32
-2.6474e-32
6.67004e-33
5.17895e-32
8.25622e-32
8.81647e-32
8.0057e-32
5.56688e-32
3.36714e-32
2.05984e-32
1.33626e-32
1.53958e-32
1.78294e-32
1.60063e-32
1.7163e-32
1.72566e-32
2.70425e-32
4.98507e-32
7.37511e-32
1.02894e-31
1.11446e-31
9.74583e-32
6.23159e-32
4.23028e-33
-3.94409e-32
-6.52725e-32
-5.04307e-32
3.0514e-33
6.7186e-32
1.30475e-31
1.54019e-31
1.38811e-31
8.69828e-32
2.33128e-32
-2.57231e-32
-4.62682e-32
-2.50108e-32
5.67247e-33
5.44361e-32
7.48209e-32
7.54453e-32
6.84187e-32
2.35959e-32
1.41887e-32
-1.82986e-32
-2.45204e-32
-4.61459e-33
)
;

boundaryField
{
    left
    {
        type            calculated;
        value           uniform 0;
    }
    right
    {
        type            calculated;
        value           uniform 0;
    }
    empty
    {
        type            empty;
        value           nonuniform List<scalar> 0();
    }
}


// ************************************************************************* //
