/*--------------------------------*- C++ -*----------------------------------*\
| =========                 |                                                 |
| \\      /  F ield         | OpenFOAM: The Open Source CFD Toolbox           |
|  \\    /   O peration     | Version:  2106                                  |
|   \\  /    A nd           | Website:  www.openfoam.com                      |
|    \\/     M anipulation  |                                                 |
\*---------------------------------------------------------------------------*/
FoamFile
{
    version     2.0;
    format      ascii;
    arch        "LSB;label=32;scalar=64";
    class       surfaceScalarField;
    location    "0.12";
    object      phi;
}
// * * * * * * * * * * * * * * * * * * * * * * * * * * * * * * * * * * * * * //

dimensions      [0 3 -1 0 0 0 0];

oriented        oriented;

internalField   nonuniform List<scalar> 
799
(
1.65705e-32
4.31358e-32
5.5059e-32
4.29512e-32
1.64404e-32
-5.1651e-32
-1.12474e-31
-1.59792e-31
-1.71279e-31
-1.34943e-31
-8.05676e-32
-1.97114e-32
1.73466e-32
2.56762e-32
2.67881e-33
-3.79601e-32
-9.02599e-32
-1.44017e-31
-1.85387e-31
-2.14401e-31
-2.07266e-31
-1.72152e-31
-1.11954e-31
-4.21433e-32
-2.5007e-33
5.6608e-33
-3.6932e-32
-1.08478e-31
-1.7569e-31
-2.29195e-31
-2.32953e-31
-2.06554e-31
-1.61114e-31
-1.06953e-31
-8.29448e-32
-7.27396e-32
-9.08032e-32
-1.29559e-31
-1.60286e-31
-1.97817e-31
-2.07611e-31
-1.95939e-31
-1.73267e-31
-1.27331e-31
-1.02849e-31
-9.32887e-32
-1.09911e-31
-1.5957e-31
-2.00202e-31
-2.37154e-31
-2.39728e-31
-2.06508e-31
-1.63931e-31
-1.10207e-31
-8.63492e-32
-9.304e-32
-1.26652e-31
-1.86234e-31
-2.32107e-31
-2.57704e-31
-2.44971e-31
-1.92229e-31
-1.30518e-31
-7.59603e-32
-6.35015e-32
-1.0458e-31
-1.78695e-31
-2.6251e-31
-3.0822e-31
-2.90963e-31
-2.19824e-31
-1.18295e-31
-4.20503e-32
-2.56901e-32
-7.29145e-32
-1.66815e-31
-2.53419e-31
-2.98125e-31
-2.86663e-31
-2.27434e-31
-1.61194e-31
-1.12172e-31
-9.67727e-32
-1.11727e-31
-1.35776e-31
-1.61635e-31
-1.81113e-31
-1.99142e-31
-2.19321e-31
-2.31453e-31
-2.29344e-31
-1.9807e-31
-1.45352e-31
-9.17811e-32
-5.89485e-32
-7.76661e-32
-1.36081e-31
-2.17673e-31
-2.86845e-31
-3.00007e-31
-2.64526e-31
-1.78543e-31
-8.75012e-32
-3.40476e-32
-2.47911e-32
-8.25114e-32
-1.61537e-31
-2.35084e-31
-2.78767e-31
-2.6152e-31
-2.17439e-31
-1.54433e-31
-1.07545e-31
-9.87129e-32
-1.09902e-31
-1.40272e-31
-1.56865e-31
-1.5412e-31
-1.41134e-31
-1.26994e-31
-1.36666e-31
-1.66911e-31
-2.08193e-31
-2.38761e-31
-2.37088e-31
-2.02158e-31
-1.42538e-31
-8.2824e-32
-4.47561e-32
-3.9141e-32
-6.8833e-32
-1.20956e-31
-1.81667e-31
-2.36743e-31
-2.68362e-31
-2.70852e-31
-2.3689e-31
-1.72504e-31
-9.8515e-32
-3.34896e-32
-7.95478e-33
-3.02709e-32
-9.32301e-32
-1.77177e-31
-2.4177e-31
-2.68019e-31
-2.4428e-31
-1.83788e-31
-1.20812e-31
-7.72569e-32
-7.6226e-32
-1.1055e-31
-1.57304e-31
-1.94146e-31
-1.94417e-31
-1.61259e-31
-1.1019e-31
-6.81975e-32
-6.51085e-32
-1.04862e-31
-1.7568e-31
-2.42215e-31
-2.68843e-31
-2.37616e-31
-1.57091e-31
-6.73895e-32
-8.94655e-33
-1.6493e-32
-8.26224e-32
-1.72193e-31
-2.42556e-31
-2.49036e-31
-2.02208e-31
-1.24283e-31
-6.11212e-32
-5.42119e-32
-8.96633e-32
-1.57998e-31
-2.07037e-31
-2.08605e-31
-1.71746e-31
-1.00134e-31
-5.0005e-32
-3.58641e-32
-6.42057e-32
-1.30804e-31
-1.85961e-31
-2.21563e-31
-2.12982e-31
-1.64986e-31
-1.08665e-31
-5.17109e-32
-2.7622e-32
-3.50504e-32
-6.54417e-32
-1.12776e-31
-1.49115e-31
-1.72023e-31
-1.74429e-31
-1.55382e-31
-1.27432e-31
-9.04375e-32
-5.51382e-32
-3.10225e-32
-2.21061e-32
-3.88541e-32
-7.59834e-32
-1.19647e-31
-1.53384e-31
-1.53473e-31
-1.16257e-31
-5.47669e-32
6.02154e-33
3.0839e-32
6.34819e-33
-5.72453e-32
-1.2807e-31
-1.60617e-31
-1.29647e-31
-4.18032e-32
6.66695e-32
1.39287e-31
1.35622e-31
5.56737e-32
-6.64856e-32
-1.63909e-31
-1.81164e-31
-1.06065e-31
3.86676e-32
1.81591e-31
2.59417e-31
2.44232e-31
1.41115e-31
1.54707e-32
-7.30996e-32
-8.26254e-32
-5.75522e-34
1.24869e-31
2.47866e-31
3.19892e-31
3.16726e-31
2.62992e-31
1.87755e-31
1.36153e-31
1.36909e-31
1.87272e-31
2.70241e-31
3.51537e-31
4.02164e-31
4.12734e-31
3.97521e-31
3.80708e-31
3.92845e-31
4.44688e-31
5.17448e-31
5.8916e-31
6.23773e-31
6.13844e-31
5.83993e-31
5.6201e-31
5.91495e-31
6.80234e-31
8.02421e-31
9.25511e-31
1.00272e-30
1.02175e-30
1.0051e-30
9.80419e-31
9.89811e-31
1.04768e-30
1.13641e-30
1.24347e-30
1.33817e-30
1.41373e-30
1.4842e-30
1.5469e-30
1.62009e-30
1.69685e-30
1.76753e-30
1.84237e-30
1.91362e-30
1.99773e-30
2.09651e-30
2.19865e-30
2.30324e-30
2.39705e-30
2.49106e-30
2.60172e-30
2.74091e-30
2.91041e-30
3.08658e-30
3.23834e-30
3.34135e-30
3.40327e-30
3.45602e-30
3.55133e-30
3.72421e-30
3.96829e-30
4.25011e-30
4.50353e-30
4.69037e-30
4.80817e-30
4.88925e-30
5.00114e-30
5.17836e-30
5.43276e-30
5.73375e-30
6.02573e-30
6.28268e-30
6.49082e-30
6.68116e-30
6.89297e-30
7.14428e-30
7.44405e-30
7.76044e-30
8.06828e-30
8.35547e-30
8.62158e-30
8.90057e-30
9.21011e-30
9.56152e-30
9.94876e-30
1.0337e-29
1.07122e-29
1.10601e-29
1.13923e-29
1.17441e-29
1.213e-29
1.25724e-29
1.30553e-29
1.35468e-29
1.40271e-29
1.44639e-29
1.48751e-29
1.52856e-29
1.57258e-29
1.62383e-29
1.68106e-29
1.743e-29
1.80527e-29
1.86261e-29
1.91353e-29
1.95832e-29
1.99729e-29
2.0523e-29
2.11828e-29
2.26698e-29
2.52206e-29
2.89642e-29
3.59692e-29
3.8781e-29
4.16972e-29
2.47548e-29
-1.78665e-29
-6.91091e-29
-1.74568e-28
-1.65071e-28
-1.04139e-28
1.84023e-28
8.28398e-28
1.19391e-27
1.83655e-27
1.07509e-27
-7.42623e-28
-3.01776e-27
-7.524e-27
-7.19423e-27
-5.91175e-27
1.76777e-27
1.68959e-26
2.26877e-26
3.30686e-26
1.66683e-26
-1.3591e-26
-4.09871e-26
-9.04753e-26
-7.1302e-26
-4.21743e-26
3.15908e-26
1.54645e-25
1.62756e-25
1.92019e-25
5.43322e-26
-1.45579e-25
-2.41541e-25
-4.1569e-25
-2.36503e-25
-3.1622e-26
2.19175e-25
5.89217e-25
4.55178e-25
3.83056e-25
-3.70625e-26
-5.4398e-25
-5.80028e-25
-7.5423e-25
-2.54556e-25
2.2365e-25
5.0687e-25
9.15314e-25
5.0688e-25
2.23665e-25
-2.54543e-25
-7.54225e-25
-5.80033e-25
-5.43993e-25
-3.70766e-26
3.83047e-25
4.55176e-25
5.89221e-25
2.19183e-25
-3.16163e-26
-2.36501e-25
-4.15692e-25
-2.41546e-25
-1.45584e-25
5.43285e-26
1.92017e-25
1.62756e-25
1.54645e-25
3.1591e-26
-4.21747e-26
-7.13028e-26
-9.04761e-26
-4.09881e-26
-1.35918e-26
1.66673e-26
3.30676e-26
2.26867e-26
1.6895e-26
1.76697e-27
-5.91246e-27
-7.19486e-27
-7.52457e-27
-3.01836e-27
-7.43238e-28
1.07442e-27
1.83584e-27
1.1932e-27
8.27702e-28
1.83399e-28
-1.04682e-28
-1.65513e-28
-1.74943e-28
-6.94835e-29
-1.82851e-29
2.42307e-29
4.1091e-29
3.81428e-29
3.53726e-29
2.84959e-29
2.48894e-29
2.24593e-29
2.10206e-29
2.03208e-29
1.96868e-29
1.91871e-29
1.86639e-29
1.81396e-29
1.76056e-29
1.70813e-29
1.65761e-29
1.61039e-29
1.56571e-29
1.52123e-29
1.47484e-29
1.42512e-29
1.37297e-29
1.32195e-29
1.27475e-29
1.23405e-29
1.19916e-29
1.16714e-29
1.1354e-29
1.10037e-29
1.06224e-29
1.02178e-29
9.8105e-30
9.43187e-30
9.08792e-30
8.79234e-30
8.53373e-30
8.29226e-30
8.05086e-30
7.78248e-30
7.48238e-30
7.16051e-30
6.83938e-30
6.55324e-30
6.32456e-30
6.14704e-30
6.00206e-30
5.8464e-30
5.64502e-30
5.3989e-30
5.11474e-30
4.84372e-30
4.62202e-30
4.4601e-30
4.3626e-30
4.27757e-30
4.17418e-30
4.02503e-30
3.81705e-30
3.58971e-30
3.36855e-30
3.19513e-30
3.09107e-30
3.03817e-30
3.01228e-30
2.96403e-30
2.8565e-30
2.68434e-30
2.46763e-30
2.25656e-30
2.10613e-30
2.041e-30
2.053e-30
2.09504e-30
2.10195e-30
2.03444e-30
1.88307e-30
1.68631e-30
1.5018e-30
1.37739e-30
1.33393e-30
1.34861e-30
1.38389e-30
1.39164e-30
1.352e-30
1.26568e-30
1.15094e-30
1.0439e-30
9.55983e-31
9.06596e-31
8.85464e-31
8.77703e-31
8.74903e-31
8.47891e-31
8.07108e-31
7.45929e-31
6.80981e-31
6.37988e-31
6.07231e-31
6.06363e-31
6.03455e-31
5.82361e-31
5.44473e-31
4.7399e-31
4.14361e-31
3.74609e-31
3.66602e-31
3.97203e-31
4.22392e-31
4.34969e-31
4.12752e-31
3.56879e-31
3.00916e-31
2.49456e-31
2.2353e-31
2.15057e-31
2.03913e-31
1.94466e-31
1.79951e-31
1.81147e-31
2.11382e-31
2.53952e-31
2.94279e-31
2.87897e-31
2.16207e-31
1.00314e-31
-2.76612e-32
-9.38455e-32
-6.49249e-32
5.04163e-32
2.14151e-31
3.29805e-31
3.47004e-31
2.45876e-31
5.71888e-32
-1.17808e-31
-2.16229e-31
-1.83579e-31
-3.46111e-32
1.4465e-31
2.86719e-31
3.08678e-31
2.07212e-31
3.88301e-32
-1.32734e-31
-2.11794e-31
-1.8101e-31
-6.27782e-32
8.99891e-32
1.88221e-31
2.08506e-31
1.43522e-31
3.04989e-32
-6.59044e-32
-1.25841e-31
-1.23914e-31
-8.1211e-32
-2.72466e-32
2.87528e-32
5.97971e-32
7.59772e-32
7.38684e-32
5.20433e-32
2.32406e-32
-1.90208e-32
-5.58148e-32
-8.25855e-32
-9.25571e-32
-7.96259e-32
-5.40855e-32
-1.54135e-32
2.13492e-32
5.31752e-32
6.79673e-32
5.95263e-32
3.14423e-32
-1.93591e-32
-6.57667e-32
-1.03149e-31
-1.13209e-31
-8.96724e-32
-5.43541e-32
-3.29966e-33
3.1873e-32
4.92226e-32
5.12448e-32
2.53628e-32
-2.36679e-33
-4.01481e-32
-7.36931e-32
-8.83114e-32
-9.16427e-32
-6.59112e-32
-2.8995e-32
1.01051e-32
4.16061e-32
4.47771e-32
2.89296e-32
-6.32548e-33
-4.51074e-32
-7.16969e-32
-8.2827e-32
-7.09352e-32
-4.48832e-32
-1.23855e-32
1.54496e-32
2.88348e-32
2.31296e-32
2.99121e-33
-2.17013e-32
-4.0613e-32
-4.06823e-32
-3.19597e-32
-1.80093e-32
-1.3426e-32
-2.62363e-32
-3.71042e-32
-4.37773e-32
-2.34271e-32
1.6193e-32
4.97793e-32
6.41575e-32
2.98098e-32
-3.13281e-32
-9.33173e-32
-1.2318e-31
-9.07429e-32
-1.96129e-32
6.54485e-32
1.14143e-31
1.00209e-31
3.62481e-32
-5.2951e-32
-1.11287e-31
-1.16385e-31
-6.57344e-32
1.47808e-32
7.47201e-32
9.2872e-32
5.57553e-32
-1.0054e-32
-6.4633e-32
-8.4939e-32
-5.25809e-32
6.9633e-33
6.26996e-32
8.76237e-32
6.0666e-32
2.91071e-33
-6.10155e-32
-1.00176e-31
-8.88561e-32
-3.91573e-32
3.25046e-32
9.53516e-32
1.18048e-31
1.00576e-31
4.47989e-32
-2.65997e-32
-8.249e-32
-1.13295e-31
-1.0196e-31
-5.57594e-32
7.11879e-33
7.66159e-32
1.22103e-31
1.34519e-31
1.07476e-31
4.06589e-32
-3.72592e-32
-1.07434e-31
-1.38235e-31
-1.12576e-31
-4.09922e-32
5.78817e-32
1.38965e-31
1.69214e-31
1.35206e-31
4.68151e-32
-5.28788e-32
-1.21219e-31
-1.26965e-31
-6.65841e-32
2.77719e-32
1.12407e-31
1.48422e-31
1.18064e-31
4.23554e-32
-4.21628e-32
-9.47227e-32
-8.57656e-32
-2.84488e-32
5.40584e-32
1.19429e-31
1.31634e-31
9.75047e-32
2.35851e-32
-4.48297e-32
-7.32809e-32
-6.05705e-32
1.7875e-33
6.68359e-32
1.09775e-31
1.18377e-31
7.60137e-32
2.49002e-32
-2.33665e-32
-4.57138e-32
-2.60994e-32
7.03867e-33
5.21483e-32
8.29113e-32
8.85055e-32
8.03865e-32
5.59906e-32
3.39856e-32
2.09009e-32
1.36606e-32
1.56897e-32
1.81231e-32
1.62982e-32
1.74513e-32
1.7541e-32
2.73254e-32
5.01336e-32
7.40332e-32
1.03174e-31
1.11722e-31
9.77328e-32
6.2589e-32
4.49998e-33
-3.91731e-32
-6.50137e-32
-5.01815e-32
3.28612e-33
6.7406e-32
1.30682e-31
1.54211e-31
1.38992e-31
8.71491e-32
2.3467e-32
-2.55835e-32
-4.61373e-32
-2.48904e-32
5.78531e-33
5.45399e-32
7.49157e-32
7.55341e-32
6.84999e-32
2.36658e-32
1.42466e-32
-1.82557e-32
-2.44892e-32
-4.59776e-33
)
;

boundaryField
{
    left
    {
        type            calculated;
        value           uniform 0;
    }
    right
    {
        type            calculated;
        value           uniform 0;
    }
    empty
    {
        type            empty;
        value           nonuniform List<scalar> 0();
    }
}


// ************************************************************************* //
