/*--------------------------------*- C++ -*----------------------------------*\
| =========                 |                                                 |
| \\      /  F ield         | OpenFOAM: The Open Source CFD Toolbox           |
|  \\    /   O peration     | Version:  2106                                  |
|   \\  /    A nd           | Website:  www.openfoam.com                      |
|    \\/     M anipulation  |                                                 |
\*---------------------------------------------------------------------------*/
FoamFile
{
    version     2.0;
    format      ascii;
    arch        "LSB;label=32;scalar=64";
    class       surfaceScalarField;
    location    "0.027";
    object      phi;
}
// * * * * * * * * * * * * * * * * * * * * * * * * * * * * * * * * * * * * * //

dimensions      [0 3 -1 0 0 0 0];

oriented        oriented;

internalField   nonuniform List<scalar> 
799
(
1.9737e-32
4.94648e-32
6.45457e-32
5.55856e-32
3.22067e-32
-3.27619e-32
-9.04818e-32
-1.3471e-31
-1.43126e-31
-1.03746e-31
-4.63487e-32
1.75046e-32
5.75277e-32
6.87881e-32
4.86881e-32
1.0913e-32
-3.85592e-32
-8.95317e-32
-1.28159e-31
-1.54472e-31
-1.44676e-31
-1.06952e-31
-4.41896e-32
2.81396e-32
7.02513e-32
8.08308e-32
4.06048e-32
-2.86302e-32
-9.35803e-32
-1.44877e-31
-1.46479e-31
-1.1798e-31
-7.04928e-32
-1.43418e-32
1.16002e-32
2.36833e-32
7.4421e-33
-2.95463e-32
-5.85611e-32
-9.44355e-32
-1.02627e-31
-8.94107e-32
-6.52469e-32
-1.78728e-32
7.99552e-33
1.88899e-32
3.54153e-33
-4.48892e-32
-8.43452e-32
-1.20169e-31
-1.21664e-31
-8.74128e-32
-4.38516e-32
1.0809e-32
3.5557e-32
2.97122e-32
-3.10105e-33
-6.19247e-32
-1.0708e-31
-1.32003e-31
-1.18631e-31
-6.52981e-32
-3.0324e-33
5.20443e-32
6.49836e-32
2.4351e-32
-4.93505e-32
-1.3279e-31
-1.7815e-31
-1.6058e-31
-8.91561e-32
1.26291e-32
8.90991e-32
1.05657e-31
5.86024e-32
-3.51512e-32
-1.21638e-31
-1.66247e-31
-1.54717e-31
-9.54419e-32
-2.91773e-32
1.98501e-32
3.52345e-32
2.02471e-32
-3.85581e-33
-2.97857e-32
-4.93489e-32
-6.74805e-32
-8.77803e-32
-1.00045e-31
-9.80801e-32
-6.69667e-32
-1.44259e-32
3.89595e-32
7.15919e-32
5.26682e-32
-5.96041e-33
-8.7779e-32
-1.57184e-31
-1.70595e-31
-1.35365e-31
-4.96408e-32
4.11359e-32
9.43187e-32
1.03301e-31
4.5303e-32
-3.40045e-32
-1.07838e-31
-1.51814e-31
-1.34862e-31
-9.1075e-32
-2.83698e-32
1.82166e-32
2.67433e-32
1.52527e-32
-1.5421e-32
-3.23195e-32
-2.98808e-32
-1.72004e-32
-3.36631e-33
-1.33438e-32
-4.38928e-32
-8.54782e-32
-1.16349e-31
-1.14974e-31
-8.03474e-32
-2.1028e-32
3.83862e-32
7.61549e-32
8.14738e-32
5.14867e-32
-9.28358e-34
-6.19307e-32
-1.17297e-31
-1.49205e-31
-1.51986e-31
-1.18315e-31
-5.4218e-32
1.94823e-32
8.42204e-32
1.09467e-31
8.68635e-32
2.36172e-32
-6.06179e-32
-1.255e-31
-1.52041e-31
-1.28595e-31
-6.84006e-32
-5.72818e-33
3.75255e-32
3.82489e-32
3.61413e-33
-4.3456e-32
-8.06152e-32
-8.12148e-32
-4.83905e-32
2.33632e-33
4.39834e-32
4.67188e-32
6.60082e-33
-6.45886e-32
-1.31508e-31
-1.5853e-31
-1.27713e-31
-4.76071e-32
4.1659e-32
9.96533e-32
9.16404e-32
2.50341e-32
-6.50362e-32
-1.3592e-31
-1.42936e-31
-9.66666e-32
-1.93275e-32
4.32221e-32
4.95054e-32
1.34003e-32
-5.56188e-32
-1.05368e-31
-1.07685e-31
-7.16066e-32
-8.11373e-34
4.84627e-32
6.17108e-32
3.24339e-32
-3.51482e-32
-9.13327e-32
-1.28019e-31
-1.20574e-31
-7.37661e-32
-1.86905e-32
3.69541e-32
5.96662e-32
5.07896e-32
1.88779e-32
-3.00596e-32
-6.80813e-32
-9.27621e-32
-9.70311e-32
-7.99458e-32
-5.40592e-32
-1.92382e-32
1.3774e-32
3.54898e-32
4.18777e-32
2.24655e-32
-1.74697e-32
-6.40853e-32
-1.00937e-31
-1.04301e-31
-7.05402e-32
-1.26896e-32
4.42693e-32
6.50558e-32
3.63187e-32
-3.17447e-32
-1.07276e-31
-1.44782e-31
-1.1903e-31
-3.66814e-32
6.60075e-32
1.32539e-31
1.22468e-31
3.57787e-32
-9.34689e-32
-1.98353e-31
-2.23447e-31
-1.56595e-31
-2.0536e-32
1.13273e-31
1.81517e-31
1.56262e-31
4.25654e-32
-9.41937e-32
-1.94436e-31
-2.16217e-31
-1.47035e-31
-3.51016e-32
7.3718e-32
1.30873e-31
1.12104e-31
4.20056e-32
-5.03899e-32
-1.19982e-31
-1.38078e-31
-1.07466e-31
-4.51886e-32
1.44332e-32
4.23644e-32
2.91763e-32
-1.09041e-32
-5.37365e-32
-6.88244e-32
-4.54489e-32
-2.45857e-33
3.81315e-32
4.02158e-32
-3.69839e-33
-6.90536e-32
-1.28121e-31
-1.37347e-31
-8.90261e-32
-9.02328e-33
7.00591e-32
1.01361e-31
7.25113e-32
5.9385e-33
-7.07749e-32
-1.15604e-31
-1.14232e-31
-8.43422e-32
-3.85611e-32
-7.64777e-33
1.51893e-33
2.90027e-33
-6.26473e-33
-7.81657e-33
-8.7675e-33
-1.88726e-32
-2.79792e-32
-4.39605e-32
-5.04458e-32
-4.57484e-32
-4.12848e-32
-3.80665e-32
-4.94509e-32
-6.45598e-32
-6.70558e-32
-4.51886e-32
2.6963e-33
5.28562e-32
7.40686e-32
4.18754e-32
-3.61914e-32
-1.28343e-31
-1.82975e-31
-1.65195e-31
-8.1527e-32
3.44439e-32
1.16466e-31
1.26197e-31
6.1067e-32
-4.67489e-32
-1.29853e-31
-1.53849e-31
-1.07019e-31
-2.00808e-32
5.12448e-32
8.08071e-32
5.47206e-32
3.85205e-33
-3.26129e-32
-3.67717e-32
2.41211e-34
4.64754e-32
7.66818e-32
7.86662e-32
5.19309e-32
3.03379e-32
3.15236e-32
6.67459e-32
1.29911e-31
1.8612e-31
2.2145e-31
2.21463e-31
1.97882e-31
1.85905e-31
2.00123e-31
2.62982e-31
3.58569e-31
4.54979e-31
5.32551e-31
5.59119e-31
5.52685e-31
5.38258e-31
5.46526e-31
6.19973e-31
7.4668e-31
9.13848e-31
1.0781e-30
1.187e-30
1.22605e-30
1.19827e-30
1.10721e-30
1.17178e-30
1.34161e-30
2.33455e-30
4.38764e-30
7.63033e-30
1.41316e-29
1.64374e-29
1.88457e-29
1.39394e-30
-4.17375e-29
-9.34907e-29
-1.9946e-28
-1.90473e-28
-1.30049e-28
1.57606e-28
8.01477e-28
1.16649e-27
1.80862e-27
1.04668e-27
-7.71527e-28
-3.04715e-27
-7.55386e-27
-7.22457e-27
-5.94255e-27
1.73651e-27
1.68642e-26
2.26556e-26
3.30361e-26
1.66353e-26
-1.36244e-26
-4.10209e-26
-9.05095e-26
-7.13366e-26
-4.22093e-26
3.15555e-26
1.5461e-25
1.6272e-25
1.91982e-25
5.42956e-26
-1.45616e-25
-2.41578e-25
-4.15727e-25
-2.3654e-25
-3.16598e-26
2.19137e-25
5.89179e-25
4.55139e-25
3.83017e-25
-3.71011e-26
-5.44019e-25
-5.80066e-25
-7.54269e-25
-2.54595e-25
2.23611e-25
5.06831e-25
9.15275e-25
5.06841e-25
2.23626e-25
-2.54582e-25
-7.54264e-25
-5.80072e-25
-5.44031e-25
-3.7115e-26
3.83008e-25
4.55138e-25
5.89183e-25
2.19145e-25
-3.16538e-26
-2.36538e-25
-4.15729e-25
-2.41583e-25
-1.4562e-25
5.42922e-26
1.91981e-25
1.6272e-25
1.5461e-25
3.15561e-26
-4.22093e-26
-7.1337e-26
-9.05099e-26
-4.10216e-26
-1.36249e-26
1.66347e-26
3.30354e-26
2.2655e-26
1.68637e-26
1.73611e-27
-5.94285e-27
-7.22479e-27
-7.55403e-27
-3.04734e-27
-7.71731e-28
1.04642e-27
1.80833e-27
1.16619e-27
8.01187e-28
1.57386e-28
-1.30192e-28
-1.90517e-28
-1.99441e-28
-9.34758e-29
-4.17717e-29
1.24915e-30
1.86132e-29
1.61669e-29
1.38965e-29
7.51704e-30
4.40458e-30
2.46508e-30
1.51301e-30
1.29566e-30
1.13946e-30
1.11268e-30
1.05707e-30
9.94867e-31
9.17072e-31
8.42972e-31
7.81524e-31
7.46554e-31
7.30228e-31
7.08914e-31
6.61464e-31
5.7341e-31
4.53702e-31
3.37757e-31
2.52478e-31
2.24469e-31
2.46842e-31
2.90119e-31
3.28468e-31
3.25944e-31
2.84688e-31
2.12346e-31
1.29364e-31
6.73082e-32
3.21856e-32
3.77211e-32
7.2594e-32
1.17036e-31
1.5404e-31
1.56632e-31
1.20189e-31
5.4722e-32
-1.71453e-32
-6.1052e-32
-5.44331e-32
-3.45163e-33
7.33663e-32
1.32925e-31
1.40313e-31
9.66486e-32
8.73101e-33
-7.21201e-32
-1.09597e-31
-9.31104e-32
-1.7888e-32
6.42531e-32
1.22614e-31
1.29918e-31
7.32168e-32
-7.87525e-33
-8.76975e-32
-1.24567e-31
-9.67238e-32
-2.2246e-32
7.48224e-32
1.45238e-31
1.52219e-31
9.05067e-32
-1.96911e-32
-1.28069e-31
-1.79506e-31
-1.49251e-31
-4.53628e-32
8.51934e-32
1.77327e-31
1.91859e-31
1.19454e-31
-1.31843e-33
-1.12745e-31
-1.66855e-31
-1.42717e-31
-6.30622e-32
3.46728e-32
1.02425e-31
1.20425e-31
8.94579e-32
2.78635e-32
-2.81547e-32
-6.71111e-32
-6.95184e-32
-4.55787e-32
-1.01149e-32
2.85241e-32
4.12345e-32
3.85201e-32
1.3814e-32
-1.61925e-32
-2.57236e-32
-2.44413e-32
5.36251e-33
3.18028e-32
3.88e-32
2.77845e-32
-1.69948e-32
-5.20509e-32
-6.83131e-32
-5.38659e-32
-1.81459e-33
4.38625e-32
7.60097e-32
7.24812e-32
3.44512e-32
-4.48381e-33
-3.96937e-32
-5.01259e-32
-4.38209e-32
-4.08711e-32
-3.68823e-32
-3.85893e-32
-2.51908e-32
1.66713e-32
7.03151e-32
1.21188e-31
1.24847e-31
6.27146e-32
-4.40887e-32
-1.63413e-31
-2.21369e-31
-1.84624e-31
-6.18408e-32
1.08964e-31
2.31342e-31
2.54929e-31
1.59872e-31
-2.30478e-32
-1.92567e-31
-2.85788e-31
-2.48203e-31
-9.45526e-32
8.91472e-32
2.35427e-31
2.61377e-31
1.63701e-31
-1.09575e-33
-1.6926e-31
-2.45099e-31
-2.11268e-31
-9.01441e-32
6.53586e-32
1.66175e-31
1.88907e-31
1.26233e-31
1.53924e-32
-7.89481e-32
-1.36933e-31
-1.33165e-31
-8.87259e-32
-3.31252e-32
2.44172e-32
5.69233e-32
7.44733e-32
7.36608e-32
5.30496e-32
2.53839e-32
-1.58077e-32
-5.15994e-32
-7.74261e-32
-8.65183e-32
-7.27599e-32
-4.64465e-32
-7.05522e-33
3.0377e-32
6.28241e-32
7.81931e-32
7.02844e-32
4.2697e-32
-7.65007e-33
-5.36387e-32
-9.0641e-32
-1.00348e-31
-7.64963e-32
-4.08937e-32
1.04143e-32
4.58082e-32
6.33556e-32
6.55448e-32
3.9799e-32
1.21875e-32
-2.5499e-32
-5.89712e-32
-7.35374e-32
-7.68371e-32
-5.10954e-32
-1.41866e-32
2.48866e-32
5.6347e-32
5.94571e-32
4.35378e-32
8.19122e-33
-3.06915e-32
-5.73955e-32
-6.86549e-32
-5.69036e-32
-3.10075e-32
1.32469e-33
2.89852e-32
4.21869e-32
3.62831e-32
1.59311e-32
-8.98416e-33
-2.81261e-32
-2.843e-32
-1.99516e-32
-6.25386e-33
-1.9295e-33
-1.50072e-32
-2.61475e-32
-3.30989e-32
-1.30361e-32
2.62771e-32
5.95489e-32
7.36111e-32
3.89399e-32
-2.25242e-32
-8.48417e-32
-1.15032e-31
-8.29308e-32
-1.21409e-32
7.25805e-32
1.2093e-31
1.06648e-31
4.23389e-32
-4.72169e-32
-1.0591e-31
-1.11369e-31
-6.10806e-32
1.9069e-32
7.86374e-32
9.64184e-32
5.89271e-32
-7.25684e-33
-6.22105e-32
-8.28932e-32
-5.09123e-32
8.25006e-33
6.36023e-32
8.81396e-32
6.07939e-32
2.64477e-33
-6.16763e-32
-1.01231e-31
-9.03103e-32
-4.10134e-32
3.02461e-32
9.26884e-32
1.14979e-31
9.70985e-32
4.09132e-32
-3.08946e-32
-8.71965e-32
-1.18416e-31
-1.07491e-31
-6.16997e-32
7.65623e-34
6.98473e-32
1.14918e-31
1.26915e-31
9.94517e-32
3.22134e-32
-4.6123e-32
-1.16722e-31
-1.47942e-31
-1.22701e-31
-5.15367e-32
4.6916e-32
1.27575e-31
1.57406e-31
1.22969e-31
3.41479e-32
-6.59736e-32
-1.34734e-31
-1.40901e-31
-8.0938e-32
1.30014e-32
9.72225e-32
1.32828e-31
1.02065e-31
2.59527e-32
-5.89651e-32
-1.11919e-31
-1.03348e-31
-4.64104e-32
3.57298e-32
1.0074e-31
1.12592e-31
7.81266e-32
3.8827e-33
-6.48425e-32
-9.35942e-32
-8.11764e-32
-1.90938e-32
4.56941e-32
8.83881e-32
9.67554e-32
5.41736e-32
2.86332e-33
-4.55796e-32
-6.80861e-32
-4.86057e-32
-1.5579e-32
2.94502e-32
6.01545e-32
6.57111e-32
5.75808e-32
3.31992e-32
1.12363e-32
-1.77697e-33
-8.92097e-33
-6.76897e-33
-4.1876e-33
-5.83196e-33
-4.46883e-33
-4.13774e-33
5.91622e-33
2.90221e-32
5.3252e-32
8.27533e-32
9.16902e-32
7.81207e-32
4.34282e-32
-1.41791e-32
-5.73401e-32
-8.26408e-32
-6.72405e-32
-1.31723e-32
5.15796e-32
1.15512e-31
1.39722e-31
1.2521e-31
7.41054e-32
1.11854e-32
-3.70825e-32
-5.68368e-32
-3.47706e-32
-3.2628e-33
4.63427e-32
6.75821e-32
6.90807e-32
6.29388e-32
1.90098e-32
1.05076e-32
-2.10664e-32
-2.63706e-32
-5.54025e-33
)
;

boundaryField
{
    left
    {
        type            calculated;
        value           uniform 0;
    }
    right
    {
        type            calculated;
        value           uniform 0;
    }
    empty
    {
        type            empty;
        value           nonuniform List<scalar> 0();
    }
}


// ************************************************************************* //
