/*--------------------------------*- C++ -*----------------------------------*\
| =========                 |                                                 |
| \\      /  F ield         | OpenFOAM: The Open Source CFD Toolbox           |
|  \\    /   O peration     | Version:  2106                                  |
|   \\  /    A nd           | Website:  www.openfoam.com                      |
|    \\/     M anipulation  |                                                 |
\*---------------------------------------------------------------------------*/
FoamFile
{
    version     2.0;
    format      ascii;
    arch        "LSB;label=32;scalar=64";
    class       surfaceScalarField;
    location    "0.067";
    object      phi;
}
// * * * * * * * * * * * * * * * * * * * * * * * * * * * * * * * * * * * * * //

dimensions      [0 3 -1 0 0 0 0];

oriented        oriented;

internalField   nonuniform List<scalar> 
799
(
1.79871e-32
4.59692e-32
5.93096e-32
4.86184e-32
2.35206e-32
-4.31529e-32
-1.02569e-31
-1.4848e-31
-1.58563e-31
-1.20837e-31
-6.50759e-32
-2.84235e-33
3.55831e-32
4.52715e-32
2.36217e-32
-1.56792e-32
-6.66507e-32
-1.19095e-31
-1.59161e-31
-1.86884e-31
-1.78471e-31
-1.42095e-31
-8.06498e-32
-9.60407e-33
3.12572e-32
4.06228e-32
-7.84666e-34
-7.11586e-32
-1.37222e-31
-1.89593e-31
-1.92226e-31
-1.64726e-31
-1.18205e-31
-6.29802e-32
-3.7929e-32
-2.66996e-32
-4.37572e-32
-8.15278e-32
-1.11289e-31
-1.47876e-31
-1.56745e-31
-1.44171e-31
-1.20617e-31
-7.38203e-32
-4.84944e-32
-3.81116e-32
-5.39388e-32
-1.0282e-31
-1.42695e-31
-1.78911e-31
-1.80771e-31
-1.46856e-31
-1.03605e-31
-4.92293e-32
-2.47401e-32
-3.08201e-32
-6.38431e-32
-1.22854e-31
-1.68177e-31
-1.93243e-31
-1.79996e-31
-1.26767e-31
-6.45854e-32
-9.57473e-33
3.31772e-33
-3.73472e-32
-1.11066e-31
-1.94504e-31
-2.39851e-31
-2.22249e-31
-1.50787e-31
-4.89487e-32
2.75871e-32
4.42212e-32
-2.74595e-33
-9.63994e-32
-1.82774e-31
-2.27263e-31
-2.15609e-31
-1.56199e-31
-8.97878e-32
-4.06097e-32
-2.50666e-32
-3.98901e-32
-6.38257e-32
-8.95813e-32
-1.08966e-31
-1.26914e-31
-1.47024e-31
-1.59095e-31
-1.56937e-31
-1.25623e-31
-7.28778e-32
-1.92909e-32
1.35447e-32
-5.17293e-33
-6.35939e-32
-1.45203e-31
-2.14397e-31
-2.27597e-31
-1.92159e-31
-1.06224e-31
-1.52378e-32
3.81575e-32
4.7347e-32
-1.04431e-32
-8.95507e-32
-1.63182e-31
-2.06958e-31
-1.89806e-31
-1.45822e-31
-8.29224e-32
-3.61428e-32
-2.74234e-32
-3.87257e-32
-6.92146e-32
-8.59326e-32
-8.33166e-32
-7.04625e-32
-5.64591e-32
-6.627e-32
-9.66563e-32
-1.38082e-31
-1.68798e-31
-1.67275e-31
-1.32502e-31
-7.30334e-32
-1.3474e-32
2.44357e-32
2.9889e-32
3.3196e-35
-5.22559e-32
-1.13134e-31
-1.6838e-31
-2.0017e-31
-2.02833e-31
-1.69045e-31
-1.04838e-31
-3.10312e-32
3.38102e-32
5.91593e-32
3.66541e-32
-2.6497e-32
-1.10638e-31
-1.7543e-31
-2.0188e-31
-1.78344e-31
-1.1806e-31
-5.52938e-32
-1.19528e-32
-1.1144e-32
-4.56927e-32
-9.26773e-32
-1.29757e-31
-1.30268e-31
-9.73573e-32
-4.65462e-32
-4.81182e-33
-1.99063e-33
-4.20214e-32
-1.13121e-31
-1.79952e-31
-2.06884e-31
-1.75973e-31
-9.57759e-32
-6.41453e-33
5.16744e-32
4.3757e-32
-2.27531e-32
-1.12723e-31
-1.83503e-31
-1.90414e-31
-1.44045e-31
-6.65995e-32
-3.93612e-33
2.45406e-33
-3.35416e-32
-1.02449e-31
-1.52085e-31
-1.54288e-31
-1.18095e-31
-4.71842e-32
2.21031e-33
1.55739e-32
-1.35808e-32
-8.1038e-32
-1.37096e-31
-1.73652e-31
-1.66081e-31
-1.19143e-31
-6.39379e-32
-8.16799e-33
1.46747e-32
5.9275e-33
-2.58549e-32
-7.46591e-32
-1.12547e-31
-1.37092e-31
-1.41222e-31
-1.24e-31
-9.79742e-32
-6.3017e-32
-2.98628e-32
-8.01066e-33
-1.48507e-33
-2.07567e-32
-6.05504e-32
-1.07028e-31
-1.43732e-31
-1.46948e-31
-1.13034e-31
-5.50204e-32
2.09896e-33
2.3051e-32
-5.51791e-33
-7.34065e-32
-1.48759e-31
-1.86075e-31
-1.6013e-31
-7.75774e-32
2.53267e-32
9.2082e-32
8.22492e-32
-4.18062e-33
-1.33161e-31
-2.37759e-31
-2.62555e-31
-1.95379e-31
-5.89722e-32
7.52076e-32
1.43853e-31
1.19026e-31
5.79387e-33
-1.30464e-31
-2.30163e-31
-2.51358e-31
-1.81538e-31
-6.89122e-32
4.06567e-32
9.86251e-32
8.07382e-32
1.15955e-32
-7.97615e-32
-1.48224e-31
-1.65097e-31
-1.33155e-31
-6.94358e-32
-8.25291e-33
2.13718e-32
1.00103e-32
-2.80915e-32
-6.87828e-32
-8.15452e-32
-5.56654e-32
-9.96067e-33
3.35672e-32
3.88255e-32
-1.67089e-33
-6.3333e-32
-1.18425e-31
-1.23366e-31
-7.04243e-32
1.45588e-32
9.8995e-32
1.36055e-31
1.13398e-31
5.34861e-32
-1.60785e-32
-5.32369e-32
-4.36231e-32
-4.9036e-33
5.03393e-32
9.1382e-32
1.11389e-31
1.24375e-31
1.27616e-31
1.39316e-31
1.52517e-31
1.57526e-31
1.64547e-31
1.6576e-31
1.77598e-31
2.01812e-31
2.27048e-31
2.52368e-31
2.64485e-31
2.74352e-31
2.98386e-31
3.48408e-31
4.26173e-31
5.08011e-31
5.62794e-31
5.66157e-31
5.25725e-31
4.73386e-31
4.60846e-31
5.23099e-31
6.53733e-31
8.19272e-31
9.53572e-31
1.01841e-30
1.01133e-30
9.64629e-31
9.45824e-31
9.89435e-31
1.1073e-30
1.26884e-30
1.41844e-30
1.53011e-30
1.59005e-30
1.62929e-30
1.68712e-30
1.78158e-30
1.92166e-30
2.07553e-30
2.21807e-30
2.33719e-30
2.43252e-30
2.53803e-30
2.67147e-30
2.84419e-30
3.0502e-30
3.25468e-30
3.44381e-30
3.60321e-30
3.74468e-30
3.90347e-30
4.09423e-30
4.33943e-30
4.6232e-30
4.91364e-30
5.1911e-30
5.4234e-30
5.62853e-30
5.83145e-30
6.06281e-30
6.36503e-30
6.72609e-30
7.1331e-30
7.54259e-30
7.90198e-30
8.19661e-30
8.42938e-30
8.60362e-30
8.93807e-30
9.38213e-30
1.06534e-29
1.29888e-29
1.65173e-29
2.33078e-29
2.59058e-29
2.86091e-29
1.14547e-29
-3.13773e-29
-8.28293e-29
-1.88496e-28
-1.79205e-28
-1.18478e-28
1.69482e-28
8.13657e-28
1.17897e-27
1.82141e-27
1.05977e-27
-7.5814e-28
-3.03346e-27
-7.53989e-27
-7.2103e-27
-5.92799e-27
1.75135e-27
1.68793e-26
2.26709e-26
3.30517e-26
1.66512e-26
-1.36082e-26
-4.10045e-26
-9.04928e-26
-7.13197e-26
-4.21921e-26
3.15729e-26
1.54627e-25
1.62738e-25
1.92e-25
5.43138e-26
-1.45598e-25
-2.4156e-25
-4.15708e-25
-2.36521e-25
-3.16408e-26
2.19156e-25
5.89198e-25
4.55159e-25
3.83037e-25
-3.70816e-26
-5.44e-25
-5.80047e-25
-7.5425e-25
-2.54576e-25
2.2363e-25
5.0685e-25
9.15295e-25
5.06861e-25
2.23646e-25
-2.54562e-25
-7.54245e-25
-5.80052e-25
-5.44012e-25
-3.70957e-26
3.83028e-25
4.55157e-25
5.89202e-25
2.19164e-25
-3.16351e-26
-2.36519e-25
-4.1571e-25
-2.41565e-25
-1.45602e-25
5.43102e-26
1.91999e-25
1.62738e-25
1.54627e-25
3.15732e-26
-4.21924e-26
-7.13203e-26
-9.04935e-26
-4.10054e-26
-1.36089e-26
1.66503e-26
3.30508e-26
2.26701e-26
1.68785e-26
1.75068e-27
-5.92857e-27
-7.21079e-27
-7.54032e-27
-3.03392e-27
-7.58614e-28
1.05924e-27
1.82085e-27
1.17841e-27
8.13106e-28
1.69005e-28
-1.18874e-28
-1.795e-28
-1.88723e-28
-8.30551e-29
-3.16472e-29
1.10793e-29
2.81514e-29
2.54157e-29
2.28589e-29
1.61961e-29
1.28039e-29
1.05883e-29
9.36422e-30
8.87904e-30
8.45942e-30
8.17383e-30
7.86423e-30
7.55298e-30
7.23125e-30
6.91844e-30
6.62363e-30
6.36077e-30
6.12208e-30
5.88402e-30
5.62547e-30
5.33203e-30
5.01266e-30
4.70279e-30
4.42934e-30
4.21889e-30
4.06453e-30
3.93675e-30
3.80968e-30
3.64732e-30
3.45174e-30
3.23053e-30
3.00404e-30
2.80377e-30
2.63563e-30
2.51324e-30
2.42519e-30
2.35159e-30
2.27533e-30
2.16932e-30
2.02882e-30
1.86373e-30
1.69654e-30
1.56149e-30
1.48101e-30
1.44883e-30
1.4463e-30
1.43019e-30
1.36547e-30
1.25312e-30
1.09983e-30
9.56802e-31
8.60216e-31
8.20548e-31
8.42451e-31
8.73996e-31
8.84368e-31
8.46187e-31
7.46402e-31
6.24522e-31
5.06104e-31
4.32734e-31
4.26076e-31
4.67951e-31
5.34244e-31
5.75612e-31
5.552e-31
4.67664e-31
3.33132e-31
2.01842e-31
1.28833e-31
1.3879e-31
2.23598e-31
3.36213e-31
4.11493e-31
4.10199e-31
3.22939e-31
1.88228e-31
6.37332e-32
-2.6301e-33
1.00209e-32
7.8921e-32
1.66584e-31
2.24916e-31
2.34103e-31
1.94896e-31
1.256e-31
6.23821e-32
1.67003e-32
8.01367e-33
2.60886e-32
5.60799e-32
8.96218e-32
9.75769e-32
9.04299e-32
6.15936e-32
2.77338e-32
1.46141e-32
1.25539e-32
3.92438e-32
6.2791e-32
6.70886e-32
5.35619e-32
6.44359e-33
-3.07887e-32
-4.90779e-32
-3.65189e-32
1.37764e-32
5.78232e-32
8.84536e-32
8.35169e-32
4.41724e-32
4.01436e-33
-3.23331e-32
-4.38203e-32
-3.8499e-32
-3.64655e-32
-3.33291e-32
-3.58313e-32
-2.31731e-32
1.79969e-32
7.09951e-32
1.21265e-31
1.24362e-31
6.1702e-32
-4.55904e-32
-1.65373e-31
-2.2376e-31
-1.87417e-31
-6.50178e-32
1.05433e-31
2.27469e-31
2.50736e-31
1.55374e-31
-2.78338e-32
-1.97623e-31
-2.91097e-31
-2.53743e-31
-1.00314e-31
8.3169e-32
2.29247e-31
2.55005e-31
1.57143e-31
-7.82447e-33
-1.76156e-31
-2.52154e-31
-2.18473e-31
-9.74934e-32
5.78719e-32
1.58561e-31
1.8117e-31
1.18382e-31
7.43289e-33
-8.70114e-32
-1.45099e-31
-1.41427e-31
-9.70774e-32
-4.1561e-32
1.59021e-32
4.83288e-32
6.58119e-32
6.49309e-32
4.42601e-32
1.65359e-32
-2.47083e-32
-6.05454e-32
-8.64178e-32
-9.55498e-32
-8.18306e-32
-5.5551e-32
-1.61891e-32
2.12213e-32
5.36469e-32
6.90013e-32
6.10806e-32
3.34871e-32
-1.68566e-32
-6.28417e-32
-9.9835e-32
-1.09531e-31
-8.56625e-32
-5.00471e-32
1.27969e-33
3.66948e-32
5.42721e-32
5.6496e-32
3.07998e-32
3.24248e-33
-3.43929e-32
-6.7807e-32
-8.2317e-32
-8.55504e-32
-5.97362e-32
-2.27527e-32
1.6399e-32
4.79406e-32
5.11349e-32
3.53069e-32
6.09376e-35
-3.87157e-32
-6.53099e-32
-7.64564e-32
-6.45881e-32
-3.85698e-32
-6.11182e-33
2.16757e-32
3.50038e-32
2.92354e-32
9.02178e-33
-1.5752e-32
-3.47525e-32
-3.4912e-32
-2.62856e-32
-1.24409e-32
-7.96854e-33
-2.08933e-32
-3.18771e-32
-3.86736e-32
-1.84528e-32
2.10259e-32
5.44692e-32
6.8697e-32
3.41958e-32
-2.70995e-32
-8.92488e-32
-1.19275e-31
-8.70076e-32
-1.60529e-32
6.88339e-32
1.17349e-31
1.0324e-31
3.90994e-32
-5.02863e-32
-1.08813e-31
-1.14104e-31
-6.3646e-32
1.66706e-32
7.64075e-32
9.436e-32
5.70415e-32
-8.97062e-33
-6.37513e-32
-8.42571e-32
-5.21009e-32
7.24015e-33
6.27718e-32
8.7492e-32
6.0329e-32
2.36434e-33
-6.17738e-32
-1.01146e-31
-9.0041e-32
-4.05572e-32
3.08916e-32
9.3522e-32
1.15998e-31
9.83067e-32
4.23095e-32
-2.93072e-32
-8.5409e-32
-1.16431e-31
-1.05309e-31
-5.93194e-32
3.34762e-33
7.26324e-32
1.17911e-31
1.30118e-31
1.02872e-31
3.58584e-32
-4.22576e-32
-1.12625e-31
-1.43613e-31
-1.18141e-31
-4.67459e-32
5.19414e-32
1.32843e-31
1.62916e-31
1.28727e-31
4.0165e-32
-5.96978e-32
-1.28198e-31
-1.34102e-31
-7.38723e-32
2.03374e-32
1.04831e-31
1.40709e-31
1.1022e-31
3.43839e-32
-5.02547e-32
-1.02932e-31
-9.40854e-32
-3.68725e-32
4.55385e-32
1.1082e-31
1.22944e-31
8.87357e-32
1.47446e-32
-5.37299e-32
-8.22334e-32
-6.95712e-32
-7.25233e-33
5.77672e-32
1.00684e-31
1.09268e-31
6.68945e-32
1.57791e-32
-3.24832e-32
-5.481e-32
-3.51663e-32
-1.99138e-33
4.31687e-32
7.39903e-32
7.96485e-32
7.1601e-32
4.72825e-32
2.53641e-32
1.23771e-32
5.23763e-33
7.37458e-33
9.92103e-33
8.22131e-33
9.5074e-33
9.73723e-33
1.96686e-32
4.26308e-32
6.66974e-32
9.60106e-32
1.04734e-31
9.09306e-32
5.59806e-32
-1.90618e-33
-4.53752e-32
-7.09999e-32
-5.59485e-32
-2.25093e-33
6.21079e-32
1.25625e-31
1.494e-31
1.3443e-31
8.28488e-32
1.94331e-32
-2.93451e-32
-4.96281e-32
-2.81043e-32
2.84752e-33
5.18843e-32
7.25414e-32
7.34456e-32
6.66974e-32
2.21587e-32
1.30369e-32
-1.91638e-32
-2.50971e-32
-4.90228e-33
)
;

boundaryField
{
    left
    {
        type            calculated;
        value           uniform 0;
    }
    right
    {
        type            calculated;
        value           uniform 0;
    }
    empty
    {
        type            empty;
        value           nonuniform List<scalar> 0();
    }
}


// ************************************************************************* //
