/*--------------------------------*- C++ -*----------------------------------*\
| =========                 |                                                 |
| \\      /  F ield         | OpenFOAM: The Open Source CFD Toolbox           |
|  \\    /   O peration     | Version:  2106                                  |
|   \\  /    A nd           | Website:  www.openfoam.com                      |
|    \\/     M anipulation  |                                                 |
\*---------------------------------------------------------------------------*/
FoamFile
{
    version     2.0;
    format      ascii;
    arch        "LSB;label=32;scalar=64";
    class       surfaceScalarField;
    location    "0.112";
    object      phi;
}
// * * * * * * * * * * * * * * * * * * * * * * * * * * * * * * * * * * * * * //

dimensions      [0 3 -1 0 0 0 0];

oriented        oriented;

internalField   nonuniform List<scalar> 
799
(
1.67518e-32
4.35016e-32
5.56082e-32
4.3681e-32
1.73529e-32
-5.05527e-32
-1.11195e-31
-1.58326e-31
-1.6963e-31
-1.33115e-31
-7.85618e-32
-1.75276e-32
1.97069e-32
2.82113e-32
5.38837e-33
-3.50757e-32
-8.72025e-32
-1.40788e-31
-1.81989e-31
-2.10837e-31
-2.03532e-31
-1.68255e-31
-1.07891e-31
-3.79137e-32
1.89283e-33
1.02166e-32
-3.22202e-32
-1.03611e-31
-1.70668e-31
-2.24016e-31
-2.27616e-31
-2.01066e-31
-1.55483e-31
-1.01177e-31
-7.70234e-32
-6.66749e-32
-8.45965e-32
-1.23213e-31
-1.53804e-31
-1.91201e-31
-2.00862e-31
-1.89061e-31
-1.66265e-31
-1.20207e-31
-9.5605e-32
-8.59243e-32
-1.02432e-31
-1.51974e-31
-1.92494e-31
-2.29335e-31
-2.31801e-31
-1.98476e-31
-1.55795e-31
-1.0197e-31
-7.80124e-32
-8.46065e-32
-1.18126e-31
-1.77614e-31
-2.234e-31
-2.48914e-31
-2.36093e-31
-1.83272e-31
-1.2148e-31
-6.68427e-32
-5.43082e-32
-9.53155e-32
-1.69357e-31
-2.53105e-31
-2.98745e-31
-2.81424e-31
-2.10226e-31
-1.08637e-31
-3.23364e-32
-1.5925e-32
-6.30968e-32
-1.56945e-31
-2.43504e-31
-2.88161e-31
-2.76655e-31
-2.17383e-31
-1.51103e-31
-1.0204e-31
-8.66025e-32
-1.01523e-31
-1.25541e-31
-1.51368e-31
-1.70816e-31
-1.88818e-31
-2.08974e-31
-2.21079e-31
-2.18946e-31
-1.87649e-31
-1.34917e-31
-8.13299e-32
-4.84823e-32
-6.71849e-32
-1.25587e-31
-2.07168e-31
-2.7633e-31
-2.89487e-31
-2.53999e-31
-1.6801e-31
-7.6965e-32
-2.35054e-32
-1.42413e-32
-7.19596e-32
-1.50988e-31
-2.24537e-31
-2.68223e-31
-2.50979e-31
-2.06896e-31
-1.43888e-31
-9.70052e-32
-8.81805e-32
-9.93799e-32
-1.29764e-31
-1.46369e-31
-1.43637e-31
-1.30663e-31
-1.16538e-31
-1.26225e-31
-1.56485e-31
-1.97785e-31
-2.2837e-31
-2.26717e-31
-1.91809e-31
-1.32206e-31
-7.25128e-32
-3.44675e-32
-2.8876e-32
-5.85925e-32
-1.10738e-31
-1.71478e-31
-2.26581e-31
-2.5823e-31
-2.60749e-31
-2.26817e-31
-1.62463e-31
-8.85075e-32
-2.35171e-32
1.98209e-33
-2.03709e-32
-8.33682e-32
-1.67354e-31
-2.3199e-31
-2.58281e-31
-2.34581e-31
-1.74137e-31
-1.11208e-31
-6.7701e-32
-6.67227e-32
-1.01102e-31
-1.47913e-31
-1.84811e-31
-1.85143e-31
-1.52054e-31
-1.0106e-31
-5.91396e-32
-5.61258e-32
-9.5958e-32
-1.66858e-31
-2.3348e-31
-2.60196e-31
-2.29065e-31
-1.48643e-31
-5.90442e-32
-7.11691e-34
-8.3778e-33
-7.46268e-32
-1.64328e-31
-2.34828e-31
-2.41449e-31
-1.94774e-31
-1.17011e-31
-5.40133e-32
-4.72726e-32
-8.29011e-32
-1.51434e-31
-2.00674e-31
-2.02459e-31
-1.65829e-31
-9.44576e-32
-4.45808e-32
-3.07062e-32
-5.93262e-32
-1.26218e-31
-1.81681e-31
-2.17605e-31
-2.0937e-31
-1.6173e-31
-1.05785e-31
-4.92336e-32
-2.55607e-32
-3.34303e-32
-6.42862e-32
-1.12111e-31
-1.48966e-31
-1.72415e-31
-1.75388e-31
-1.56938e-31
-1.29614e-31
-9.32812e-32
-5.86723e-32
-3.52806e-32
-2.71233e-32
-4.46676e-32
-8.26351e-32
-1.27178e-31
-1.61837e-31
-1.62892e-31
-1.26687e-31
-6.62558e-32
-6.57825e-33
1.70776e-32
-8.62648e-33
-7.34908e-32
-1.45648e-31
-1.79587e-31
-1.50073e-31
-6.37483e-32
4.31348e-32
1.14089e-31
1.08689e-31
2.69299e-32
-9.71177e-32
-1.96511e-31
-2.15822e-31
-1.42864e-31
-3.63745e-34
1.40235e-31
2.15638e-31
1.97927e-31
9.21825e-32
-3.61972e-32
-1.27612e-31
-1.40096e-31
-6.11234e-32
6.11189e-32
1.80792e-31
2.49367e-31
2.42615e-31
1.85155e-31
1.06057e-31
5.04481e-32
4.70446e-32
9.31035e-32
1.71612e-31
2.48283e-31
2.94117e-31
2.99724e-31
2.79368e-31
2.57238e-31
2.63873e-31
3.1003e-31
3.76914e-31
4.4256e-31
4.70902e-31
4.54495e-31
4.17958e-31
3.89066e-31
4.11433e-31
4.92826e-31
6.07435e-31
7.22721e-31
7.91888e-31
8.02634e-31
7.77464e-31
7.44011e-31
7.44384e-31
7.92972e-31
8.7216e-31
9.69407e-31
1.05403e-30
1.11924e-30
1.17908e-30
1.23087e-30
1.29286e-30
1.35814e-30
1.41705e-30
1.47982e-30
1.5387e-30
1.61016e-30
1.69597e-30
1.78483e-30
1.87584e-30
1.95576e-30
2.03556e-30
2.13172e-30
2.25608e-30
2.41043e-30
2.57114e-30
2.70712e-30
2.79403e-30
2.83953e-30
2.87553e-30
2.95378e-30
3.10929e-30
3.33567e-30
3.59946e-30
3.83456e-30
4.00275e-30
4.1016e-30
4.16341e-30
4.25572e-30
4.41305e-30
4.64726e-30
4.92776e-30
5.19895e-30
5.43483e-30
5.62161e-30
5.7903e-30
5.98019e-30
6.2093e-30
6.48661e-30
6.78027e-30
7.06513e-30
7.3291e-30
7.57175e-30
7.82704e-30
8.11266e-30
8.43994e-30
8.80284e-30
9.16649e-30
9.51702e-30
9.84001e-30
1.01472e-29
1.04737e-29
1.08342e-29
1.12511e-29
1.17084e-29
1.21741e-29
1.26285e-29
1.30393e-29
1.34245e-29
1.38089e-29
1.42231e-29
1.47093e-29
1.52555e-29
1.58486e-29
1.64451e-29
1.69923e-29
1.74754e-29
1.78972e-29
1.82608e-29
1.8785e-29
1.94189e-29
2.08801e-29
2.34052e-29
2.71233e-29
3.4103e-29
3.68896e-29
3.97809e-29
2.28136e-29
-1.98322e-29
-7.10991e-29
-1.76582e-28
-1.67109e-28
-1.062e-28
1.81938e-28
8.26291e-28
1.19178e-27
1.83439e-27
1.07292e-27
-7.44819e-28
-3.01998e-27
-7.52624e-27
-7.19649e-27
-5.91403e-27
1.76547e-27
1.68936e-26
2.26854e-26
3.30663e-26
1.66659e-26
-1.35934e-26
-4.09895e-26
-9.04777e-26
-7.13045e-26
-4.21768e-26
3.15883e-26
1.54643e-25
1.62754e-25
1.92016e-25
5.43297e-26
-1.45582e-25
-2.41544e-25
-4.15692e-25
-2.36505e-25
-3.16246e-26
2.19173e-25
5.89214e-25
4.55175e-25
3.83053e-25
-3.70651e-26
-5.43983e-25
-5.8003e-25
-7.54233e-25
-2.54559e-25
2.23647e-25
5.06867e-25
9.15312e-25
5.06878e-25
2.23663e-25
-2.54545e-25
-7.54228e-25
-5.80036e-25
-5.43995e-25
-3.70792e-26
3.83044e-25
4.55173e-25
5.89218e-25
2.1918e-25
-3.16189e-26
-2.36503e-25
-4.15694e-25
-2.41549e-25
-1.45586e-25
5.4326e-26
1.92014e-25
1.62754e-25
1.54643e-25
3.15886e-26
-4.21771e-26
-7.13052e-26
-9.04785e-26
-4.09905e-26
-1.35942e-26
1.66649e-26
3.30653e-26
2.26844e-26
1.68927e-26
1.76468e-27
-5.91472e-27
-7.19711e-27
-7.52679e-27
-3.02056e-27
-7.45419e-28
1.07227e-27
1.83371e-27
1.19109e-27
8.2561e-28
1.8133e-28
-1.06728e-28
-1.67535e-28
-1.76941e-28
-7.14576e-29
-2.02348e-29
2.23057e-29
3.91908e-29
3.62676e-29
3.35226e-29
2.66713e-29
2.30903e-29
2.06858e-29
1.92728e-29
1.85989e-29
1.79907e-29
1.75171e-29
1.70199e-29
1.65217e-29
1.60137e-29
1.55156e-29
1.50365e-29
1.45903e-29
1.41696e-29
1.37508e-29
1.33128e-29
1.28415e-29
1.23458e-29
1.18612e-29
1.14148e-29
1.10332e-29
1.07096e-29
1.04145e-29
1.01222e-29
9.79665e-30
9.44004e-30
9.05999e-30
8.67692e-30
8.32237e-30
8.00229e-30
7.73035e-30
7.49515e-30
7.27687e-30
7.05841e-30
6.81271e-30
6.53505e-30
6.23535e-30
5.93611e-30
5.67161e-30
5.46427e-30
5.30781e-30
5.1836e-30
5.04842e-30
4.86721e-30
4.64098e-30
4.3764e-30
4.12466e-30
3.92192e-30
3.77865e-30
3.69949e-30
3.63249e-30
3.54682e-30
3.41507e-30
3.22416e-30
3.01359e-30
2.80887e-30
2.65157e-30
2.56333e-30
2.52593e-30
2.51522e-30
2.48182e-30
2.38885e-30
2.23093e-30
2.02815e-30
1.8307e-30
1.6936e-30
1.64148e-30
1.66618e-30
1.72064e-30
1.73967e-30
1.68398e-30
1.54415e-30
1.35864e-30
1.18509e-30
1.07137e-30
1.03832e-30
1.06313e-30
1.10828e-30
1.12564e-30
1.09534e-30
1.01811e-30
9.12198e-31
8.13742e-31
7.3416e-31
6.92869e-31
6.79601e-31
6.79476e-31
6.84084e-31
6.64253e-31
6.30434e-31
5.75999e-31
5.17588e-31
4.80925e-31
4.56298e-31
4.61365e-31
4.64201e-31
4.48663e-31
4.16151e-31
3.50866e-31
2.96256e-31
2.61353e-31
2.58034e-31
2.93151e-31
3.22702e-31
3.39489e-31
3.21334e-31
2.6938e-31
2.17194e-31
1.69375e-31
1.46955e-31
1.41855e-31
1.33963e-31
1.27642e-31
1.16138e-31
1.20226e-31
1.53243e-31
1.98486e-31
2.41382e-31
2.37471e-31
1.6815e-31
5.45309e-32
-7.12647e-32
-1.35357e-31
-1.04431e-31
1.2839e-32
1.78418e-31
2.95838e-31
3.14729e-31
2.15222e-31
2.80881e-32
-1.45426e-31
-2.42426e-31
-2.08416e-31
-5.81495e-32
1.22348e-31
2.65602e-31
2.88691e-31
1.88307e-31
2.09561e-32
-1.49624e-31
-2.27741e-31
-1.96066e-31
-7.69785e-32
7.66027e-32
1.75603e-31
1.96625e-31
1.3234e-31
1.99845e-32
-7.57884e-32
-1.3512e-31
-1.32618e-31
-8.93692e-32
-3.48879e-32
2.16005e-32
5.31165e-32
6.9742e-32
6.80575e-32
4.6629e-32
1.82e-32
-2.37055e-32
-6.01602e-32
-8.66082e-32
-9.62766e-32
-8.30557e-32
-5.72453e-32
-1.83166e-32
1.8686e-32
5.07426e-32
6.57517e-32
5.75131e-32
2.96247e-32
-2.09895e-32
-6.7221e-32
-1.04437e-31
-1.14339e-31
-9.06601e-32
-5.5214e-32
-4.03994e-33
3.12422e-32
4.86959e-32
5.08054e-32
2.50115e-32
-2.63762e-33
-4.03467e-32
-7.38219e-32
-8.83776e-32
-9.16517e-32
-6.58689e-32
-2.89057e-32
1.02375e-32
4.17746e-32
4.4972e-32
2.91583e-32
-6.06593e-33
-4.4814e-32
-7.13706e-32
-8.24749e-32
-7.05578e-32
-4.44845e-32
-1.19667e-32
1.58859e-32
2.92877e-32
2.35936e-32
3.46066e-33
-2.12274e-32
-4.01301e-32
-4.01872e-32
-3.14579e-32
-1.75049e-32
-1.29169e-32
-2.57202e-32
-3.65806e-32
-4.32507e-32
-2.29035e-32
1.6698e-32
5.02653e-32
6.4624e-32
3.02552e-32
-3.09008e-32
-9.29096e-32
-1.22789e-31
-9.03735e-32
-1.92668e-32
6.57705e-32
1.14447e-31
1.00499e-31
3.65235e-32
-5.26937e-32
-1.11054e-31
-1.16173e-31
-6.55448e-32
1.49493e-32
7.48668e-32
9.29998e-32
5.586e-32
-9.9697e-33
-6.45683e-32
-8.48932e-32
-5.25538e-32
6.96691e-33
6.268e-32
8.75828e-32
6.06036e-32
2.8242e-33
-6.11274e-32
-1.0031e-31
-8.90141e-32
-3.93378e-32
3.23015e-32
9.51244e-32
1.17796e-31
1.00298e-31
4.44935e-32
-2.69344e-32
-8.28511e-32
-1.13684e-31
-1.02374e-31
-5.61995e-32
6.65297e-33
7.61209e-32
1.21579e-31
1.33965e-31
1.06897e-31
4.00593e-32
-3.78761e-32
-1.08072e-31
-1.38893e-31
-1.13249e-31
-4.16813e-32
5.71685e-32
1.38231e-31
1.68462e-31
1.34433e-31
4.60195e-32
-5.36973e-32
-1.22053e-31
-1.27814e-31
-6.74448e-32
2.68978e-32
1.11519e-31
1.47523e-31
1.17155e-31
4.14338e-32
-4.30972e-32
-9.56676e-32
-8.67188e-32
-2.94103e-32
5.30872e-32
1.18451e-31
1.30647e-31
9.65177e-32
2.25981e-32
-4.58168e-32
-7.42664e-32
-6.1559e-32
8.00465e-34
6.58489e-32
1.08791e-31
1.17393e-31
7.50285e-32
2.39116e-32
-2.43535e-32
-4.67008e-32
-2.70864e-32
6.05163e-33
5.11733e-32
8.19528e-32
8.75606e-32
7.94551e-32
5.50769e-32
3.30893e-32
2.00267e-32
1.28044e-32
1.4847e-32
1.72937e-32
1.54879e-32
1.66598e-32
1.67706e-32
2.65706e-32
4.93911e-32
7.3305e-32
1.02458e-31
1.11017e-31
9.70406e-32
6.19096e-32
3.83305e-33
-3.98276e-32
-6.56516e-32
-5.08026e-32
2.68727e-33
6.68335e-32
1.30134e-31
1.53688e-31
1.38495e-31
8.66819e-32
2.30307e-32
-2.59892e-32
-4.65187e-32
-2.5244e-32
5.45655e-33
5.4239e-32
7.46418e-32
7.52933e-32
6.82893e-32
2.34876e-32
1.41029e-32
-1.83618e-32
-2.45603e-32
-4.63265e-33
)
;

boundaryField
{
    left
    {
        type            calculated;
        value           uniform 0;
    }
    right
    {
        type            calculated;
        value           uniform 0;
    }
    empty
    {
        type            empty;
        value           nonuniform List<scalar> 0();
    }
}


// ************************************************************************* //
