/*--------------------------------*- C++ -*----------------------------------*\
| =========                 |                                                 |
| \\      /  F ield         | OpenFOAM: The Open Source CFD Toolbox           |
|  \\    /   O peration     | Version:  2106                                  |
|   \\  /    A nd           | Website:  www.openfoam.com                      |
|    \\/     M anipulation  |                                                 |
\*---------------------------------------------------------------------------*/
FoamFile
{
    version     2.0;
    format      ascii;
    arch        "LSB;label=32;scalar=64";
    class       surfaceScalarField;
    location    "0.149";
    object      phi;
}
// * * * * * * * * * * * * * * * * * * * * * * * * * * * * * * * * * * * * * //

dimensions      [0 3 -1 0 0 0 0];

oriented        oriented;

internalField   nonuniform List<scalar> 
799
(
1.59634e-32
4.19223e-32
5.32429e-32
4.05318e-32
1.34191e-32
-5.52697e-32
-1.1669e-31
-1.64601e-31
-1.76676e-31
-1.40931e-31
-8.71474e-32
-2.68781e-32
9.59535e-33
1.73427e-32
-6.2336e-33
-4.74472e-32
-1.00318e-31
-1.54646e-31
-1.96585e-31
-2.26166e-31
-2.19589e-31
-1.85031e-31
-1.25381e-31
-5.61153e-32
-1.70174e-32
-9.3953e-33
-5.25215e-32
-1.24599e-31
-1.92333e-31
-2.46355e-31
-2.50619e-31
-2.24726e-31
-1.79789e-31
-1.26123e-31
-1.02606e-31
-9.28846e-32
-1.11426e-31
-1.50653e-31
-1.81844e-31
-2.19834e-31
-2.30078e-31
-2.18851e-31
-1.9662e-31
-1.51119e-31
-1.27063e-31
-1.17921e-31
-1.34955e-31
-1.85017e-31
-2.26049e-31
-2.6339e-31
-2.66346e-31
-2.33501e-31
-1.91292e-31
-1.37929e-31
-1.14426e-31
-1.21463e-31
-1.55417e-31
-2.15327e-31
-2.61522e-31
-2.87438e-31
-2.75015e-31
-2.22577e-31
-1.61161e-31
-1.0689e-31
-9.47121e-32
-1.36063e-31
-2.10445e-31
-2.94521e-31
-3.40476e-31
-3.23466e-31
-2.52563e-31
-1.5126e-31
-7.52384e-32
-5.90945e-32
-1.06526e-31
-2.00626e-31
-2.8743e-31
-3.32319e-31
-3.21038e-31
-2.61984e-31
-1.95912e-31
-1.4705e-31
-1.31805e-31
-1.46906e-31
-1.71098e-31
-1.97093e-31
-2.167e-31
-2.34851e-31
-2.55148e-31
-2.67388e-31
-2.65381e-31
-2.34205e-31
-1.8158e-31
-1.28095e-31
-9.53426e-32
-1.14134e-31
-1.72617e-31
-2.54272e-31
-3.23499e-31
-3.36719e-31
-3.01281e-31
-2.15337e-31
-1.24332e-31
-7.09081e-32
-6.16749e-32
-1.1941e-31
-1.98448e-31
-2.71999e-31
-3.15683e-31
-2.98432e-31
-2.54336e-31
-1.91314e-31
-1.44404e-31
-1.35546e-31
-1.467e-31
-1.77034e-31
-1.93586e-31
-1.90791e-31
-1.77751e-31
-1.6355e-31
-1.73156e-31
-2.03327e-31
-2.44531e-31
-2.75012e-31
-2.73249e-31
-2.38225e-31
-1.78496e-31
-1.18669e-31
-8.04823e-32
-7.47415e-32
-1.04299e-31
-1.56279e-31
-2.16836e-31
-2.71752e-31
-3.032e-31
-3.05512e-31
-2.71362e-31
-2.06777e-31
-1.32579e-31
-6.73324e-32
-4.15647e-32
-6.3637e-32
-1.26341e-31
-2.10019e-31
-2.74331e-31
-3.00282e-31
-2.76227e-31
-2.15409e-31
-1.52087e-31
-1.0817e-31
-1.0676e-31
-1.40685e-31
-1.8702e-31
-2.23426e-31
-2.23234e-31
-1.89593e-31
-1.38015e-31
-9.549e-32
-9.18413e-32
-1.31008e-31
-2.01212e-31
-2.67105e-31
-2.93059e-31
-2.61125e-31
-1.79857e-31
-8.93776e-32
-3.01182e-32
-3.68154e-32
-1.0205e-31
-1.90678e-31
-2.60061e-31
-2.65509e-31
-2.17603e-31
-1.38547e-31
-7.41995e-32
-6.60383e-32
-1.00179e-31
-1.67144e-31
-2.14747e-31
-2.14816e-31
-1.76385e-31
-1.03128e-31
-5.12764e-32
-3.53344e-32
-6.17892e-32
-1.26418e-31
-1.79513e-31
-2.12965e-31
-2.02137e-31
-1.51784e-31
-9.29983e-32
-3.34723e-32
-6.69261e-33
-1.13156e-32
-3.87774e-32
-8.30565e-32
-1.16206e-31
-1.35786e-31
-1.34717e-31
-1.12046e-31
-8.03173e-32
-3.93815e-32
2.28648e-35
2.84195e-32
4.1801e-32
2.97038e-32
-2.58374e-33
-4.12059e-32
-6.96984e-32
-6.43261e-32
-2.1432e-32
4.59652e-32
1.12899e-31
1.44103e-31
1.26253e-31
6.95607e-32
5.90192e-33
-1.91991e-32
1.9497e-32
1.15366e-31
2.32163e-31
3.13417e-31
3.18711e-31
2.48052e-31
1.35529e-31
4.80881e-32
4.11788e-32
1.26994e-31
2.82825e-31
4.37242e-31
5.26963e-31
5.24084e-31
4.33699e-31
3.21222e-31
2.46269e-31
2.50818e-31
3.47412e-31
4.87881e-31
6.26395e-31
7.14447e-31
7.2782e-31
6.91154e-31
6.33527e-31
6.00086e-31
6.19563e-31
6.89234e-31
7.92097e-31
8.93889e-31
9.65624e-31
9.9793e-31
1.00509e-30
1.0113e-30
1.04713e-30
1.12334e-30
1.22115e-30
1.31861e-30
1.37968e-30
1.39694e-30
1.39501e-30
1.40168e-30
1.46059e-30
1.57952e-30
1.73267e-30
1.88752e-30
1.99729e-30
2.04969e-30
2.06723e-30
2.07758e-30
2.12283e-30
2.21742e-30
2.34372e-30
2.48922e-30
2.62324e-30
2.739e-30
2.85056e-30
2.95525e-30
3.07134e-30
3.19191e-30
3.30731e-30
3.4278e-30
3.54562e-30
3.67724e-30
3.82446e-30
3.97596e-30
4.13086e-30
4.27592e-30
4.42212e-30
4.58592e-30
4.77919e-30
5.00371e-30
5.23584e-30
5.4445e-30
5.60533e-30
5.72601e-30
5.83844e-30
5.99435e-30
6.22875e-30
6.53525e-30
6.88038e-30
7.19801e-30
7.44994e-30
7.6337e-30
7.78161e-30
7.96116e-30
8.20688e-30
8.53059e-30
8.9017e-30
9.26459e-30
9.59322e-30
9.87379e-30
1.01373e-29
1.0423e-29
1.07489e-29
1.11239e-29
1.15162e-29
1.19006e-29
1.22649e-29
1.26087e-29
1.2966e-29
1.33543e-29
1.3785e-29
1.4252e-29
1.47204e-29
1.51763e-29
1.56052e-29
1.60188e-29
1.64522e-29
1.69201e-29
1.74446e-29
1.80099e-29
1.8584e-29
1.9147e-29
1.96666e-29
2.01607e-29
2.0654e-29
2.11772e-29
2.17725e-29
2.24276e-29
2.31295e-29
2.38347e-29
2.44902e-29
2.50814e-29
2.56109e-29
2.60819e-29
2.6713e-29
2.74532e-29
2.90202e-29
3.16504e-29
3.54729e-29
4.25562e-29
4.54456e-29
4.84388e-29
3.15725e-29
-1.09734e-29
-6.21414e-29
-1.67526e-28
-1.57957e-28
-9.6953e-29
1.91279e-28
8.35725e-28
1.20131e-27
1.84401e-27
1.08262e-27
-7.35029e-28
-3.0101e-27
-7.51628e-27
-7.18645e-27
-5.90391e-27
1.77567e-27
1.69039e-26
2.26957e-26
3.30767e-26
1.66764e-26
-1.35828e-26
-4.09789e-26
-9.0467e-26
-7.12937e-26
-4.2166e-26
3.15992e-26
1.54654e-25
1.62765e-25
1.92027e-25
5.43407e-26
-1.45571e-25
-2.41533e-25
-4.15681e-25
-2.36494e-25
-3.16133e-26
2.19184e-25
5.89225e-25
4.55186e-25
3.83065e-25
-3.70537e-26
-5.43972e-25
-5.80019e-25
-7.54222e-25
-2.54548e-25
2.23659e-25
5.06879e-25
9.15323e-25
5.06889e-25
2.23674e-25
-2.54534e-25
-7.54217e-25
-5.80024e-25
-5.43984e-25
-3.70678e-26
3.83056e-25
4.55185e-25
5.8923e-25
2.19192e-25
-3.16076e-26
-2.36492e-25
-4.15683e-25
-2.41538e-25
-1.45575e-25
5.4337e-26
1.92025e-25
1.62765e-25
1.54654e-25
3.15994e-26
-4.21663e-26
-7.12945e-26
-9.04678e-26
-4.098e-26
-1.35837e-26
1.66754e-26
3.30756e-26
2.26947e-26
1.69029e-26
1.77483e-27
-5.90466e-27
-7.18712e-27
-7.51689e-27
-3.01074e-27
-7.35686e-28
1.08191e-27
1.84326e-27
1.20055e-27
8.34984e-28
1.90611e-28
-9.75413e-29
-1.58444e-28
-1.67947e-28
-6.25619e-29
-1.14384e-29
3.10017e-29
4.77856e-29
4.47602e-29
4.19122e-29
3.49572e-29
3.12716e-29
2.8762e-29
2.72432e-29
2.6463e-29
2.57481e-29
2.51672e-29
2.45624e-29
2.39564e-29
2.33403e-29
2.27339e-29
2.21463e-29
2.15916e-29
2.10623e-29
2.05349e-29
1.99885e-29
1.94088e-29
1.88049e-29
1.82124e-29
1.76583e-29
1.71694e-29
1.67388e-29
1.63372e-29
1.59388e-29
1.55076e-29
1.5046e-29
1.45614e-29
1.40745e-29
1.36168e-29
1.31943e-29
1.28206e-29
1.24844e-29
1.2166e-29
1.18482e-29
1.15041e-29
1.11289e-29
1.07325e-29
1.03376e-29
9.97844e-30
9.67742e-30
9.42831e-30
9.21251e-30
8.98679e-30
8.71615e-30
8.40159e-30
8.04982e-30
7.71201e-30
7.42438e-30
7.19739e-30
7.03568e-30
6.88734e-30
6.72153e-30
6.51085e-30
6.24225e-30
5.9552e-30
5.67525e-30
5.44395e-30
5.28295e-30
5.17404e-30
5.09306e-30
4.99066e-30
4.82993e-30
4.60549e-30
4.33743e-30
4.07595e-30
3.87606e-30
3.76239e-30
3.72677e-30
3.72213e-30
3.68327e-30
3.57091e-30
3.37561e-30
3.13583e-30
2.90918e-30
2.74354e-30
2.65974e-30
2.63495e-30
2.63164e-30
2.60166e-30
2.52515e-30
2.40281e-30
2.25288e-30
2.11149e-30
1.99003e-30
1.90791e-30
1.85486e-30
1.81596e-30
1.7828e-30
1.7262e-30
1.65658e-30
1.56732e-30
1.47501e-30
1.40538e-30
1.3487e-30
1.3226e-30
1.29516e-30
1.25021e-30
1.18912e-30
1.09609e-30
1.01456e-30
9.53525e-31
9.24856e-31
9.3539e-31
9.41103e-31
9.34784e-31
8.94242e-31
8.206e-31
7.47407e-31
6.79251e-31
6.37145e-31
6.13001e-31
5.86679e-31
5.62537e-31
5.33802e-31
5.21233e-31
5.38156e-31
5.67851e-31
5.95731e-31
5.77321e-31
4.94007e-31
3.66881e-31
2.28059e-31
1.51402e-31
1.70216e-31
2.75806e-31
4.30132e-31
5.36713e-31
5.45162e-31
4.35599e-31
2.38785e-31
5.59633e-32
-5.00005e-32
-2.46051e-32
1.17376e-31
2.89913e-31
4.25512e-31
4.41247e-31
3.33798e-31
1.59663e-31
-1.74342e-32
-1.01806e-31
-7.61284e-32
3.72103e-32
1.8528e-31
2.79001e-31
2.94956e-31
2.25815e-31
1.08812e-31
8.58694e-33
-5.50071e-32
-5.65855e-32
-1.72438e-32
3.35044e-32
8.64248e-32
1.14528e-31
1.27894e-31
1.23094e-31
9.86966e-32
6.74271e-32
2.28132e-32
-1.62309e-32
-4.51458e-32
-5.71644e-32
-4.6187e-32
-2.25123e-32
1.43805e-32
4.94513e-32
7.96609e-32
9.29182e-32
8.30121e-32
5.35378e-32
1.41323e-33
-4.62524e-32
-8.48319e-32
-9.60227e-32
-7.35668e-32
-3.92777e-32
1.07995e-32
4.50449e-32
6.15169e-32
6.27041e-32
3.60277e-32
7.55175e-33
-3.09428e-32
-6.51618e-32
-8.04181e-32
-8.43497e-32
-5.91862e-32
-2.28046e-32
1.57896e-32
4.68151e-32
4.95363e-32
3.32726e-32
-2.36904e-33
-4.15083e-32
-6.8436e-32
-7.9881e-32
-6.82804e-32
-4.25044e-32
-1.02598e-32
1.73424e-32
3.05079e-32
2.4597e-32
4.26413e-33
-2.06075e-32
-3.96832e-32
-3.99014e-32
-3.13182e-32
-1.74929e-32
-1.30205e-32
-2.59248e-32
-3.68801e-32
-4.36313e-32
-2.33489e-32
1.62111e-32
4.97432e-32
6.40748e-32
2.96894e-32
-3.1481e-32
-9.34964e-32
-1.23377e-31
-9.09498e-32
-1.9825e-32
6.52379e-32
1.13944e-31
1.00032e-31
3.60946e-32
-5.30804e-32
-1.11391e-31
-1.1646e-31
-6.5778e-32
1.47732e-32
7.47524e-32
9.29487e-32
5.58793e-32
-9.88092e-33
-6.44058e-32
-8.46561e-32
-5.22378e-32
7.36534e-33
6.31615e-32
8.81474e-32
6.12536e-32
3.55846e-33
-6.03089e-32
-9.94053e-32
-8.80255e-32
-3.82671e-32
3.34585e-32
9.63642e-32
1.19123e-31
1.01711e-31
4.59929e-32
-2.53455e-32
-8.11749e-32
-1.11919e-31
-1.00523e-31
-5.42616e-32
8.6752e-33
7.82289e-32
1.23769e-31
1.36238e-31
1.09248e-31
4.24878e-32
-3.53724e-32
-1.05496e-31
-1.36241e-31
-1.10525e-31
-3.88827e-32
6.00484e-32
1.41189e-31
1.71492e-31
1.37534e-31
4.91888e-32
-5.04609e-32
-1.18755e-31
-1.24457e-31
-6.40339e-32
3.0361e-32
1.15032e-31
1.51081e-31
1.20754e-31
4.50758e-32
-3.94139e-32
-9.19481e-32
-8.29647e-32
-2.56277e-32
5.68977e-32
1.22286e-31
1.34505e-31
1.00392e-31
2.64883e-32
-4.19095e-32
-7.03499e-32
-5.7635e-32
4.72756e-33
6.97826e-32
1.12724e-31
1.21323e-31
7.8953e-32
2.78297e-32
-2.04462e-32
-4.28091e-32
-2.3212e-32
9.90575e-33
5.49958e-32
8.5737e-32
9.13026e-32
8.31565e-32
5.87286e-32
3.66912e-32
2.35731e-32
1.62922e-32
1.82766e-32
2.06569e-32
1.87823e-32
1.98828e-32
1.99183e-32
2.96461e-32
5.23951e-32
7.6236e-32
1.05317e-31
1.13804e-31
9.97523e-32
6.45435e-32
6.38491e-33
-3.73585e-32
-6.3266e-32
-4.85048e-32
4.89382e-33
6.89453e-32
1.32147e-31
1.55599e-31
1.40301e-31
8.83829e-32
2.46248e-32
-2.45074e-32
-4.5145e-32
-2.39854e-32
6.60158e-33
5.52667e-32
7.55551e-32
7.60923e-32
6.89724e-32
2.40582e-32
1.45581e-32
-1.80225e-32
-2.43363e-32
-4.52192e-33
)
;

boundaryField
{
    left
    {
        type            calculated;
        value           uniform 0;
    }
    right
    {
        type            calculated;
        value           uniform 0;
    }
    empty
    {
        type            empty;
        value           nonuniform List<scalar> 0();
    }
}


// ************************************************************************* //
