/*--------------------------------*- C++ -*----------------------------------*\
| =========                 |                                                 |
| \\      /  F ield         | OpenFOAM: The Open Source CFD Toolbox           |
|  \\    /   O peration     | Version:  2106                                  |
|   \\  /    A nd           | Website:  www.openfoam.com                      |
|    \\/     M anipulation  |                                                 |
\*---------------------------------------------------------------------------*/
FoamFile
{
    version     2.0;
    format      ascii;
    arch        "LSB;label=32;scalar=64";
    class       volScalarField;
    location    "0.03";
    object      rho;
}
// * * * * * * * * * * * * * * * * * * * * * * * * * * * * * * * * * * * * * //

dimensions      [1 -3 0 0 0 0 0];

internalField   nonuniform List<scalar> 
800
(
1.00435
1.00435
1.00435
1.00435
1.00435
1.00435
1.00435
1.00435
1.00435
1.00435
1.00435
1.00435
1.00435
1.00435
1.00435
1.00435
1.00435
1.00435
1.00435
1.00435
1.00435
1.00435
1.00435
1.00435
1.00435
1.00435
1.00435
1.00435
1.00435
1.00435
1.00435
1.00435
1.00435
1.00435
1.00435
1.00435
1.00435
1.00435
1.00435
1.00435
1.00435
1.00435
1.00435
1.00435
1.00435
1.00435
1.00435
1.00435
1.00435
1.00435
1.00435
1.00435
1.00435
1.00435
1.00435
1.00435
1.00435
1.00435
1.00435
1.00435
1.00435
1.00435
1.00435
1.00435
1.00435
1.00435
1.00435
1.00435
1.00435
1.00435
1.00435
1.00435
1.00435
1.00435
1.00435
1.00435
1.00435
1.00435
1.00435
1.00435
1.00435
1.00435
1.00435
1.00435
1.00435
1.00435
1.00435
1.00435
1.00435
1.00435
1.00435
1.00435
1.00435
1.00435
1.00435
1.00435
1.00435
1.00435
1.00435
1.00435
1.00435
1.00435
1.00435
1.00435
1.00435
1.00435
1.00435
1.00435
1.00435
1.00435
1.00435
1.00435
1.00435
1.00435
1.00435
1.00435
1.00435
1.00435
1.00435
1.00435
1.00435
1.00435
1.00435
1.00435
1.00435
1.00435
1.00435
1.00435
1.00435
1.00435
1.00435
1.00435
1.00435
1.00435
1.00435
1.00435
1.00435
1.00435
1.00435
1.00435
1.00435
1.00435
1.00435
1.00435
1.00435
1.00435
1.00435
1.00435
1.00435
1.00435
1.00435
1.00435
1.00435
1.00435
1.00435
1.00435
1.00435
1.00435
1.00435
1.00435
1.00435
1.00435
1.00435
1.00435
1.00435
1.00435
1.00435
1.00435
1.00435
1.00435
1.00435
1.00435
1.00435
1.00435
1.00435
1.00435
1.00435
1.00435
1.00435
1.00435
1.00435
1.00435
1.00435
1.00435
1.00435
1.00435
1.00435
1.00435
1.00435
1.00435
1.00435
1.00435
1.00435
1.00435
1.00435
1.00435
1.00435
1.00435
1.00435
1.00435
1.00435
1.00435
1.00435
1.00435
1.00435
1.00435
1.00435
1.00435
1.00435
1.00435
1.00435
1.00435
1.00435
1.00435
1.00435
1.00435
1.00435
1.00435
1.00435
1.00435
1.00435
1.00435
1.00435
1.00435
1.00435
1.00435
1.00435
1.00435
1.00435
1.00435
1.00435
1.00435
1.00435
1.00435
1.00435
1.00435
1.00435
1.00435
1.00435
1.00435
1.00435
1.00435
1.00435
1.00435
1.00435
1.00435
1.00435
1.00435
1.00435
1.00435
1.00435
1.00435
1.00435
1.00435
1.00435
1.00435
1.00435
1.00435
1.00435
1.00435
1.00435
1.00435
1.00435
1.00435
1.00435
1.00435
1.00435
1.00435
1.00435
1.00435
1.00435
1.00435
1.00435
1.00435
1.00435
1.00435
1.00435
1.00435
1.00435
1.00435
1.00435
1.00435
1.00435
1.00435
1.00435
1.00435
1.00435
1.00435
1.00435
1.00435
1.00435
1.00435
1.00435
1.00435
1.00435
1.00435
1.00435
1.00435
1.00435
1.00435
1.00435
1.00435
1.00435
1.00435
1.00435
1.00435
1.00435
1.00435
1.00435
1.00435
1.00435
1.00435
1.00435
1.00435
1.00435
1.00435
1.00435
1.00435
1.00435
1.00435
1.00435
1.00435
1.00435
1.00435
1.00435
1.00435
1.00435
1.00435
1.00435
1.00435
1.00435
1.00435
1.00435
1.00435
1.00435
1.00435
1.00435
1.00435
1.00435
1.00435
1.00435
1.00435
1.00435
1.00435
1.00435
1.00435
1.00435
1.00435
1.00435
1.00435
1.00435
1.00435
1.00435
1.00435
1.00435
1.00435
1.00435
1.00435
1.00435
1.00435
1.00435
1.00435
1.00434
1.00361
0.99664
0.977521
0.952416
0.927948
0.905377
0.884173
0.863817
0.844034
0.824701
0.805763
0.787191
0.76897
0.751087
0.733532
0.716297
0.699374
0.682756
0.666436
0.650407
0.634662
0.619196
0.604005
0.589082
0.574426
0.560033
0.545903
0.532036
0.518434
0.505102
0.492046
0.479278
0.466827
0.454771
0.44337
0.433412
0.4266
0.424332
0.425871
0.427568
0.427118
0.426702
0.426478
0.426317
0.426343
0.4265
0.426524
0.42649
0.426513
0.426564
0.426621
0.426654
0.426672
0.426818
0.427153
0.427464
0.427521
0.427494
0.427196
0.42612
0.423284
0.416978
0.404545
0.382976
0.35162
0.315066
0.283028
0.265639
0.260323
0.258751
0.258443
0.258577
0.258894
0.259401
0.26014
0.26122
0.261997
0.262176
0.262181
0.261802
0.261109
0.260821
0.260828
0.260937
0.261364
0.262191
0.262464
0.262165
0.2584
0.225986
0.148507
0.123951
0.123438
0.123438
0.123438
0.123438
0.123438
0.123438
0.123438
0.123438
0.123438
0.123438
0.123438
0.123438
0.123438
0.123438
0.123438
0.123438
0.123438
0.123438
0.123438
0.123438
0.123438
0.123438
0.123438
0.123438
0.123438
0.123438
0.123438
0.123438
0.123438
0.123438
0.123438
0.123438
0.123438
0.123438
0.123438
0.123438
0.123438
0.123438
0.123438
0.123438
0.123438
0.123438
0.123438
0.123438
0.123438
0.123438
0.123438
0.123438
0.123438
0.123438
0.123438
0.123438
0.123438
0.123438
0.123438
0.123438
0.123438
0.123438
0.123438
0.123438
0.123438
0.123438
0.123438
0.123438
0.123438
0.123438
0.123438
0.123438
0.123438
0.123438
0.123438
0.123438
0.123438
0.123438
0.123438
0.123438
0.123438
0.123438
0.123438
0.123438
0.123438
0.123438
0.123438
0.123438
0.123438
0.123438
0.123438
0.123438
0.123438
0.123438
0.123438
0.123438
0.123438
0.123438
0.123438
0.123438
0.123438
0.123438
0.123438
0.123438
0.123438
0.123438
0.123438
0.123438
0.123438
0.123438
0.123438
0.123438
0.123438
0.123438
0.123438
0.123438
0.123438
0.123438
0.123438
0.123438
0.123438
0.123438
0.123438
0.123438
0.123438
0.123438
0.123438
0.123438
0.123438
0.123438
0.123438
0.123438
0.123438
0.123438
0.123438
0.123438
0.123438
0.123438
0.123438
0.123438
0.123438
0.123438
0.123438
0.123438
0.123438
0.123438
0.123438
0.123438
0.123438
0.123438
0.123438
0.123438
0.123438
0.123438
0.123438
0.123438
0.123438
0.123438
0.123438
0.123438
0.123438
0.123438
0.123438
0.123438
0.123438
0.123438
0.123438
0.123438
0.123438
0.123438
0.123438
0.123438
0.123438
0.123438
0.123438
0.123438
0.123438
0.123438
0.123438
0.123438
0.123438
0.123438
0.123438
0.123438
0.123438
0.123438
0.123438
0.123438
0.123438
0.123438
0.123438
0.123438
0.123438
0.123438
0.123438
0.123438
0.123438
0.123438
0.123438
0.123438
0.123438
0.123438
0.123438
0.123438
0.123438
0.123438
0.123438
0.123438
0.123438
0.123438
0.123438
0.123438
0.123438
0.123438
0.123438
0.123438
0.123438
0.123438
0.123438
0.123438
0.123438
0.123438
0.123438
0.123438
0.123438
0.123438
0.123438
0.123438
0.123438
0.123438
0.123438
0.123438
0.123438
0.123438
0.123438
0.123438
0.123438
0.123438
0.123438
0.123438
0.123438
0.123438
0.123438
0.123438
0.123438
0.123438
0.123438
0.123438
0.123438
0.123438
0.123438
0.123438
0.123438
0.123438
0.123438
0.123438
0.123438
0.123438
0.123438
0.123438
0.123438
0.123438
0.123438
0.123438
0.123438
0.123438
0.123438
0.123438
0.123438
0.123438
0.123438
0.123438
0.123438
0.123438
0.123438
0.123438
0.123438
0.123438
0.123438
0.123438
0.123438
0.123438
0.123438
0.123438
0.123438
0.123438
0.123438
0.123438
0.123438
0.123438
0.123438
0.123438
0.123438
0.123438
0.123438
0.123438
0.123438
0.123438
0.123438
0.123438
0.123438
0.123438
0.123438
0.123438
0.123438
0.123438
0.123438
0.123438
0.123438
0.123438
0.123438
0.123438
0.123438
0.123438
0.123438
0.123438
0.123438
0.123438
0.123438
0.123438
0.123438
0.123438
0.123438
0.123438
0.123438
0.123438
0.123438
0.123438
0.123438
0.123438
0.123438
0.123438
0.123438
0.123438
0.123438
0.123438
0.123438
0.123438
0.123438
0.123438
0.123438
0.123438
0.123438
0.123438
0.123438
0.123438
0.123438
0.123438
0.123438
)
;

boundaryField
{
    left
    {
        type            calculated;
        value           uniform 0.123438;
    }
    right
    {
        type            calculated;
        value           uniform 1.00435;
    }
    empty
    {
        type            empty;
    }
}


// ************************************************************************* //
