/*--------------------------------*- C++ -*----------------------------------*\
| =========                 |                                                 |
| \\      /  F ield         | OpenFOAM: The Open Source CFD Toolbox           |
|  \\    /   O peration     | Version:  2106                                  |
|   \\  /    A nd           | Website:  www.openfoam.com                      |
|    \\/     M anipulation  |                                                 |
\*---------------------------------------------------------------------------*/
FoamFile
{
    version     2.0;
    format      ascii;
    arch        "LSB;label=32;scalar=64";
    class       volScalarField;
    location    "0.03";
    object      T;
}
// * * * * * * * * * * * * * * * * * * * * * * * * * * * * * * * * * * * * * //

dimensions      [0 0 0 1 0 0 0];

internalField   nonuniform List<scalar> 
800
(
0.003468
0.003468
0.003468
0.003468
0.003468
0.003468
0.003468
0.003468
0.003468
0.003468
0.003468
0.003468
0.003468
0.003468
0.003468
0.003468
0.003468
0.003468
0.003468
0.003468
0.003468
0.003468
0.003468
0.003468
0.003468
0.003468
0.003468
0.003468
0.003468
0.003468
0.003468
0.003468
0.003468
0.003468
0.003468
0.003468
0.003468
0.003468
0.003468
0.003468
0.003468
0.003468
0.003468
0.003468
0.003468
0.003468
0.003468
0.003468
0.003468
0.003468
0.003468
0.003468
0.003468
0.003468
0.003468
0.003468
0.003468
0.003468
0.003468
0.003468
0.003468
0.003468
0.003468
0.003468
0.003468
0.003468
0.003468
0.003468
0.003468
0.003468
0.003468
0.003468
0.003468
0.003468
0.003468
0.003468
0.003468
0.003468
0.003468
0.003468
0.003468
0.003468
0.003468
0.003468
0.003468
0.003468
0.003468
0.003468
0.003468
0.003468
0.003468
0.003468
0.003468
0.003468
0.003468
0.003468
0.003468
0.003468
0.003468
0.003468
0.003468
0.003468
0.003468
0.003468
0.003468
0.003468
0.003468
0.003468
0.003468
0.003468
0.003468
0.003468
0.003468
0.003468
0.003468
0.003468
0.003468
0.003468
0.003468
0.003468
0.003468
0.003468
0.003468
0.003468
0.003468
0.003468
0.003468
0.003468
0.003468
0.003468
0.003468
0.003468
0.003468
0.003468
0.003468
0.003468
0.003468
0.003468
0.003468
0.003468
0.003468
0.003468
0.003468
0.003468
0.003468
0.003468
0.003468
0.003468
0.003468
0.003468
0.003468
0.003468
0.003468
0.003468
0.003468
0.003468
0.003468
0.003468
0.003468
0.003468
0.003468
0.003468
0.003468
0.003468
0.003468
0.003468
0.003468
0.003468
0.003468
0.003468
0.003468
0.003468
0.003468
0.003468
0.003468
0.003468
0.003468
0.003468
0.003468
0.003468
0.003468
0.003468
0.003468
0.003468
0.003468
0.003468
0.003468
0.003468
0.003468
0.003468
0.003468
0.003468
0.003468
0.003468
0.003468
0.003468
0.003468
0.003468
0.003468
0.003468
0.003468
0.003468
0.003468
0.003468
0.003468
0.003468
0.003468
0.003468
0.003468
0.003468
0.003468
0.003468
0.003468
0.003468
0.003468
0.003468
0.003468
0.003468
0.003468
0.003468
0.003468
0.003468
0.003468
0.003468
0.003468
0.003468
0.003468
0.003468
0.003468
0.003468
0.003468
0.003468
0.003468
0.003468
0.003468
0.003468
0.003468
0.003468
0.003468
0.003468
0.003468
0.003468
0.003468
0.003468
0.003468
0.003468
0.003468
0.003468
0.003468
0.003468
0.003468
0.003468
0.003468
0.003468
0.003468
0.003468
0.003468
0.003468
0.003468
0.003468
0.003468
0.003468
0.003468
0.003468
0.003468
0.003468
0.003468
0.003468
0.003468
0.003468
0.003468
0.003468
0.003468
0.003468
0.003468
0.003468
0.003468
0.003468
0.003468
0.003468
0.003468
0.003468
0.003468
0.003468
0.003468
0.003468
0.003468
0.003468
0.003468
0.003468
0.003468
0.003468
0.003468
0.003468
0.003468
0.003468
0.003468
0.003468
0.003468
0.003468
0.003468
0.003468
0.003468
0.003468
0.003468
0.003468
0.003468
0.003468
0.003468
0.003468
0.003468
0.003468
0.003468
0.003468
0.003468
0.003468
0.003468
0.003468
0.003468
0.003468
0.003468
0.003468
0.003468
0.003468
0.003468
0.003468
0.003468
0.003468
0.003468
0.003468
0.003468
0.003468
0.003468
0.003468
0.003468
0.003468
0.003468
0.003468
0.003468
0.003468
0.003468
0.003468
0.003468
0.003468
0.003468
0.003468
0.003468
0.003468
0.003468
0.003468
0.003468
0.003468
0.003468
0.003468
0.003468
0.003468
0.003468
0.003468
0.003468
0.003468
0.003468
0.003468
0.00346798
0.00346698
0.00345737
0.00343068
0.00339506
0.00335977
0.00332671
0.00329522
0.00326456
0.00323435
0.00320442
0.00317468
0.00314512
0.00311571
0.00308644
0.0030573
0.00302828
0.00299938
0.00297059
0.0029419
0.00291332
0.00288483
0.00285643
0.00282812
0.0027999
0.00277176
0.0027437
0.00271573
0.00268786
0.0026601
0.00263246
0.00260496
0.00257765
0.00255059
0.00252398
0.00249843
0.00247579
0.00246016
0.00245485
0.00245838
0.00246224
0.00246118
0.00246019
0.00245965
0.00245932
0.0024592
0.00245937
0.00245942
0.00245941
0.00245952
0.00245978
0.00246003
0.00246001
0.00245976
0.00245925
0.00245817
0.00245679
0.00245652
0.00245691
0.00245889
0.00246519
0.00248153
0.00251918
0.0025978
0.00274616
0.00299472
0.00334345
0.00371261
0.00397138
0.00405546
0.0040582
0.00405575
0.00405223
0.00404625
0.00403907
0.00403393
0.0040325
0.00403109
0.0040271
0.00402272
0.00401722
0.004011
0.00400759
0.00400667
0.00400665
0.00400922
0.00401634
0.00402107
0.00402186
0.00400379
0.00379552
0.00314169
0.00282851
0.00282173
0.00282173
0.00282173
0.00282173
0.00282173
0.00282173
0.00282173
0.00282173
0.00282173
0.00282173
0.00282173
0.00282173
0.00282173
0.00282173
0.00282173
0.00282173
0.00282173
0.00282173
0.00282173
0.00282173
0.00282173
0.00282173
0.00282173
0.00282173
0.00282173
0.00282173
0.00282173
0.00282173
0.00282173
0.00282173
0.00282173
0.00282173
0.00282173
0.00282173
0.00282173
0.00282173
0.00282173
0.00282173
0.00282173
0.00282173
0.00282173
0.00282173
0.00282173
0.00282173
0.00282173
0.00282173
0.00282173
0.00282173
0.00282173
0.00282173
0.00282173
0.00282173
0.00282173
0.00282173
0.00282173
0.00282173
0.00282173
0.00282173
0.00282173
0.00282173
0.00282173
0.00282173
0.00282173
0.00282173
0.00282173
0.00282173
0.00282173
0.00282173
0.00282173
0.00282173
0.00282173
0.00282173
0.00282173
0.00282173
0.00282173
0.00282173
0.00282173
0.00282173
0.00282173
0.00282173
0.00282173
0.00282173
0.00282173
0.00282173
0.00282173
0.00282173
0.00282173
0.00282173
0.00282173
0.00282173
0.00282173
0.00282173
0.00282173
0.00282173
0.00282173
0.00282173
0.00282173
0.00282173
0.00282173
0.00282173
0.00282173
0.00282173
0.00282173
0.00282173
0.00282173
0.00282173
0.00282173
0.00282173
0.00282173
0.00282173
0.00282173
0.00282173
0.00282173
0.00282173
0.00282173
0.00282173
0.00282173
0.00282173
0.00282173
0.00282173
0.00282173
0.00282173
0.00282173
0.00282173
0.00282173
0.00282173
0.00282173
0.00282173
0.00282173
0.00282173
0.00282173
0.00282173
0.00282173
0.00282173
0.00282173
0.00282173
0.00282173
0.00282173
0.00282173
0.00282173
0.00282173
0.00282173
0.00282173
0.00282173
0.00282173
0.00282173
0.00282173
0.00282173
0.00282173
0.00282173
0.00282173
0.00282173
0.00282173
0.00282173
0.00282173
0.00282173
0.00282173
0.00282173
0.00282173
0.00282173
0.00282173
0.00282173
0.00282173
0.00282173
0.00282173
0.00282173
0.00282173
0.00282173
0.00282173
0.00282173
0.00282173
0.00282173
0.00282173
0.00282173
0.00282173
0.00282173
0.00282173
0.00282173
0.00282173
0.00282173
0.00282173
0.00282173
0.00282173
0.00282173
0.00282173
0.00282173
0.00282173
0.00282173
0.00282173
0.00282173
0.00282173
0.00282173
0.00282173
0.00282173
0.00282173
0.00282173
0.00282173
0.00282173
0.00282173
0.00282173
0.00282173
0.00282173
0.00282173
0.00282173
0.00282173
0.00282173
0.00282173
0.00282173
0.00282173
0.00282173
0.00282173
0.00282173
0.00282173
0.00282173
0.00282173
0.00282173
0.00282173
0.00282173
0.00282173
0.00282173
0.00282173
0.00282173
0.00282173
0.00282173
0.00282173
0.00282173
0.00282173
0.00282173
0.00282173
0.00282173
0.00282173
0.00282173
0.00282173
0.00282173
0.00282173
0.00282173
0.00282173
0.00282173
0.00282173
0.00282173
0.00282173
0.00282173
0.00282173
0.00282173
0.00282173
0.00282173
0.00282173
0.00282173
0.00282173
0.00282173
0.00282173
0.00282173
0.00282173
0.00282173
0.00282173
0.00282173
0.00282173
0.00282173
0.00282173
0.00282173
0.00282173
0.00282173
0.00282173
0.00282173
0.00282173
0.00282173
0.00282173
0.00282173
0.00282173
0.00282173
0.00282173
0.00282173
0.00282173
0.00282173
0.00282173
0.00282173
0.00282173
0.00282173
0.00282173
0.00282173
0.00282173
0.00282173
0.00282173
0.00282173
0.00282173
0.00282173
0.00282173
0.00282173
0.00282173
0.00282173
0.00282173
0.00282173
0.00282173
0.00282173
0.00282173
0.00282173
0.00282173
0.00282173
0.00282173
0.00282173
0.00282173
0.00282173
0.00282173
0.00282173
0.00282173
0.00282173
0.00282173
0.00282173
0.00282173
0.00282173
0.00282173
0.00282173
0.00282173
0.00282173
0.00282173
0.00282173
0.00282173
0.00282173
0.00282173
0.00282173
0.00282173
0.00282173
0.00282173
0.00282173
0.00282173
0.00282173
0.00282173
0.00282173
0.00282173
0.00282173
0.00282173
0.00282173
0.00282173
0.00282173
0.00282173
0.00282173
0.00282173
0.00282173
0.00282173
0.00282173
0.00282173
0.00282173
0.00282173
0.00282173
0.00282173
)
;

boundaryField
{
    left
    {
        type            zeroGradient;
    }
    right
    {
        type            zeroGradient;
    }
    empty
    {
        type            empty;
    }
}


// ************************************************************************* //
