/*--------------------------------*- C++ -*----------------------------------*\
| =========                 |                                                 |
| \\      /  F ield         | OpenFOAM: The Open Source CFD Toolbox           |
|  \\    /   O peration     | Version:  2106                                  |
|   \\  /    A nd           | Website:  www.openfoam.com                      |
|    \\/     M anipulation  |                                                 |
\*---------------------------------------------------------------------------*/
FoamFile
{
    version     2.0;
    format      ascii;
    arch        "LSB;label=32;scalar=64";
    class       surfaceScalarField;
    location    "0.04";
    object      phi;
}
// * * * * * * * * * * * * * * * * * * * * * * * * * * * * * * * * * * * * * //

dimensions      [0 3 -1 0 0 0 0];

oriented        oriented;

internalField   nonuniform List<scalar> 
799
(
1.90389e-32
4.80732e-32
6.24633e-32
5.28141e-32
2.87592e-32
-3.68816e-32
-9.52681e-32
-1.4016e-31
-1.49227e-31
-1.10493e-31
-5.3735e-32
9.4901e-33
4.88958e-32
5.95514e-32
3.88582e-32
5.01325e-34
-4.954e-32
-1.01066e-31
-1.40231e-31
-1.67067e-31
-1.57785e-31
-1.20551e-31
-5.82609e-32
1.36079e-32
5.52742e-32
6.54237e-32
2.47843e-32
-4.48411e-32
-1.10172e-31
-1.61835e-31
-1.63787e-31
-1.35617e-31
-8.84476e-32
-3.25941e-32
-6.93166e-33
4.8884e-33
-1.16e-32
-4.88203e-32
-7.80528e-32
-1.14129e-31
-1.22508e-31
-1.09467e-31
-8.54684e-32
-3.8247e-32
-1.25169e-32
-1.74537e-33
-1.72017e-32
-6.57299e-32
-1.05273e-31
-1.41174e-31
-1.42735e-31
-1.08542e-31
-6.50294e-32
-1.04091e-32
1.43078e-32
8.43902e-33
-2.43901e-32
-8.32205e-32
-1.2838e-31
-1.53297e-31
-1.39913e-31
-8.656e-32
-2.42666e-32
3.08406e-32
4.38179e-32
3.22217e-33
-7.04379e-32
-1.53829e-31
-1.9914e-31
-1.81513e-31
-1.10033e-31
-8.18746e-33
6.83464e-32
8.49681e-32
3.79829e-32
-5.56961e-32
-1.42107e-31
-1.86644e-31
-1.75035e-31
-1.15681e-31
-4.9332e-32
-2.20805e-34
1.52478e-32
3.46066e-34
-2.36712e-32
-4.95145e-32
-6.89934e-32
-8.7037e-32
-1.0725e-31
-1.19426e-31
-1.17374e-31
-8.61703e-32
-3.35395e-32
1.99349e-32
5.26576e-32
3.38226e-32
-2.47196e-32
-1.06452e-31
-1.75773e-31
-1.89098e-31
-1.53782e-31
-6.79688e-32
2.28926e-32
7.61623e-32
8.52277e-32
2.73123e-32
-5.19205e-32
-1.25679e-31
-1.6958e-31
-1.52552e-31
-1.08688e-31
-4.59095e-32
7.52316e-34
9.3528e-33
-2.0747e-33
-3.26821e-32
-4.9516e-32
-4.70136e-32
-3.42729e-32
-2.03788e-32
-3.02997e-32
-6.0794e-32
-1.02329e-31
-1.3315e-31
-1.31729e-31
-9.70578e-32
-3.76865e-32
2.17735e-32
5.95841e-32
6.49431e-32
3.49948e-32
-1.73845e-32
-7.8353e-32
-1.33684e-31
-1.65559e-31
-1.6831e-31
-1.34612e-31
-7.04903e-32
3.23409e-33
6.79949e-32
9.32642e-32
7.06815e-32
7.45367e-33
-7.6762e-32
-1.41628e-31
-1.68151e-31
-1.44685e-31
-8.44731e-32
-2.17808e-32
2.14907e-32
2.22324e-32
-1.23801e-32
-5.94321e-32
-9.65764e-32
-9.71556e-32
-6.43155e-32
-1.35718e-32
2.809e-32
3.0845e-32
-9.25349e-33
-8.04241e-32
-1.47323e-31
-1.74324e-31
-1.43482e-31
-6.33516e-32
2.59422e-32
8.39638e-32
7.59779e-32
9.40095e-33
-8.06408e-32
-1.51492e-31
-1.58475e-31
-1.12176e-31
-3.47975e-32
2.77906e-32
3.411e-32
-1.9564e-33
-7.09359e-32
-1.20648e-31
-1.22927e-31
-8.68056e-32
-1.59681e-32
3.33502e-32
4.66404e-32
1.74116e-32
-5.01193e-32
-1.06259e-31
-1.42895e-31
-1.35403e-31
-8.85506e-32
-3.34239e-32
2.22665e-32
4.50276e-32
3.61996e-32
4.33409e-33
-4.45529e-32
-8.2527e-32
-1.07158e-31
-1.11379e-31
-9.42434e-32
-6.83088e-32
-3.34397e-32
-3.8158e-34
2.13786e-32
2.78116e-32
8.44231e-33
-3.14496e-32
-7.80272e-32
-1.14834e-31
-1.18159e-31
-8.43557e-32
-2.64624e-32
3.05335e-32
5.13576e-32
2.26542e-32
-4.53767e-32
-1.20876e-31
-1.58348e-31
-1.32567e-31
-5.01885e-32
5.25282e-32
1.19084e-31
1.09038e-31
2.23716e-32
-1.06856e-31
-2.11717e-31
-2.36799e-31
-1.69935e-31
-3.38629e-32
9.99588e-32
1.68212e-31
1.42964e-31
2.92738e-32
-1.0748e-31
-2.07719e-31
-2.29497e-31
-1.60313e-31
-4.83807e-32
6.04381e-32
1.17584e-31
9.881e-32
2.87031e-32
-6.36981e-32
-1.33294e-31
-1.51398e-31
-1.20792e-31
-5.85212e-32
1.09688e-33
2.90289e-32
1.58393e-32
-2.42411e-32
-6.70735e-32
-8.21495e-32
-5.87619e-32
-1.5752e-32
2.48689e-32
2.69901e-32
-1.6879e-32
-8.2174e-32
-1.41171e-31
-1.50314e-31
-1.01886e-31
-2.1757e-32
5.74761e-32
8.89509e-32
6.03087e-32
-6.02032e-33
-8.24509e-32
-1.26955e-31
-1.25207e-31
-9.48882e-32
-4.86156e-32
-1.71447e-32
-7.34787e-33
-5.24882e-33
-1.36062e-32
-1.42526e-32
-1.41924e-32
-2.31533e-32
-3.09797e-32
-4.55295e-32
-5.04172e-32
-4.39398e-32
-3.74997e-32
-3.20863e-32
-4.10383e-32
-5.34532e-32
-5.29749e-32
-2.78304e-32
2.36684e-32
7.78036e-32
1.03382e-31
7.59794e-32
3.16387e-33
-8.32446e-32
-1.316e-31
-1.06972e-31
-1.58408e-32
1.08252e-31
1.99104e-31
2.18419e-31
1.63681e-31
6.71217e-32
-3.80973e-33
-1.46555e-32
4.63604e-32
1.48585e-31
2.36366e-31
2.83617e-31
2.76517e-31
2.4601e-31
2.31348e-31
2.50509e-31
3.12438e-31
3.85254e-31
4.43785e-31
4.75916e-31
4.81223e-31
4.9365e-31
5.30901e-31
6.04314e-31
7.07868e-31
8.06741e-31
8.87076e-31
9.34507e-31
9.60816e-31
1.00127e-30
1.07051e-30
1.19105e-30
1.34701e-30
1.50653e-30
1.65e-30
1.74528e-30
1.81039e-30
1.87036e-30
1.95591e-30
2.1095e-30
2.31921e-30
2.57223e-30
2.82517e-30
3.02556e-30
3.15885e-30
3.22803e-30
3.23656e-30
3.40331e-30
3.6778e-30
4.77783e-30
6.94028e-30
1.02946e-29
1.69095e-29
1.93309e-29
2.18566e-29
4.52392e-30
-3.8487e-29
-9.01182e-29
-1.95964e-28
-1.86853e-28
-1.26305e-28
1.61476e-28
8.05473e-28
1.17061e-27
1.81287e-27
1.05105e-27
-7.67027e-28
-3.04252e-27
-7.54911e-27
-7.2197e-27
-5.93755e-27
1.74163e-27
1.68695e-26
2.26609e-26
3.30415e-26
1.66409e-26
-1.36187e-26
-4.10151e-26
-9.05036e-26
-7.13306e-26
-4.22032e-26
3.15617e-26
1.54616e-25
1.62727e-25
1.91989e-25
5.43022e-26
-1.45609e-25
-2.41572e-25
-4.1572e-25
-2.36533e-25
-3.16529e-26
2.19144e-25
5.89186e-25
4.55146e-25
3.83024e-25
-3.7094e-26
-5.44012e-25
-5.80059e-25
-7.54262e-25
-2.54588e-25
2.23618e-25
5.06838e-25
9.15282e-25
5.06849e-25
2.23634e-25
-2.54574e-25
-7.54257e-25
-5.80065e-25
-5.44024e-25
-3.7108e-26
3.83015e-25
4.55145e-25
5.8919e-25
2.19152e-25
-3.1647e-26
-2.36531e-25
-4.15722e-25
-2.41577e-25
-1.45614e-25
5.42987e-26
1.91987e-25
1.62727e-25
1.54616e-25
3.15622e-26
-4.22033e-26
-7.13311e-26
-9.05041e-26
-4.10159e-26
-1.36193e-26
1.66401e-26
3.30408e-26
2.26602e-26
1.68688e-26
1.7411e-27
-5.93798e-27
-7.22004e-27
-7.5494e-27
-3.04283e-27
-7.67349e-28
1.05068e-27
1.81247e-27
1.17019e-27
8.05072e-28
1.61148e-28
-1.26553e-28
-1.87001e-28
-1.96046e-28
-9.02007e-29
-3.86154e-29
4.28793e-30
2.15361e-29
1.89757e-29
1.6593e-29
1.01032e-29
6.88252e-30
4.83702e-30
3.78124e-30
3.46259e-30
3.20757e-30
3.0845e-30
2.93523e-30
2.78202e-30
2.61592e-30
2.45625e-30
2.31201e-30
2.19703e-30
2.10348e-30
2.00775e-30
1.88866e-30
1.73174e-30
1.54591e-30
1.36658e-30
1.2206e-30
1.13454e-30
1.10147e-30
1.09187e-30
1.07983e-30
1.02938e-30
9.42571e-31
8.27001e-31
7.03044e-31
6.02202e-31
5.30406e-31
5.01309e-31
5.03516e-31
5.17188e-31
5.25235e-31
5.00623e-31
4.38646e-31
3.49246e-31
2.54975e-31
1.90119e-31
1.77171e-31
2.09893e-31
2.69702e-31
3.1343e-31
3.06098e-31
2.48762e-31
1.48169e-31
5.55751e-32
7.23051e-33
1.36779e-32
7.96303e-32
1.53224e-31
2.03707e-31
2.03762e-31
1.40403e-31
5.31993e-32
-3.22285e-32
-7.42341e-32
-5.10883e-32
1.90833e-32
1.12231e-31
1.79066e-31
1.82789e-31
1.18111e-31
5.21355e-33
-1.05615e-31
-1.5928e-31
-1.31044e-31
-2.898e-32
9.99227e-32
1.90559e-31
2.03739e-31
1.30116e-31
8.23937e-33
-1.04175e-31
-1.59186e-31
-1.35864e-31
-5.69443e-32
4.01255e-32
1.07283e-31
1.24748e-31
9.33e-32
3.127e-32
-2.51424e-32
-6.4457e-32
-6.71928e-32
-4.35523e-32
-8.36275e-33
3.00312e-32
4.25164e-32
3.95952e-32
1.47003e-32
-1.5484e-32
-2.51789e-32
-2.40493e-32
5.61002e-33
3.19232e-32
3.8797e-32
2.76672e-32
-1.7219e-32
-5.23759e-32
-6.87344e-32
-5.43782e-32
-2.41343e-33
4.31813e-32
7.52514e-32
7.16506e-32
3.35452e-32
-5.46332e-33
-4.0744e-32
-5.1237e-32
-4.4993e-32
-4.21064e-32
-3.8177e-32
-3.99435e-32
-2.66042e-32
1.52016e-32
6.87893e-32
1.19608e-31
1.23215e-31
6.10309e-32
-4.58161e-32
-1.65187e-31
-2.2319e-31
-1.8649e-31
-6.37517e-32
1.07011e-31
2.29341e-31
2.52879e-31
1.57771e-31
-2.52e-32
-1.94773e-31
-2.88047e-31
-2.50507e-31
-9.69044e-32
8.67534e-32
2.32993e-31
2.58902e-31
1.61182e-31
-3.65024e-33
-1.7185e-31
-2.4772e-31
-2.13926e-31
-9.28407e-32
6.26254e-32
1.63412e-31
1.86105e-31
1.234e-31
1.25306e-32
-8.1837e-32
-1.39852e-31
-1.3611e-31
-9.16946e-32
-3.61127e-32
2.14102e-32
5.38899e-32
7.14189e-32
7.05793e-32
4.9944e-32
2.22565e-32
-1.89546e-32
-5.4764e-32
-8.06115e-32
-8.97228e-32
-7.59847e-32
-4.96935e-32
-1.03195e-32
2.70984e-32
5.95387e-32
7.49017e-32
6.69832e-32
3.93913e-32
-1.09566e-32
-5.69488e-32
-9.39481e-32
-1.0365e-31
-7.97877e-32
-4.41685e-32
7.15679e-33
4.25689e-32
6.01357e-32
6.23369e-32
3.66092e-32
9.00824e-33
-2.86678e-32
-6.21231e-32
-7.66761e-32
-7.99562e-32
-5.41941e-32
-1.72638e-32
2.18337e-32
5.33212e-32
5.64576e-32
4.05695e-32
5.26471e-33
-3.35729e-32
-6.02327e-32
-7.14475e-32
-5.96481e-32
-3.37008e-32
-1.31867e-33
2.63913e-32
3.96426e-32
3.37944e-32
1.34996e-32
-1.1357e-32
-3.04372e-32
-3.0681e-32
-2.21424e-32
-8.39043e-33
-4.01304e-33
-1.70355e-32
-2.81201e-32
-3.50173e-32
-1.48989e-32
2.44764e-32
5.78155e-32
7.19395e-32
3.73345e-32
-2.40662e-32
-8.63238e-32
-1.16456e-31
-8.42933e-32
-1.34439e-32
7.13316e-32
1.19736e-31
1.0551e-31
4.12555e-32
-4.8246e-32
-1.06887e-31
-1.12293e-31
-6.19533e-32
1.82482e-32
7.7873e-32
9.57112e-32
5.82777e-32
-7.84967e-33
-6.27492e-32
-8.33741e-32
-5.13381e-32
7.87811e-33
6.32818e-32
8.78699e-32
6.0575e-32
2.47512e-33
-6.17979e-32
-1.01308e-31
-9.03427e-32
-4.10004e-32
3.03048e-32
9.27937e-32
1.15135e-31
9.73046e-32
4.11683e-32
-3.05869e-32
-8.68324e-32
-1.17994e-31
-1.07011e-31
-6.11611e-32
1.36508e-33
7.05078e-32
1.1564e-31
1.27701e-31
1.00306e-31
3.31403e-32
-4.51269e-32
-1.15651e-31
-1.46796e-31
-1.21477e-31
-5.02337e-32
4.83002e-32
1.29045e-31
1.58958e-31
1.24614e-31
3.58888e-32
-6.41335e-32
-1.32793e-31
-1.38861e-31
-7.8796e-32
1.5251e-32
9.95834e-32
1.35303e-31
1.04656e-31
2.86633e-32
-5.61318e-32
-1.08959e-31
-1.00264e-31
-4.32018e-32
3.9061e-32
1.04195e-31
1.16179e-31
8.18415e-32
7.72478e-33
-6.08727e-32
-8.94971e-32
-7.69484e-32
-1.47394e-32
5.01766e-32
9.29983e-32
1.01498e-31
5.90388e-32
7.84816e-33
-4.04783e-32
-6.28703e-32
-4.32853e-32
-1.016e-32
3.49579e-32
6.57464e-32
7.13828e-32
6.3327e-32
3.90123e-32
1.71081e-32
4.14677e-33
-2.95811e-33
-7.79588e-34
1.82131e-33
1.88831e-34
1.55572e-33
1.87929e-33
1.19142e-32
3.49865e-32
5.91697e-32
8.86138e-32
9.74845e-32
8.38368e-32
4.90533e-32
-8.65897e-33
-5.19444e-32
-7.73709e-32
-6.2109e-32
-8.19273e-33
5.63974e-32
1.20156e-31
1.4418e-31
1.29471e-31
7.81559e-32
1.5017e-32
-3.34822e-32
-5.34784e-32
-3.16635e-32
-4.10012e-34
4.89367e-32
6.99098e-32
7.1139e-32
6.47173e-32
2.05001e-32
1.17075e-32
-2.01606e-32
-2.57616e-32
-5.2345e-33
)
;

boundaryField
{
    left
    {
        type            calculated;
        value           uniform 0;
    }
    right
    {
        type            calculated;
        value           uniform 0;
    }
    empty
    {
        type            empty;
        value           nonuniform List<scalar> 0();
    }
}


// ************************************************************************* //
