/*--------------------------------*- C++ -*----------------------------------*\
| =========                 |                                                 |
| \\      /  F ield         | OpenFOAM: The Open Source CFD Toolbox           |
|  \\    /   O peration     | Version:  2106                                  |
|   \\  /    A nd           | Website:  www.openfoam.com                      |
|    \\/     M anipulation  |                                                 |
\*---------------------------------------------------------------------------*/
FoamFile
{
    version     2.0;
    format      ascii;
    arch        "LSB;label=32;scalar=64";
    class       surfaceScalarField;
    location    "0.089";
    object      phi;
}
// * * * * * * * * * * * * * * * * * * * * * * * * * * * * * * * * * * * * * //

dimensions      [0 3 -1 0 0 0 0];

oriented        oriented;

internalField   nonuniform List<scalar> 
799
(
1.73334e-32
4.46596e-32
5.73476e-32
4.59989e-32
2.0249e-32
-4.70845e-32
-1.07155e-31
-1.53716e-31
-1.64449e-31
-1.27366e-31
-7.22455e-32
-1.06472e-32
2.71478e-32
3.62083e-32
1.39386e-32
-2.59766e-32
-7.75563e-32
-1.30604e-31
-1.71267e-31
-1.99582e-31
-1.9175e-31
-1.55947e-31
-9.50672e-32
-2.45812e-32
1.57279e-32
2.45515e-32
-1.73883e-32
-8.82873e-32
-1.54861e-31
-2.07737e-31
-2.10876e-31
-1.83865e-31
-1.37821e-31
-8.30659e-32
-5.84723e-32
-4.76903e-32
-6.51865e-32
-1.03384e-31
-1.33564e-31
-1.7056e-31
-1.79828e-31
-1.67641e-31
-1.44464e-31
-9.80328e-32
-7.30656e-32
-6.30298e-32
-7.91918e-32
-1.28396e-31
-1.68588e-31
-2.05107e-31
-2.07257e-31
-1.73626e-31
-1.30647e-31
-7.65329e-32
-5.2296e-32
-5.86173e-32
-9.18729e-32
-1.51103e-31
-1.9664e-31
-2.2191e-31
-2.08854e-31
-1.55809e-31
-9.38001e-32
-3.89532e-32
-2.62167e-32
-6.70299e-32
-1.40889e-31
-2.2446e-31
-2.6993e-31
-2.52444e-31
-1.81085e-31
-7.9343e-32
-2.89529e-33
1.36591e-32
-3.33818e-32
-1.27106e-31
-2.13544e-31
-2.58096e-31
-2.46487e-31
-1.87121e-31
-1.20748e-31
-7.1601e-32
-5.60839e-32
-7.09306e-32
-9.48789e-32
-1.20644e-31
-1.40033e-31
-1.57981e-31
-1.78088e-31
-1.90151e-31
-1.8798e-31
-1.5665e-31
-1.03888e-31
-5.02773e-32
-1.74101e-32
-3.60976e-32
-9.44851e-32
-1.76058e-31
-2.45215e-31
-2.58371e-31
-2.22887e-31
-1.36904e-31
-4.58702e-32
7.57583e-33
1.6821e-32
-4.09113e-32
-1.19966e-31
-1.93537e-31
-2.3725e-31
-2.20039e-31
-1.75987e-31
-1.13019e-31
-6.61707e-32
-5.73867e-32
-6.86263e-32
-9.90515e-32
-1.15699e-31
-1.13011e-31
-1.00084e-31
-8.60077e-32
-9.57461e-32
-1.2606e-31
-1.67413e-31
-1.98055e-31
-1.96455e-31
-1.61608e-31
-1.02067e-31
-4.24382e-32
-4.45794e-33
1.06716e-33
-2.87153e-32
-8.09297e-32
-1.41736e-31
-1.96908e-31
-2.28627e-31
-2.31218e-31
-1.97359e-31
-1.3308e-31
-5.92008e-32
5.71203e-33
3.11317e-32
8.69772e-33
-5.4381e-32
-1.38451e-31
-2.03169e-31
-2.29551e-31
-2.05948e-31
-1.45591e-31
-8.27588e-32
-3.93461e-32
-3.84681e-32
-7.29491e-32
-1.19862e-31
-1.56873e-31
-1.57319e-31
-1.2434e-31
-7.34588e-32
-3.1656e-32
-2.87656e-32
-6.87256e-32
-1.39761e-31
-2.06522e-31
-2.33382e-31
-2.02399e-31
-1.2213e-31
-3.26999e-32
2.54599e-32
1.76155e-32
-4.88193e-32
-1.38711e-31
-2.09414e-31
-2.16245e-31
-1.6979e-31
-9.22625e-32
-2.95179e-32
-2.30465e-32
-5.89519e-32
-1.27766e-31
-1.77312e-31
-1.79417e-31
-1.4312e-31
-7.21028e-32
-2.25981e-32
-9.12127e-33
-3.8156e-32
-1.05488e-31
-1.61415e-31
-1.97837e-31
-1.90122e-31
-1.43033e-31
-8.76719e-32
-3.17341e-32
-8.71182e-33
-1.7269e-32
-4.88517e-32
-9.74453e-32
-1.35113e-31
-1.59425e-31
-1.63311e-31
-1.45825e-31
-1.1952e-31
-8.42624e-32
-5.07928e-32
-2.85993e-32
-2.17073e-32
-4.05905e-32
-7.99674e-32
-1.25999e-31
-1.6223e-31
-1.64944e-31
-1.30491e-31
-7.19054e-32
-1.41721e-32
7.43138e-33
-2.04385e-32
-8.75802e-32
-1.62135e-31
-1.98602e-31
-1.71752e-31
-8.82332e-32
1.57001e-32
8.35523e-32
7.48916e-32
-1.0297e-32
-1.37947e-31
-2.41129e-31
-2.64412e-31
-1.95625e-31
-5.75026e-32
7.85042e-32
1.49091e-31
1.26332e-31
1.52968e-32
-1.18627e-31
-2.15847e-31
-2.3441e-31
-1.61795e-31
-4.62058e-32
6.65063e-32
1.27806e-31
1.13449e-31
4.80467e-32
-3.93483e-32
-1.03618e-31
-1.16058e-31
-7.94285e-32
-1.07581e-32
5.56609e-32
9.08136e-32
8.52946e-32
5.33573e-32
1.9166e-32
1.32539e-32
4.63577e-32
9.96654e-32
1.51198e-31
1.64878e-31
1.33243e-31
8.08921e-32
3.55891e-32
4.09298e-32
1.0467e-31
2.00977e-31
2.97294e-31
3.46809e-31
3.372e-31
2.90961e-31
2.35704e-31
2.13513e-31
2.38782e-31
2.93865e-31
3.66204e-31
4.25106e-31
4.63756e-31
4.96189e-31
5.19711e-31
5.52552e-31
5.87774e-31
6.15712e-31
6.46596e-31
6.72635e-31
7.10289e-31
7.61329e-31
8.14434e-31
8.68687e-31
9.10829e-31
9.51841e-31
1.00816e-30
1.09164e-30
1.20404e-30
1.32174e-30
1.41363e-30
1.45536e-30
1.45459e-30
1.44322e-30
1.47298e-30
1.57889e-30
1.75455e-30
1.9665e-30
2.14863e-30
2.26273e-30
2.30635e-30
2.31182e-30
2.34665e-30
2.44539e-30
2.61988e-30
2.83954e-30
3.0488e-30
3.22163e-30
3.34428e-30
3.44775e-30
3.57135e-30
3.73312e-30
3.94204e-30
4.16628e-30
4.38071e-30
4.57325e-30
4.7435e-30
4.92543e-30
5.13676e-30
5.38885e-30
5.67566e-30
5.96239e-30
6.23515e-30
6.47957e-30
6.7074e-30
6.95388e-30
7.23361e-30
7.56904e-30
7.94424e-30
8.3273e-30
8.6985e-30
9.02563e-30
9.32663e-30
9.6264e-30
9.95556e-30
1.03564e-29
1.0817e-29
1.13243e-29
1.18347e-29
1.22957e-29
1.26925e-29
1.3028e-29
1.33054e-29
1.37433e-29
1.42911e-29
1.56664e-29
1.81058e-29
2.17385e-29
2.86332e-29
3.13352e-29
3.41423e-29
1.70915e-29
-2.56374e-29
-7.69866e-29
-1.82551e-28
-1.73159e-28
-1.1233e-28
1.75729e-28
8.20003e-28
1.18542e-27
1.82795e-27
1.0664e-27
-7.51408e-28
-3.02664e-27
-7.53297e-27
-7.2033e-27
-5.9209e-27
1.75853e-27
1.68866e-26
2.26783e-26
3.30592e-26
1.66587e-26
-1.36006e-26
-4.09968e-26
-9.04851e-26
-7.13119e-26
-4.21842e-26
3.15808e-26
1.54635e-25
1.62746e-25
1.92008e-25
5.4322e-26
-1.45589e-25
-2.41552e-25
-4.157e-25
-2.36513e-25
-3.16324e-26
2.19165e-25
5.89206e-25
4.55167e-25
3.83045e-25
-3.70731e-26
-5.43991e-25
-5.80038e-25
-7.54241e-25
-2.54567e-25
2.23639e-25
5.06859e-25
9.15304e-25
5.0687e-25
2.23655e-25
-2.54553e-25
-7.54236e-25
-5.80044e-25
-5.44003e-25
-3.70871e-26
3.83036e-25
4.55166e-25
5.89211e-25
2.19173e-25
-3.16267e-26
-2.36511e-25
-4.15702e-25
-2.41557e-25
-1.45594e-25
5.43183e-26
1.92007e-25
1.62746e-25
1.54635e-25
3.15811e-26
-4.21845e-26
-7.13126e-26
-9.04858e-26
-4.09978e-26
-1.36014e-26
1.66578e-26
3.30582e-26
2.26774e-26
1.68857e-26
1.75779e-27
-5.92154e-27
-7.20386e-27
-7.53347e-27
-3.02717e-27
-7.51956e-28
1.0658e-27
1.82732e-27
1.18477e-27
8.19377e-28
1.75176e-28
-1.12802e-28
-1.73529e-28
-1.82854e-28
-7.72885e-29
-2.59832e-29
1.66404e-29
3.36092e-29
3.07701e-29
2.81097e-29
2.13434e-29
1.78476e-29
1.55286e-29
1.42013e-29
1.36131e-29
1.30909e-29
1.27031e-29
1.22918e-29
1.18795e-29
1.14572e-29
1.10446e-29
1.06507e-29
1.02896e-29
9.95352e-30
9.61898e-30
9.26493e-30
8.877e-30
8.46422e-30
8.06205e-30
7.69745e-30
7.39705e-30
7.15397e-30
6.93875e-30
6.72553e-30
6.47835e-30
6.19931e-30
5.89603e-30
5.58888e-30
5.30938e-30
5.06344e-30
4.86473e-30
4.70182e-30
4.55486e-30
4.40674e-30
4.23038e-30
4.02104e-30
3.78861e-30
3.55562e-30
3.3563e-30
3.21306e-30
3.11963e-30
3.05736e-30
2.98302e-30
2.86155e-30
2.69394e-30
2.48687e-30
2.29152e-30
2.14406e-30
2.05496e-30
2.02884e-30
2.01376e-30
1.9789e-30
1.89686e-30
1.75455e-30
1.59146e-30
1.43315e-30
1.32116e-30
1.27714e-30
1.28289e-30
1.31428e-30
1.32192e-30
1.26895e-30
1.14999e-30
9.85149e-31
8.24635e-31
7.23467e-31
7.06302e-31
7.64996e-31
8.52489e-31
9.03607e-31
8.79085e-31
7.69505e-31
6.13361e-31
4.6829e-31
3.82181e-31
3.75896e-31
4.26642e-31
4.96917e-31
5.38591e-31
5.31837e-31
4.77376e-31
3.93492e-31
3.16329e-31
2.57325e-31
2.3591e-31
2.41834e-31
2.60234e-31
2.82716e-31
2.80131e-31
2.62941e-31
2.24533e-31
1.81564e-31
1.59774e-31
1.49467e-31
1.68315e-31
1.84413e-31
1.81632e-31
1.61379e-31
1.07877e-31
6.45869e-32
4.05574e-32
4.76765e-32
9.28148e-32
1.31978e-31
1.57981e-31
1.48666e-31
1.05181e-31
6.11061e-32
2.10573e-32
6.07331e-33
8.09342e-33
7.00858e-33
7.20117e-33
1.92142e-33
1.19599e-32
5.06622e-32
1.01335e-31
1.49413e-31
1.50447e-31
8.58453e-32
-2.32737e-32
-1.44775e-31
-2.04778e-31
-1.69954e-31
-4.89773e-32
1.20134e-31
2.40919e-31
2.63005e-31
1.6654e-31
-1.77033e-32
-1.88467e-31
-2.82854e-31
-2.46364e-31
-9.37416e-32
8.89949e-32
2.34372e-31
2.59472e-31
1.60997e-31
-4.54324e-33
-1.7341e-31
-2.49907e-31
-2.16697e-31
-9.61592e-32
5.87943e-32
1.59094e-31
1.81344e-31
1.18223e-31
6.96645e-33
-8.77712e-32
-1.46123e-31
-1.42698e-31
-9.8579e-32
-4.32747e-32
1.39882e-32
4.62344e-32
6.35437e-32
6.25055e-32
4.16914e-32
1.38343e-32
-2.7531e-32
-6.34812e-32
-8.94587e-32
-9.86892e-32
-8.50618e-32
-5.88703e-32
-1.95881e-32
1.77577e-32
5.01291e-32
6.54331e-32
5.74664e-32
2.98263e-32
-2.05646e-32
-6.65905e-32
-1.03616e-31
-1.13335e-31
-8.94798e-32
-5.38651e-32
-2.53531e-33
3.28875e-32
5.04699e-32
5.26983e-32
2.69999e-32
-5.59723e-34
-3.81891e-32
-7.15932e-32
-8.60861e-32
-8.93045e-32
-6.34707e-32
-2.64646e-32
1.27141e-32
4.42828e-32
4.75095e-32
3.17102e-32
-3.50279e-33
-4.22426e-32
-6.87971e-32
-7.99005e-32
-6.79873e-32
-4.19221e-32
-9.41482e-33
1.84227e-32
3.18019e-32
2.60811e-32
5.91923e-33
-1.87974e-32
-3.77347e-32
-3.7831e-32
-2.91419e-32
-1.52359e-32
-1.06974e-32
-2.35535e-32
-3.44757e-32
-4.12074e-32
-2.09174e-32
1.86343e-32
5.21476e-32
6.64506e-32
3.20231e-32
-2.91988e-32
-9.1274e-32
-1.21221e-31
-8.88749e-32
-1.78374e-32
6.71277e-32
1.15732e-31
1.01708e-31
3.76564e-32
-5.1639e-32
-1.10072e-31
-1.1527e-31
-6.47203e-32
1.56918e-32
7.55258e-32
9.35731e-32
5.63505e-32
-9.56345e-33
-6.42478e-32
-8.46603e-32
-5.24079e-32
7.0295e-33
6.26589e-32
8.74739e-32
6.04087e-32
2.53888e-33
-6.15005e-32
-1.0077e-31
-8.95618e-32
-3.99782e-32
3.15687e-32
9.43029e-32
1.16888e-31
9.9305e-32
4.34147e-32
-2.80983e-32
-8.4103e-32
-1.15019e-31
-1.03791e-31
-5.76959e-32
5.07611e-33
7.4465e-32
1.19845e-31
1.32155e-31
1.05008e-31
3.80898e-32
-3.99269e-32
-1.102e-31
-1.41095e-31
-1.1553e-31
-4.40376e-32
5.47446e-32
1.3574e-31
1.65904e-31
1.31812e-31
4.33379e-32
-5.64358e-32
-1.24851e-31
-1.30673e-31
-7.03647e-32
2.39205e-32
1.08487e-31
1.44438e-31
1.14018e-31
3.825e-32
-4.63246e-32
-9.89371e-32
-9.00312e-32
-3.27626e-32
4.97033e-32
1.15033e-31
1.27199e-31
9.3042e-32
1.90998e-32
-4.93316e-32
-7.77978e-32
-6.5104e-32
-2.75649e-33
6.22908e-32
1.05234e-31
1.13836e-31
7.14768e-32
2.03727e-32
-2.78826e-32
-5.02134e-32
-3.05771e-32
2.58947e-33
4.77307e-32
7.85283e-32
8.41556e-32
7.60772e-32
5.1727e-32
2.97719e-32
1.67436e-32
9.55893e-33
1.16415e-32
1.41328e-32
1.23726e-32
1.3597e-32
1.37614e-32
2.3624e-32
4.6512e-32
7.04943e-32
9.9721e-32
1.08353e-31
9.44532e-32
5.94014e-32
1.4089e-33
-4.21688e-32
-6.79026e-32
-5.29621e-32
6.19909e-34
6.48587e-32
1.28254e-31
1.51903e-31
1.36804e-31
8.50907e-32
2.15433e-32
-2.73794e-32
-4.78067e-32
-2.64296e-32
4.37322e-33
5.3261e-32
7.37691e-32
7.45245e-32
6.76242e-32
2.29315e-32
1.36576e-32
-1.86973e-32
-2.47866e-32
-4.74822e-33
)
;

boundaryField
{
    left
    {
        type            calculated;
        value           uniform 0;
    }
    right
    {
        type            calculated;
        value           uniform 0;
    }
    empty
    {
        type            empty;
        value           nonuniform List<scalar> 0();
    }
}


// ************************************************************************* //
