/*--------------------------------*- C++ -*----------------------------------*\
| =========                 |                                                 |
| \\      /  F ield         | OpenFOAM: The Open Source CFD Toolbox           |
|  \\    /   O peration     | Version:  2106                                  |
|   \\  /    A nd           | Website:  www.openfoam.com                      |
|    \\/     M anipulation  |                                                 |
\*---------------------------------------------------------------------------*/
FoamFile
{
    version     2.0;
    format      ascii;
    arch        "LSB;label=32;scalar=64";
    class       surfaceScalarField;
    location    "0.122";
    object      phi;
}
// * * * * * * * * * * * * * * * * * * * * * * * * * * * * * * * * * * * * * //

dimensions      [0 3 -1 0 0 0 0];

oriented        oriented;

internalField   nonuniform List<scalar> 
799
(
1.65231e-32
4.30417e-32
5.49191e-32
4.27632e-32
1.6207e-32
-5.19249e-32
-1.1279e-31
-1.60144e-31
-1.71669e-31
-1.35375e-31
-8.10423e-32
-2.0226e-32
1.67887e-32
2.50732e-32
2.03125e-33
-3.86504e-32
-9.09927e-32
-1.44794e-31
-1.8621e-31
-2.15269e-31
-2.08175e-31
-1.73104e-31
-1.12945e-31
-4.31709e-32
-3.56748e-33
4.55546e-33
-3.80766e-32
-1.09664e-31
-1.76913e-31
-2.30456e-31
-2.34252e-31
-2.07888e-31
-1.62484e-31
-1.08358e-31
-8.43853e-32
-7.42144e-32
-9.23114e-32
-1.311e-31
-1.61859e-31
-1.99422e-31
-2.09247e-31
-1.97611e-31
-1.74974e-31
-1.29069e-31
-1.04616e-31
-9.50868e-32
-1.11742e-31
-1.6143e-31
-2.02092e-31
-2.39071e-31
-2.4167e-31
-2.08477e-31
-1.65924e-31
-1.12226e-31
-8.83936e-32
-9.51092e-32
-1.28747e-31
-1.88352e-31
-2.34248e-31
-2.59868e-31
-2.47154e-31
-1.94433e-31
-1.3274e-31
-7.81982e-32
-6.57555e-32
-1.06855e-31
-1.80986e-31
-2.64824e-31
-3.10549e-31
-2.93307e-31
-2.22184e-31
-1.20666e-31
-4.44374e-32
-2.80915e-32
-7.53294e-32
-1.69243e-31
-2.5586e-31
-3.00577e-31
-2.89128e-31
-2.29909e-31
-1.63681e-31
-1.14668e-31
-9.92774e-32
-1.1424e-31
-1.38298e-31
-1.64167e-31
-1.83652e-31
-2.0169e-31
-2.21879e-31
-2.34017e-31
-2.31913e-31
-2.00643e-31
-1.47931e-31
-9.43661e-32
-6.1541e-32
-8.02616e-32
-1.38678e-31
-2.20272e-31
-2.89445e-31
-3.02612e-31
-2.67136e-31
-1.81153e-31
-9.01113e-32
-3.66589e-32
-2.74031e-32
-8.5121e-32
-1.64152e-31
-2.37696e-31
-2.81377e-31
-2.64131e-31
-2.20045e-31
-1.57037e-31
-1.1015e-31
-1.01316e-31
-1.12504e-31
-1.42869e-31
-1.59461e-31
-1.56715e-31
-1.43727e-31
-1.29584e-31
-1.39253e-31
-1.69494e-31
-2.10772e-31
-2.41336e-31
-2.39656e-31
-2.04725e-31
-1.45097e-31
-8.53789e-32
-4.73069e-32
-4.16872e-32
-7.13746e-32
-1.23491e-31
-1.84195e-31
-2.39264e-31
-2.70875e-31
-2.73357e-31
-2.39386e-31
-1.74991e-31
-1.00993e-31
-3.59572e-32
-1.04119e-32
-3.27172e-32
-9.56652e-32
-1.796e-31
-2.44181e-31
-2.70419e-31
-2.46666e-31
-1.86162e-31
-1.23171e-31
-7.95996e-32
-7.85515e-32
-1.12856e-31
-1.59595e-31
-1.96421e-31
-1.9667e-31
-1.6349e-31
-1.12406e-31
-7.03927e-32
-6.72797e-32
-1.07009e-31
-1.77801e-31
-2.44309e-31
-2.70906e-31
-2.39644e-31
-1.59087e-31
-6.93576e-32
-1.0883e-32
-1.83994e-32
-8.44911e-32
-1.74027e-31
-2.44351e-31
-2.50785e-31
-2.03912e-31
-1.25945e-31
-6.27372e-32
-5.57692e-32
-9.11608e-32
-1.59438e-31
-2.08414e-31
-2.0992e-31
-1.72991e-31
-1.01306e-31
-5.11003e-32
-3.68787e-32
-6.51325e-32
-1.31639e-31
-1.86698e-31
-2.22201e-31
-2.13522e-31
-1.65413e-31
-1.08975e-31
-5.1901e-32
-2.76883e-32
-3.49853e-32
-6.52431e-32
-1.12439e-31
-1.4863e-31
-1.71382e-31
-1.73624e-31
-1.54405e-31
-1.26275e-31
-8.90923e-32
-5.3595e-32
-2.92681e-32
-2.01297e-32
-3.66483e-32
-7.35359e-32
-1.16949e-31
-1.50421e-31
-1.50232e-31
-1.12724e-31
-5.09331e-32
1.01713e-32
3.53197e-32
1.11745e-32
-5.20573e-32
-1.22503e-31
-1.54658e-31
-1.23281e-31
-3.50068e-32
7.39076e-32
1.46988e-31
1.43807e-31
6.43614e-32
-5.72659e-32
-1.54144e-31
-1.7083e-31
-9.51357e-32
5.02073e-32
1.93768e-31
2.7226e-31
2.5777e-31
1.55373e-31
3.04768e-32
-5.73163e-32
-6.60353e-32
1.68541e-32
1.43165e-31
2.67062e-31
3.40026e-31
3.37828e-31
2.85096e-31
2.109e-31
1.60372e-31
1.62242e-31
2.13759e-31
2.97923e-31
3.80454e-31
4.32355e-31
4.44244e-31
4.3039e-31
4.14981e-31
4.28571e-31
4.81913e-31
5.56222e-31
6.29535e-31
6.65797e-31
6.57563e-31
6.29465e-31
6.09281e-31
6.40631e-31
7.31286e-31
8.55444e-31
9.8057e-31
1.05987e-30
1.08104e-30
1.0666e-30
1.04419e-30
1.05592e-30
1.11618e-30
1.20737e-30
1.31694e-30
1.41423e-30
1.49244e-30
1.56563e-30
1.63112e-30
1.70717e-30
1.78685e-30
1.86053e-30
1.93844e-30
2.01283e-30
2.10015e-30
2.20222e-30
2.30771e-30
2.41573e-30
2.51304e-30
2.61062e-30
2.72495e-30
2.86787e-30
3.04117e-30
3.22122e-30
3.37694e-30
3.48398e-30
3.55e-30
3.60693e-30
3.70649e-30
3.88371e-30
4.13219e-30
4.41848e-30
4.67646e-30
4.86792e-30
4.99043e-30
5.07628e-30
5.19301e-30
5.37514e-30
5.63452e-30
5.94055e-30
6.23766e-30
6.49979e-30
6.71319e-30
6.90884e-30
7.12603e-30
7.38278e-30
7.68805e-30
8.01e-30
8.32345e-30
8.61631e-30
8.88816e-30
9.17291e-30
9.48828e-30
9.84557e-30
1.02387e-29
1.06329e-29
1.10141e-29
1.13681e-29
1.17064e-29
1.20643e-29
1.24563e-29
1.29049e-29
1.3394e-29
1.38917e-29
1.43782e-29
1.48213e-29
1.52387e-29
1.56555e-29
1.61021e-29
1.66208e-29
1.71995e-29
1.78251e-29
1.84541e-29
1.90338e-29
1.95493e-29
2.00035e-29
2.03994e-29
2.09557e-29
2.16217e-29
2.31149e-29
2.56717e-29
2.94214e-29
3.64325e-29
3.92503e-29
4.21725e-29
2.52359e-29
-1.73795e-29
-6.86163e-29
-1.74069e-28
-1.64567e-28
-1.03629e-28
1.84538e-28
8.28919e-28
1.19444e-27
1.83708e-27
1.07563e-27
-7.42082e-28
-3.01721e-27
-7.52345e-27
-7.19368e-27
-5.91119e-27
1.76833e-27
1.68965e-26
2.26883e-26
3.30692e-26
1.66689e-26
-1.35904e-26
-4.09865e-26
-9.04747e-26
-7.13014e-26
-4.21737e-26
3.15914e-26
1.54646e-25
1.62757e-25
1.92019e-25
5.43328e-26
-1.45579e-25
-2.41541e-25
-4.15689e-25
-2.36502e-25
-3.16214e-26
2.19176e-25
5.89217e-25
4.55178e-25
3.83057e-25
-3.70619e-26
-5.4398e-25
-5.80027e-25
-7.5423e-25
-2.54556e-25
2.2365e-25
5.0687e-25
9.15315e-25
5.06881e-25
2.23666e-25
-2.54542e-25
-7.54225e-25
-5.80033e-25
-5.43992e-25
-3.70759e-26
3.83047e-25
4.55177e-25
5.89222e-25
2.19184e-25
-3.16157e-26
-2.365e-25
-4.15691e-25
-2.41546e-25
-1.45583e-25
5.43291e-26
1.92017e-25
1.62757e-25
1.54646e-25
3.15916e-26
-4.21741e-26
-7.13022e-26
-9.04755e-26
-4.09876e-26
-1.35913e-26
1.66679e-26
3.30682e-26
2.26873e-26
1.68955e-26
1.76753e-27
-5.9119e-27
-7.19431e-27
-7.52402e-27
-3.01782e-27
-7.427e-28
1.07496e-27
1.83637e-27
1.19372e-27
8.28219e-28
1.83911e-28
-1.04176e-28
-1.65013e-28
-1.74448e-28
-6.89944e-29
-1.78018e-29
2.47081e-29
4.15625e-29
3.86083e-29
3.58321e-29
2.89494e-29
2.53368e-29
2.29006e-29
2.14557e-29
2.07497e-29
2.01094e-29
1.96035e-29
1.90741e-29
1.85436e-29
1.80033e-29
1.74728e-29
1.69613e-29
1.64828e-29
1.60297e-29
1.55787e-29
1.51085e-29
1.46051e-29
1.40774e-29
1.3561e-29
1.30828e-29
1.26696e-29
1.23146e-29
1.19883e-29
1.16649e-29
1.13085e-29
1.09212e-29
1.05107e-29
1.00975e-29
9.71299e-30
9.36324e-30
9.06188e-30
8.79756e-30
8.55043e-30
8.30342e-30
8.02949e-30
7.7239e-30
7.3966e-30
7.0701e-30
6.77865e-30
6.54472e-30
6.36203e-30
6.21193e-30
6.05122e-30
5.84486e-30
5.59384e-30
5.30484e-30
5.02904e-30
4.80264e-30
4.6361e-30
4.53404e-30
4.44454e-30
4.33674e-30
4.18326e-30
3.97102e-30
3.73949e-30
3.51422e-30
3.33676e-30
3.22874e-30
3.17196e-30
3.14226e-30
3.09027e-30
2.97908e-30
2.80334e-30
2.58311e-30
2.36859e-30
2.2148e-30
2.14638e-30
2.15515e-30
2.19406e-30
2.19788e-30
2.12736e-30
1.97305e-30
1.77342e-30
1.58611e-30
1.45896e-30
1.41284e-30
1.42491e-30
1.45766e-30
1.46295e-30
1.4209e-30
1.33224e-30
1.21522e-30
1.10596e-30
1.01588e-30
9.64391e-31
9.41215e-31
9.31468e-31
9.26739e-31
8.97857e-31
8.55252e-31
7.92305e-31
7.25643e-31
6.80986e-31
6.48617e-31
6.46186e-31
6.41767e-31
6.19205e-31
5.79889e-31
5.08029e-31
4.47066e-31
4.06024e-31
3.96769e-31
4.26162e-31
4.50182e-31
4.6163e-31
4.38325e-31
3.814e-31
3.24421e-31
2.71983e-31
2.4511e-31
2.35725e-31
2.23702e-31
2.13404e-31
1.98074e-31
1.98483e-31
2.2796e-31
2.69799e-31
3.09423e-31
3.02367e-31
2.30025e-31
1.13506e-31
-1.50719e-32
-8.18385e-32
-5.34746e-32
6.13328e-32
2.24554e-31
3.39716e-31
3.56441e-31
2.54856e-31
6.57351e-32
-1.09676e-31
-2.08497e-31
-1.76226e-31
-2.76236e-32
1.51284e-31
2.93018e-31
3.14656e-31
2.12885e-31
4.42046e-32
-1.27641e-31
-2.06967e-31
-1.76442e-31
-5.84527e-32
9.40817e-32
1.92087e-31
2.12162e-31
1.46974e-31
3.37549e-32
-6.28365e-32
-1.22946e-31
-1.21187e-31
-7.86426e-32
-2.48317e-32
3.10231e-32
6.19307e-32
7.79753e-32
7.57462e-32
5.38055e-32
2.48844e-32
-1.74883e-32
-5.4386e-32
-8.12539e-32
-9.13173e-32
-7.84715e-32
-5.30112e-32
-1.44166e-32
2.22686e-32
5.40223e-32
6.87452e-32
6.02365e-32
3.20938e-32
-1.8762e-32
-6.52206e-32
-1.0265e-31
-1.1275e-31
-8.92518e-32
-5.39682e-32
-2.94908e-33
3.21884e-32
4.95069e-32
5.15006e-32
2.55908e-32
-2.16517e-33
-3.99751e-32
-7.35438e-32
-8.8188e-32
-9.15404e-32
-6.58294e-32
-2.89315e-32
1.01487e-32
4.16347e-32
4.47892e-32
2.89296e-32
-6.33676e-33
-4.51239e-32
-7.17196e-32
-8.28571e-32
-7.09719e-32
-4.49268e-32
-1.24361e-32
1.53924e-32
2.87776e-32
2.30664e-32
2.91899e-33
-2.17811e-32
-4.06958e-32
-4.07665e-32
-3.2044e-32
-1.80971e-32
-1.35152e-32
-2.63281e-32
-3.7196e-32
-4.38721e-32
-2.35234e-32
1.60981e-32
4.96845e-32
6.40658e-32
2.9718e-32
-3.14196e-32
-9.34061e-32
-1.23261e-31
-9.08189e-32
-1.96851e-32
6.53823e-32
1.1408e-31
1.00154e-31
3.6203e-32
-5.29932e-32
-1.11328e-31
-1.16423e-31
-6.57675e-32
1.47529e-32
7.46975e-32
9.28554e-32
5.57409e-32
-1.00645e-32
-6.4639e-32
-8.49413e-32
-5.25779e-32
6.97293e-33
6.27191e-32
8.76533e-32
6.07074e-32
2.96131e-33
-6.09589e-32
-1.00117e-31
-8.87952e-32
-3.90922e-32
3.25753e-32
9.54298e-32
1.18133e-31
1.00669e-31
4.48997e-32
-2.64928e-32
-8.23817e-32
-1.13188e-31
-1.01851e-31
-5.56481e-32
7.23192e-33
7.6731e-32
1.22221e-31
1.3464e-31
1.07601e-31
4.07883e-32
-3.71238e-32
-1.07299e-31
-1.38094e-31
-1.12427e-31
-4.08357e-32
5.80442e-32
1.39136e-31
1.69395e-31
1.35388e-31
4.69996e-32
-5.26937e-32
-1.2103e-31
-1.26773e-31
-6.63843e-32
2.79757e-32
1.12613e-31
1.48632e-31
1.18278e-31
4.25713e-32
-4.19477e-32
-9.4506e-32
-8.55474e-32
-2.82307e-32
5.42796e-32
1.1965e-31
1.31857e-31
9.77334e-32
2.38161e-32
-4.45914e-32
-7.30401e-32
-6.03283e-32
2.03426e-33
6.70839e-32
1.10028e-31
1.1863e-31
7.62646e-32
2.51484e-32
-2.31184e-32
-4.54685e-32
-2.58556e-32
7.27941e-33
5.23891e-32
8.31543e-32
8.87478e-32
8.06273e-32
5.62268e-32
3.42208e-32
2.11356e-32
1.38938e-32
1.59209e-32
1.83506e-32
1.65231e-32
1.76715e-32
1.77577e-32
2.75384e-32
5.0342e-32
7.42386e-32
1.03374e-31
1.11916e-31
9.79214e-32
6.27718e-32
4.67565e-33
-3.90091e-32
-6.48572e-32
-5.00335e-32
3.42906e-33
6.75437e-32
1.30812e-31
1.54332e-31
1.39103e-31
8.72544e-32
2.35656e-32
-2.54908e-32
-4.60515e-32
-2.48106e-32
5.85678e-33
5.46046e-32
7.49743e-32
7.55882e-32
6.85481e-32
2.37067e-32
1.42797e-32
-1.82301e-32
-2.44736e-32
-4.59052e-33
)
;

boundaryField
{
    left
    {
        type            calculated;
        value           uniform 0;
    }
    right
    {
        type            calculated;
        value           uniform 0;
    }
    empty
    {
        type            empty;
        value           nonuniform List<scalar> 0();
    }
}


// ************************************************************************* //
