/*--------------------------------*- C++ -*----------------------------------*\
| =========                 |                                                 |
| \\      /  F ield         | OpenFOAM: The Open Source CFD Toolbox           |
|  \\    /   O peration     | Version:  2106                                  |
|   \\  /    A nd           | Website:  www.openfoam.com                      |
|    \\/     M anipulation  |                                                 |
\*---------------------------------------------------------------------------*/
FoamFile
{
    version     2.0;
    format      ascii;
    arch        "LSB;label=32;scalar=64";
    class       surfaceScalarField;
    location    "0.063";
    object      phi;
}
// * * * * * * * * * * * * * * * * * * * * * * * * * * * * * * * * * * * * * //

dimensions      [0 3 -1 0 0 0 0];

oriented        oriented;

internalField   nonuniform List<scalar> 
799
(
1.81293e-32
4.62485e-32
5.97294e-32
4.91722e-32
2.42116e-32
-4.23343e-32
-1.01621e-31
-1.47403e-31
-1.57354e-31
-1.19499e-31
-6.36112e-32
-1.24847e-33
3.73042e-32
4.71163e-32
2.55912e-32
-1.35854e-32
-6.44344e-32
-1.16756e-31
-1.56707e-31
-1.84313e-31
-1.75786e-31
-1.39297e-31
-7.77323e-32
-6.57073e-33
3.44019e-32
4.38747e-32
2.57067e-33
-6.7704e-32
-1.33664e-31
-1.85935e-31
-1.88475e-31
-1.60878e-31
-1.14266e-31
-5.89496e-32
-3.38097e-32
-2.24931e-32
-3.94671e-32
-7.7154e-32
-1.06835e-31
-1.43344e-31
-1.52142e-31
-1.39499e-31
-1.15879e-31
-6.9016e-32
-4.36279e-32
-3.31839e-32
-4.8951e-32
-9.77727e-32
-1.37594e-31
-1.73756e-31
-1.75566e-31
-1.41604e-31
-9.83063e-32
-4.38854e-32
-1.93532e-32
-2.5392e-32
-5.83767e-32
-1.17352e-31
-1.62645e-31
-1.87679e-31
-1.74403e-31
-1.21146e-31
-5.89355e-32
-3.90076e-33
9.01425e-33
-3.16326e-32
-1.05332e-31
-1.88755e-31
-2.34088e-31
-2.16472e-31
-1.44996e-31
-4.31446e-32
3.3404e-32
5.00471e-32
3.0845e-33
-9.05693e-32
-1.76948e-31
-2.21437e-31
-2.09774e-31
-1.50361e-31
-8.3951e-32
-3.47747e-32
-1.92345e-32
-3.40641e-32
-5.80009e-32
-8.37629e-32
-1.03156e-31
-1.2111e-31
-1.41226e-31
-1.53306e-31
-1.51155e-31
-1.19853e-31
-6.71217e-32
-1.35447e-32
1.92834e-32
5.55209e-34
-5.78785e-32
-1.39501e-31
-2.08708e-31
-2.21921e-31
-1.86494e-31
-1.00574e-31
-9.60069e-33
4.37773e-32
5.29518e-32
-4.85075e-33
-8.39728e-32
-1.57621e-31
-2.01411e-31
-1.84272e-31
-1.40299e-31
-7.74124e-32
-3.06449e-32
-2.19436e-32
-3.32699e-32
-6.37769e-32
-8.05114e-32
-7.79124e-32
-6.50737e-32
-5.10844e-32
-6.09095e-32
-9.13097e-32
-1.3275e-31
-1.63478e-31
-1.61966e-31
-1.27206e-31
-6.77536e-32
-8.21078e-33
2.96829e-32
3.51213e-32
5.25126e-33
-4.70514e-32
-1.07942e-31
-1.632e-31
-1.95002e-31
-1.97679e-31
-1.6391e-31
-9.97181e-32
-2.59247e-32
3.8904e-32
6.42404e-32
4.1723e-32
-2.14399e-32
-1.05593e-31
-1.70397e-31
-1.96858e-31
-1.73331e-31
-1.13058e-31
-5.03093e-32
-6.97999e-33
-6.1835e-33
-4.07455e-32
-8.77421e-32
-1.24833e-31
-1.25357e-31
-9.24597e-32
-4.16591e-32
6.31946e-35
2.87535e-33
-3.71674e-32
-1.08279e-31
-1.7512e-31
-2.02062e-31
-1.71163e-31
-9.09742e-32
-1.62265e-33
5.64546e-32
4.85267e-32
-1.79954e-32
-1.07975e-31
-1.78768e-31
-1.85693e-31
-1.39334e-31
-6.18978e-32
7.52316e-34
7.13346e-33
-2.88713e-32
-9.77891e-32
-1.47439e-31
-1.49654e-31
-1.13472e-31
-4.25694e-32
6.81448e-33
2.01685e-32
-8.99921e-33
-7.64684e-32
-1.3254e-31
-1.6911e-31
-1.61551e-31
-1.14626e-31
-5.9436e-32
-3.67575e-33
1.9154e-32
1.03933e-32
-2.14034e-32
-7.02212e-32
-1.08126e-31
-1.32689e-31
-1.36839e-31
-1.19633e-31
-9.36288e-32
-5.8689e-32
-2.55583e-32
-3.72848e-33
2.77605e-33
-1.6518e-32
-5.63374e-32
-1.02839e-31
-1.39571e-31
-1.4282e-31
-1.08935e-31
-5.09639e-32
6.11934e-33
2.70277e-32
-1.58363e-33
-6.95185e-32
-1.44919e-31
-1.82286e-31
-1.56398e-31
-7.39061e-32
2.89296e-32
9.56134e-32
8.57009e-32
-8.16263e-34
-1.29887e-31
-2.34584e-31
-2.59483e-31
-1.92424e-31
-5.61416e-32
7.79039e-32
1.46405e-31
1.21426e-31
8.02693e-33
-1.28411e-31
-2.28305e-31
-2.49713e-31
-1.80122e-31
-6.77401e-32
4.15655e-32
9.92486e-32
8.10553e-32
1.15834e-32
-8.01263e-32
-1.48969e-31
-1.6625e-31
-1.34745e-31
-7.14971e-32
-1.08161e-32
1.82708e-32
6.33751e-33
-3.23767e-32
-7.3727e-32
-8.71954e-32
-6.20601e-32
-1.71558e-32
2.55189e-32
2.98609e-32
-1.16045e-32
-7.42973e-32
-1.30481e-31
-1.36588e-31
-8.48854e-32
-1.21875e-33
8.18241e-32
1.17406e-31
9.31819e-32
3.16088e-32
-3.97133e-32
-7.87344e-32
-7.10916e-32
-3.44561e-32
1.8587e-32
5.7312e-32
7.4875e-32
8.52819e-32
8.58068e-32
9.46527e-32
1.04847e-31
1.06692e-31
1.10384e-31
1.08101e-31
1.16272e-31
1.36637e-31
1.57843e-31
1.78938e-31
1.8663e-31
1.91867e-31
2.11059e-31
2.56027e-31
3.28502e-31
4.04823e-31
4.5385e-31
4.51211e-31
4.04527e-31
3.45678e-31
3.26363e-31
3.81573e-31
5.04883e-31
6.6281e-31
7.8921e-31
8.45853e-31
8.30282e-31
7.74778e-31
7.46861e-31
7.81041e-31
8.89152e-31
1.0406e-30
1.17979e-30
1.2807e-30
1.32956e-30
1.35736e-30
1.40341e-30
1.48574e-30
1.61334e-30
1.75438e-30
1.88373e-30
1.98931e-30
2.07074e-30
2.162e-30
2.28082e-30
2.43858e-30
2.62926e-30
2.81807e-30
2.99118e-30
3.13421e-30
3.25897e-30
3.40072e-30
3.5741e-30
3.8016e-30
4.06734e-30
4.33944e-30
4.59826e-30
4.81163e-30
4.99753e-30
5.18094e-30
5.39252e-30
5.6747e-30
6.01547e-30
6.40197e-30
6.79071e-30
7.12915e-30
7.40264e-30
7.61409e-30
7.76684e-30
8.07967e-30
8.50196e-30
9.75139e-30
1.20647e-29
1.55712e-29
2.23396e-29
2.49155e-29
2.75966e-29
1.042e-29
-3.24342e-29
-8.39083e-29
-1.89597e-28
-1.80328e-28
-1.19623e-28
1.68315e-28
8.12469e-28
1.17776e-27
1.82018e-27
1.05851e-27
-7.59413e-28
-3.03476e-27
-7.5412e-27
-7.21164e-27
-5.92935e-27
1.74998e-27
1.6878e-26
2.26695e-26
3.30503e-26
1.66498e-26
-1.36097e-26
-4.1006e-26
-9.04943e-26
-7.13212e-26
-4.21936e-26
3.15713e-26
1.54626e-25
1.62736e-25
1.91999e-25
5.43122e-26
-1.45599e-25
-2.41562e-25
-4.1571e-25
-2.36523e-25
-3.16425e-26
2.19155e-25
5.89196e-25
4.55157e-25
3.83035e-25
-3.70833e-26
-5.44001e-25
-5.80048e-25
-7.54251e-25
-2.54577e-25
2.23629e-25
5.06849e-25
9.15293e-25
5.06859e-25
2.23644e-25
-2.54564e-25
-7.54246e-25
-5.80054e-25
-5.44013e-25
-3.70973e-26
3.83026e-25
4.55155e-25
5.892e-25
2.19162e-25
-3.16367e-26
-2.36521e-25
-4.15712e-25
-2.41567e-25
-1.45604e-25
5.43086e-26
1.91997e-25
1.62736e-25
1.54626e-25
3.15717e-26
-4.21939e-26
-7.13218e-26
-9.04949e-26
-4.10069e-26
-1.36104e-26
1.66489e-26
3.30494e-26
2.26687e-26
1.68771e-26
1.74932e-27
-5.92991e-27
-7.21211e-27
-7.54162e-27
-3.0352e-27
-7.5987e-28
1.058e-27
1.81964e-27
1.17721e-27
8.11935e-28
1.67855e-28
-1.20001e-28
-1.80605e-28
-1.89807e-28
-8.4117e-29
-3.26871e-29
1.00615e-29
2.71556e-29
2.44419e-29
2.1907e-29
1.52662e-29
1.18958e-29
9.70205e-30
8.49956e-30
8.03589e-30
7.63763e-30
7.37325e-30
7.08468e-30
6.79427e-30
6.49317e-30
6.20078e-30
5.92616e-30
5.68324e-30
5.46425e-30
5.24561e-30
5.00621e-30
4.73165e-30
4.43085e-30
4.13927e-30
3.88378e-30
3.69097e-30
3.55394e-30
3.44317e-30
3.33277e-30
3.18674e-30
3.00715e-30
2.80159e-30
2.5904e-30
2.40509e-30
2.25155e-30
2.14341e-30
2.06925e-30
2.0092e-30
1.94613e-30
1.85297e-30
1.72496e-30
1.572e-30
1.41662e-30
1.29303e-30
1.22368e-30
1.20228e-30
1.2102e-30
1.20421e-30
1.14929e-30
1.04641e-30
9.02294e-31
7.68115e-31
6.80074e-31
6.48652e-31
6.78508e-31
7.17721e-31
7.35479e-31
7.0441e-31
6.11464e-31
4.96157e-31
3.84053e-31
3.16747e-31
3.15907e-31
3.63367e-31
4.35013e-31
4.81511e-31
4.6601e-31
3.83173e-31
2.53132e-31
1.26134e-31
5.72272e-32
7.10999e-32
1.59643e-31
2.7582e-31
3.54497e-31
3.56435e-31
2.72246e-31
1.40459e-31
1.87447e-32
-4.49765e-32
-2.98158e-32
4.14647e-32
1.31391e-31
1.91865e-31
2.0308e-31
1.65797e-31
9.8321e-32
3.68274e-32
-7.22675e-33
-1.43802e-32
5.14302e-33
3.65016e-32
7.13303e-32
8.05084e-32
7.45072e-32
4.67489e-32
1.39075e-32
1.74312e-33
5.80788e-34
2.81148e-32
5.2456e-32
5.74965e-32
4.4665e-32
-1.80255e-33
-3.84214e-32
-5.61328e-32
-4.30348e-32
7.76315e-33
5.22802e-32
8.33536e-32
7.88285e-32
3.98671e-32
6.62038e-35
-3.59472e-32
-4.71203e-32
-4.15053e-32
-3.92002e-32
-3.58133e-32
-3.80792e-32
-2.52038e-32
1.61706e-32
6.93587e-32
1.19806e-31
1.23068e-31
6.05615e-32
-4.6591e-32
-1.66245e-31
-2.24511e-31
-1.88055e-31
-6.55354e-32
1.05022e-31
2.27157e-31
2.50514e-31
1.55232e-31
-2.78987e-32
-1.9762e-31
-2.91035e-31
-2.53622e-31
-1.00141e-31
8.33977e-32
2.29524e-31
2.55325e-31
1.57505e-31
-7.42235e-33
-1.75712e-31
-2.51671e-31
-2.17955e-31
-9.69461e-32
5.84437e-32
1.59154e-31
1.81784e-31
1.19014e-31
8.08289e-33
-8.63464e-32
-1.44415e-31
-1.40726e-31
-9.63612e-32
-4.0829e-32
1.66484e-32
4.90886e-32
6.65747e-32
6.56983e-32
4.50281e-32
1.73085e-32
-2.39304e-32
-5.97654e-32
-8.56384e-32
-9.47682e-32
-8.10467e-32
-5.47656e-32
-1.54037e-32
2.20037e-32
5.44323e-32
6.97871e-32
6.18675e-32
3.42725e-32
-1.60747e-32
-6.20616e-32
-9.90537e-32
-1.08749e-31
-8.48741e-32
-4.92436e-32
2.09821e-33
3.75291e-32
5.51162e-32
5.73446e-32
3.16379e-32
4.06552e-33
-3.35819e-32
-6.70023e-32
-8.1518e-32
-8.4762e-32
-5.89575e-32
-2.19831e-32
1.71588e-32
4.86884e-32
5.18715e-32
3.60339e-32
7.794e-34
-3.80025e-32
-6.46057e-32
-7.57643e-32
-6.39092e-32
-3.79062e-32
-5.46182e-33
2.23107e-32
3.56252e-32
2.98433e-32
9.6146e-33
-1.51712e-32
-3.41777e-32
-3.43493e-32
-2.57354e-32
-1.19004e-32
-7.4389e-33
-2.03757e-32
-3.13731e-32
-3.81801e-32
-1.79743e-32
2.14847e-32
5.49071e-32
6.91168e-32
3.4599e-32
-2.67131e-32
-8.88802e-32
-1.1892e-31
-8.66661e-32
-1.57219e-32
6.91499e-32
1.17653e-31
1.03527e-31
3.93687e-32
-5.00336e-32
-1.08576e-31
-1.13883e-31
-6.34443e-32
1.68579e-32
7.65798e-32
9.45195e-32
5.71853e-32
-8.83972e-33
-6.36384e-32
-8.41631e-32
-5.20257e-32
7.29311e-33
6.28064e-32
8.75064e-32
6.03245e-32
2.3414e-33
-6.18171e-32
-1.01207e-31
-9.01237e-32
-4.06619e-32
3.07637e-32
9.33745e-32
1.15835e-31
9.81261e-32
4.21124e-32
-2.95262e-32
-8.56497e-32
-1.16692e-31
-1.05589e-31
-5.96188e-32
3.03221e-33
7.23006e-32
1.17559e-31
1.29748e-31
1.02479e-31
3.54379e-32
-4.2697e-32
-1.13094e-31
-1.44109e-31
-1.18658e-31
-4.72816e-32
5.13877e-32
1.32271e-31
1.62329e-31
1.28127e-31
3.95451e-32
-6.03328e-32
-1.28851e-31
-1.34774e-31
-7.45641e-32
1.9624e-32
1.04098e-31
1.39958e-31
1.09452e-31
3.35984e-32
-5.10597e-32
-1.03752e-31
-9.49205e-32
-3.77249e-32
4.46703e-32
1.09936e-31
1.22047e-31
8.78299e-32
1.38298e-32
-5.46544e-32
-8.31678e-32
-7.05146e-32
-8.20326e-33
5.68019e-32
9.9706e-32
1.08281e-31
6.59014e-32
1.478e-32
-3.34823e-32
-5.58144e-32
-3.61759e-32
-3.00776e-33
4.215e-32
7.29724e-32
7.86336e-32
7.05898e-32
4.62778e-32
2.4368e-32
1.13901e-32
4.25962e-33
6.40296e-33
8.95687e-33
7.26888e-33
8.57032e-33
8.8164e-33
1.87681e-32
4.17483e-32
6.58307e-32
9.5162e-32
1.03908e-31
9.01244e-32
5.51959e-32
-2.67411e-33
-4.6123e-32
-7.17281e-32
-5.6649e-32
-2.92501e-33
6.14601e-32
1.25006e-31
1.4881e-31
1.33873e-31
8.23245e-32
1.89411e-32
-2.98085e-32
-5.00614e-32
-2.8506e-32
2.47738e-33
5.15442e-32
7.22359e-32
7.31748e-32
6.64656e-32
2.19637e-32
1.28812e-32
-1.92811e-32
-2.51753e-32
-4.94081e-33
)
;

boundaryField
{
    left
    {
        type            calculated;
        value           uniform 0;
    }
    right
    {
        type            calculated;
        value           uniform 0;
    }
    empty
    {
        type            empty;
        value           nonuniform List<scalar> 0();
    }
}


// ************************************************************************* //
