/*--------------------------------*- C++ -*----------------------------------*\
| =========                 |                                                 |
| \\      /  F ield         | OpenFOAM: The Open Source CFD Toolbox           |
|  \\    /   O peration     | Version:  2106                                  |
|   \\  /    A nd           | Website:  www.openfoam.com                      |
|    \\/     M anipulation  |                                                 |
\*---------------------------------------------------------------------------*/
FoamFile
{
    version     2.0;
    format      ascii;
    arch        "LSB;label=32;scalar=64";
    class       surfaceScalarField;
    location    "0.15";
    object      phi;
}
// * * * * * * * * * * * * * * * * * * * * * * * * * * * * * * * * * * * * * //

dimensions      [0 3 -1 0 0 0 0];

oriented        oriented;

internalField   nonuniform List<scalar> 
799
(
1.59453e-32
4.18862e-32
5.31888e-32
4.04573e-32
1.33277e-32
-5.5378e-32
-1.16818e-31
-1.64748e-31
-1.76842e-31
-1.4112e-31
-8.73533e-32
-2.71021e-32
9.35261e-33
1.70799e-32
-6.51638e-33
-4.77505e-32
-1.00642e-31
-1.54989e-31
-1.96946e-31
-2.26542e-31
-2.19986e-31
-1.85446e-31
-1.25814e-31
-5.65637e-32
-1.74778e-32
-9.86926e-33
-5.3012e-32
-1.25104e-31
-1.9286e-31
-2.46903e-31
-2.51189e-31
-2.25316e-31
-1.80391e-31
-1.2674e-31
-1.03238e-31
-9.35304e-32
-1.12086e-31
-1.51328e-31
-1.82535e-31
-2.20542e-31
-2.30803e-31
-2.19592e-31
-1.97374e-31
-1.51885e-31
-1.27841e-31
-1.18713e-31
-1.35765e-31
-1.8584e-31
-2.26884e-31
-2.64239e-31
-2.6721e-31
-2.34379e-31
-1.92182e-31
-1.38832e-31
-1.1534e-31
-1.22388e-31
-1.56352e-31
-2.16276e-31
-2.62487e-31
-2.88413e-31
-2.75996e-31
-2.23569e-31
-1.62162e-31
-1.07902e-31
-9.57323e-32
-1.37092e-31
-2.11482e-31
-2.95567e-31
-3.41537e-31
-3.24534e-31
-2.53641e-31
-1.52348e-31
-7.63334e-32
-6.01973e-32
-1.07634e-31
-2.0174e-31
-2.88543e-31
-3.33445e-31
-3.22173e-31
-2.63127e-31
-1.97062e-31
-1.48206e-31
-1.32966e-31
-1.48073e-31
-1.7227e-31
-1.9827e-31
-2.1788e-31
-2.36034e-31
-2.56337e-31
-2.6858e-31
-2.66576e-31
-2.35404e-31
-1.82782e-31
-1.29301e-31
-9.65523e-32
-1.15347e-31
-1.7383e-31
-2.55487e-31
-3.24715e-31
-3.37935e-31
-3.02501e-31
-2.16559e-31
-1.25553e-31
-7.21321e-32
-6.29004e-32
-1.20633e-31
-1.99675e-31
-2.73227e-31
-3.16909e-31
-2.99657e-31
-2.55561e-31
-1.92538e-31
-1.45624e-31
-1.36762e-31
-1.47923e-31
-1.78255e-31
-1.94805e-31
-1.92008e-31
-1.78963e-31
-1.64759e-31
-1.74361e-31
-2.04527e-31
-2.45724e-31
-2.76202e-31
-2.74434e-31
-2.39405e-31
-1.7967e-31
-1.19836e-31
-8.16437e-32
-7.58963e-32
-1.05447e-31
-1.57418e-31
-2.17968e-31
-2.72874e-31
-3.04313e-31
-3.06617e-31
-2.72457e-31
-2.07862e-31
-1.33652e-31
-6.8394e-32
-4.26139e-32
-6.4672e-32
-1.2736e-31
-2.11022e-31
-2.75318e-31
-3.01253e-31
-2.77183e-31
-2.16348e-31
-1.53006e-31
-1.09072e-31
-1.07643e-31
-1.41545e-31
-1.87856e-31
-2.24232e-31
-2.24019e-31
-1.90356e-31
-1.38751e-31
-9.62017e-32
-9.25259e-32
-1.31666e-31
-2.01837e-31
-2.67695e-31
-2.93611e-31
-2.61638e-31
-1.8033e-31
-8.98133e-32
-3.05147e-32
-3.71652e-32
-1.02351e-31
-1.90932e-31
-2.60264e-31
-2.65656e-31
-2.17693e-31
-1.38579e-31
-7.41664e-32
-6.5942e-32
-1.00015e-31
-1.66906e-31
-2.14434e-31
-2.14425e-31
-1.75916e-31
-1.02577e-31
-5.06414e-32
-3.46122e-32
-6.09737e-32
-1.25504e-31
-1.78499e-31
-2.11842e-31
-2.009e-31
-1.5043e-31
-9.15268e-32
-3.18786e-32
-4.97432e-33
-9.46301e-33
-3.67815e-32
-8.09124e-32
-1.13909e-31
-1.33332e-31
-1.32101e-31
-1.09262e-31
-7.73562e-32
-3.62421e-32
3.35472e-33
3.19524e-32
4.55377e-32
3.36505e-32
1.58165e-33
-3.68138e-32
-6.50709e-32
-5.94541e-32
-1.63042e-32
5.13554e-32
1.18562e-31
1.5005e-31
1.32488e-31
7.60938e-32
1.27495e-32
-1.20295e-32
2.70021e-32
1.23214e-31
2.40369e-31
3.2199e-31
3.27667e-31
2.57406e-31
1.45287e-31
5.82654e-32
5.17925e-32
1.38056e-31
2.94349e-31
4.49241e-31
5.39453e-31
5.3708e-31
4.47215e-31
3.35275e-31
2.60873e-31
2.6599e-31
3.6317e-31
5.04241e-31
6.43375e-31
7.32065e-31
7.46095e-31
7.10103e-31
6.53169e-31
6.20444e-31
6.4066e-31
7.11082e-31
8.14717e-31
9.17302e-31
9.89851e-31
1.02299e-30
1.03101e-30
1.0381e-30
1.07483e-30
1.15196e-30
1.25072e-30
1.34916e-30
1.41123e-30
1.4295e-30
1.42861e-30
1.43636e-30
1.49636e-30
1.6164e-30
1.77069e-30
1.92671e-30
2.03767e-30
2.09129e-30
2.11007e-30
2.12169e-30
2.16825e-30
2.26415e-30
2.39181e-30
2.53869e-30
2.67411e-30
2.7913e-30
2.90432e-30
3.0105e-30
3.1281e-30
3.25021e-30
3.36718e-30
3.48927e-30
3.60871e-30
3.74199e-30
3.89088e-30
4.0441e-30
4.20074e-30
4.34756e-30
4.49556e-30
4.66118e-30
4.8563e-30
5.08268e-30
5.31672e-30
5.5273e-30
5.69009e-30
5.81275e-30
5.92719e-30
6.08513e-30
6.32159e-30
6.63017e-30
6.97742e-30
7.29719e-30
7.55127e-30
7.73721e-30
7.88732e-30
8.0691e-30
8.31707e-30
8.64306e-30
9.01646e-30
9.38166e-30
9.71263e-30
9.99556e-30
1.02614e-29
1.05495e-29
1.08778e-29
1.12553e-29
1.165e-29
1.20368e-29
1.24036e-29
1.275e-29
1.31097e-29
1.35006e-29
1.39338e-29
1.44033e-29
1.48743e-29
1.53327e-29
1.57641e-29
1.61803e-29
1.66163e-29
1.70867e-29
1.76138e-29
1.81817e-29
1.87583e-29
1.93239e-29
1.98461e-29
2.03428e-29
2.08387e-29
2.13645e-29
2.19623e-29
2.26199e-29
2.33244e-29
2.40321e-29
2.46902e-29
2.52839e-29
2.58159e-29
2.62894e-29
2.69229e-29
2.76656e-29
2.9235e-29
3.18677e-29
3.56926e-29
4.27782e-29
4.56701e-29
4.86655e-29
3.18015e-29
-1.0742e-29
-6.19078e-29
-1.6729e-28
-1.57719e-28
-9.67128e-29
1.91522e-28
8.35969e-28
1.20155e-27
1.84426e-27
1.08287e-27
-7.34777e-28
-3.00985e-27
-7.51602e-27
-7.1862e-27
-5.90365e-27
1.77593e-27
1.69042e-26
2.2696e-26
3.3077e-26
1.66767e-26
-1.35825e-26
-4.09786e-26
-9.04668e-26
-7.12934e-26
-4.21657e-26
3.15994e-26
1.54654e-25
1.62765e-25
1.92027e-25
5.4341e-26
-1.4557e-25
-2.41532e-25
-4.15681e-25
-2.36494e-25
-3.1613e-26
2.19184e-25
5.89226e-25
4.55187e-25
3.83065e-25
-3.70534e-26
-5.43971e-25
-5.80018e-25
-7.54221e-25
-2.54547e-25
2.23659e-25
5.06879e-25
9.15323e-25
5.06889e-25
2.23674e-25
-2.54534e-25
-7.54216e-25
-5.80024e-25
-5.43984e-25
-3.70675e-26
3.83056e-25
4.55185e-25
5.8923e-25
2.19192e-25
-3.16073e-26
-2.36492e-25
-4.15683e-25
-2.41538e-25
-1.45575e-25
5.43373e-26
1.92026e-25
1.62765e-25
1.54654e-25
3.15997e-26
-4.21661e-26
-7.12942e-26
-9.04675e-26
-4.09797e-26
-1.35834e-26
1.66756e-26
3.30759e-26
2.2695e-26
1.69031e-26
1.77509e-27
-5.9044e-27
-7.18686e-27
-7.51663e-27
-3.01049e-27
-7.35434e-28
1.08216e-27
1.84351e-27
1.2008e-27
8.35227e-28
1.90852e-28
-9.73023e-29
-1.58208e-28
-1.67713e-28
-6.23296e-29
-1.12084e-29
3.12295e-29
4.8011e-29
4.49833e-29
4.21329e-29
3.51755e-29
3.14875e-29
2.89755e-29
2.74543e-29
2.66715e-29
2.59542e-29
2.53708e-29
2.47635e-29
2.41549e-29
2.35364e-29
2.29274e-29
2.23372e-29
2.178e-29
2.12481e-29
2.07182e-29
2.01692e-29
1.95869e-29
1.89805e-29
1.83854e-29
1.78288e-29
1.73373e-29
1.69041e-29
1.65e-29
1.6099e-29
1.56653e-29
1.52011e-29
1.4714e-29
1.42246e-29
1.37644e-29
1.33393e-29
1.29632e-29
1.26245e-29
1.23036e-29
1.19834e-29
1.16368e-29
1.12592e-29
1.08604e-29
1.04632e-29
1.01016e-29
9.79822e-30
9.54678e-30
9.32866e-30
9.10066e-30
8.82775e-30
8.51094e-30
8.15694e-30
7.81693e-30
7.52712e-30
7.29797e-30
7.13414e-30
6.98368e-30
6.81579e-30
6.60305e-30
6.33241e-30
6.04336e-30
5.76142e-30
5.52817e-30
5.36524e-30
5.25443e-30
5.17158e-30
5.06733e-30
4.90478e-30
4.67855e-30
4.40872e-30
4.14551e-30
3.9439e-30
3.82854e-30
3.79127e-30
3.785e-30
3.74454e-30
3.6306e-30
3.43375e-30
3.19245e-30
2.96432e-30
2.79721e-30
2.71197e-30
2.68577e-30
2.68108e-30
2.64975e-30
2.57191e-30
2.44827e-30
2.29707e-30
2.15444e-30
2.03176e-30
1.94845e-30
1.89422e-30
1.85418e-30
1.8199e-30
1.7622e-30
1.69152e-30
1.6012e-30
1.50787e-30
1.43724e-30
1.37958e-30
1.35253e-30
1.32416e-30
1.2783e-30
1.21632e-30
1.12243e-30
1.04005e-30
9.782e-31
9.48733e-31
9.58488e-31
9.63444e-31
9.5639e-31
9.1513e-31
8.40789e-31
7.66916e-31
6.98098e-31
6.55349e-31
6.30577e-31
6.03649e-31
5.78916e-31
5.49606e-31
5.36481e-31
5.52863e-31
5.82033e-31
6.09404e-31
5.90498e-31
5.06705e-31
3.79118e-31
2.39847e-31
1.6275e-31
1.8114e-31
2.86321e-31
4.40251e-31
5.46448e-31
5.54522e-31
4.44599e-31
2.47435e-31
6.42689e-32
-4.20169e-32
-1.69375e-32
1.24736e-31
2.96979e-31
4.32295e-31
4.47757e-31
3.40044e-31
1.65651e-31
-1.16902e-32
-9.62965e-32
-7.08471e-32
4.22678e-32
1.9012e-31
2.83632e-31
2.99389e-31
2.3006e-31
1.12872e-31
1.24734e-32
-5.12929e-32
-5.30358e-32
-1.38486e-32
3.67476e-32
8.95256e-32
1.17483e-31
1.3071e-31
1.25778e-31
1.01256e-31
6.98684e-32
2.51409e-32
-1.40101e-32
-4.30317e-32
-5.51561e-32
-4.42772e-32
-2.06962e-32
1.61041e-32
5.10898e-32
8.12197e-32
9.43984e-32
8.44159e-32
5.48709e-32
2.67956e-33
-4.50532e-32
-8.36963e-32
-9.49514e-32
-7.25541e-32
-3.8311e-32
1.17181e-32
4.59141e-32
6.23369e-32
6.34744e-32
3.67582e-32
8.24238e-33
-3.02898e-32
-6.45455e-32
-7.98373e-32
-8.3805e-32
-5.86728e-32
-2.23218e-32
1.62425e-32
4.72395e-32
4.99358e-32
3.36434e-32
-2.02824e-33
-4.11923e-32
-6.81386e-32
-7.96011e-32
-6.80204e-32
-4.22591e-32
-1.00311e-32
1.755e-32
3.07035e-32
2.47792e-32
4.43265e-33
-2.04495e-32
-3.95327e-32
-3.97599e-32
-3.11822e-32
-1.73665e-32
-1.29049e-32
-2.58225e-32
-3.67838e-32
-4.35441e-32
-2.32707e-32
1.62756e-32
4.98003e-32
6.41259e-32
2.97361e-32
-3.14425e-32
-9.34603e-32
-1.23342e-31
-9.09197e-32
-1.9798e-32
6.52619e-32
1.13968e-31
1.00054e-31
3.61157e-32
-5.30594e-32
-1.11371e-31
-1.1644e-31
-6.5757e-32
1.47928e-32
7.4772e-32
9.29682e-32
5.59016e-32
-9.85534e-33
-6.43787e-32
-8.46266e-32
-5.22093e-32
7.39423e-33
6.31916e-32
8.81775e-32
6.12852e-32
3.58968e-33
-6.02776e-32
-9.9374e-32
-8.79909e-32
-3.8228e-32
3.34991e-32
9.64108e-32
1.1917e-31
1.01764e-31
4.60553e-32
-2.52816e-32
-8.11148e-32
-1.11865e-31
-1.00471e-31
-5.42119e-32
8.72452e-33
7.82748e-32
1.23814e-31
1.36281e-31
1.09292e-31
4.25337e-32
-3.53213e-32
-1.05436e-31
-1.3618e-31
-1.10465e-31
-3.88255e-32
6.01056e-32
1.41249e-31
1.71555e-31
1.37597e-31
4.92548e-32
-5.03947e-32
-1.18688e-31
-1.24391e-31
-6.39647e-32
3.04322e-32
1.15106e-31
1.51159e-31
1.20839e-31
4.51616e-32
-3.93311e-32
-9.18654e-32
-8.28872e-32
-2.55539e-32
5.69714e-32
1.22356e-31
1.34574e-31
1.00466e-31
2.65628e-32
-4.18349e-32
-7.02739e-32
-5.75567e-32
4.80881e-33
6.98596e-32
1.12802e-31
1.21401e-31
7.9029e-32
2.79019e-32
-2.0374e-32
-4.27406e-32
-2.31413e-32
9.98023e-33
5.50718e-32
8.58122e-32
9.13763e-32
8.32288e-32
5.87994e-32
3.67601e-32
2.36408e-32
1.63599e-32
1.83428e-32
2.07231e-32
1.88463e-32
1.99447e-32
1.9977e-32
2.97027e-32
5.24492e-32
7.62886e-32
1.05366e-31
1.13853e-31
9.97989e-32
6.45871e-32
6.42836e-33
-3.73149e-32
-6.32273e-32
-4.84698e-32
4.92617e-33
6.8978e-32
1.32181e-31
1.55635e-31
1.40337e-31
8.84137e-32
2.46489e-32
-2.44845e-32
-4.51285e-32
-2.39718e-32
6.61136e-33
5.52757e-32
7.55612e-32
7.60938e-32
6.89724e-32
2.40582e-32
1.45581e-32
-1.80225e-32
-2.43363e-32
-4.52192e-33
)
;

boundaryField
{
    left
    {
        type            calculated;
        value           uniform 0;
    }
    right
    {
        type            calculated;
        value           uniform 0;
    }
    empty
    {
        type            empty;
        value           nonuniform List<scalar> 0();
    }
}


// ************************************************************************* //
