/*--------------------------------*- C++ -*----------------------------------*\
| =========                 |                                                 |
| \\      /  F ield         | OpenFOAM: The Open Source CFD Toolbox           |
|  \\    /   O peration     | Version:  v1706                                 |
|   \\  /    A nd           | Web:      www.OpenFOAM.com                      |
|    \\/     M anipulation  |                                                 |
\*---------------------------------------------------------------------------*/
FoamFile
{
    version     2.0;
    format      ascii;
    class       surfaceScalarField;
    location    "0.1304";
    object      phi;
}
// * * * * * * * * * * * * * * * * * * * * * * * * * * * * * * * * * * * * * //

dimensions      [0 3 -1 0 0 0 0];
oriented        oriented;


internalField   nonuniform List<scalar> 
799
(
1.38577e-33
2.03577e-33
2.62276e-33
3.64535e-33
3.67753e-33
4.5922e-33
4.90342e-33
5.20924e-33
5.89482e-33
5.91835e-33
6.44655e-33
6.67926e-33
6.8368e-33
7.23123e-33
7.27331e-33
7.53544e-33
7.68849e-33
7.75732e-33
7.9422e-33
7.96312e-33
8.06032e-33
8.11561e-33
8.11608e-33
8.15618e-33
8.12671e-33
8.10621e-33
8.06784e-33
8.00225e-33
7.94296e-33
7.86938e-33
7.79099e-33
7.70642e-33
7.61796e-33
7.53003e-33
7.44191e-33
7.3554e-33
7.26211e-33
7.17559e-33
7.08927e-33
7.00877e-33
6.93807e-33
6.87122e-33
6.81054e-33
6.76111e-33
6.71561e-33
6.67878e-33
6.64901e-33
6.63012e-33
6.61874e-33
6.61361e-33
6.61286e-33
6.61888e-33
6.62941e-33
6.64822e-33
6.67004e-33
6.70464e-33
6.7385e-33
6.77988e-33
6.82182e-33
6.85859e-33
6.90201e-33
6.94616e-33
6.99527e-33
7.04401e-33
7.09297e-33
7.14133e-33
7.18607e-33
7.2302e-33
7.27347e-33
7.32425e-33
7.385e-33
7.4525e-33
7.52887e-33
7.6113e-33
7.70179e-33
7.80096e-33
7.90722e-33
8.0227e-33
8.14176e-33
8.25742e-33
8.37215e-33
8.49064e-33
8.60499e-33
8.72386e-33
8.82618e-33
8.92811e-33
9.02592e-33
9.12785e-33
9.22758e-33
9.3282e-33
9.42697e-33
9.5306e-33
9.62956e-33
9.73507e-33
9.83879e-33
9.94261e-33
1.00427e-32
1.01397e-32
1.02291e-32
1.03051e-32
1.03715e-32
1.04284e-32
1.04751e-32
1.0511e-32
1.05392e-32
1.05605e-32
1.05746e-32
1.05863e-32
1.05965e-32
1.06034e-32
1.06113e-32
1.06136e-32
1.06197e-32
1.06221e-32
1.06287e-32
1.06362e-32
1.06445e-32
1.06502e-32
1.06598e-32
1.0673e-32
1.06877e-32
1.07121e-32
1.07418e-32
1.07794e-32
1.08178e-32
1.08579e-32
1.09002e-32
1.09436e-32
1.09927e-32
1.10433e-32
1.10955e-32
1.11448e-32
1.11967e-32
1.12494e-32
1.13088e-32
1.13689e-32
1.14307e-32
1.14935e-32
1.15608e-32
1.16286e-32
1.17029e-32
1.1776e-32
1.18499e-32
1.19281e-32
1.20035e-32
1.20803e-32
1.21544e-32
1.22261e-32
1.2296e-32
1.2365e-32
1.24283e-32
1.24915e-32
1.25516e-32
1.26073e-32
1.26645e-32
1.27149e-32
1.2763e-32
1.28132e-32
1.28567e-32
1.28958e-32
1.29316e-32
1.29658e-32
1.29955e-32
1.30271e-32
1.30568e-32
1.30841e-32
1.31106e-32
1.31387e-32
1.31565e-32
1.31778e-32
1.31948e-32
1.32128e-32
1.3225e-32
1.32295e-32
1.3228e-32
1.32242e-32
1.32159e-32
1.31986e-32
1.31731e-32
1.31391e-32
1.30918e-32
1.30361e-32
1.29745e-32
1.29022e-32
1.2821e-32
1.27459e-32
1.26655e-32
1.25897e-32
1.25186e-32
1.24472e-32
1.23846e-32
1.23235e-32
1.2268e-32
1.22193e-32
1.21747e-32
1.21399e-32
1.2113e-32
1.20841e-32
1.20601e-32
1.20373e-32
1.2012e-32
1.19882e-32
1.1965e-32
1.19534e-32
1.19513e-32
1.19654e-32
1.19957e-32
1.20433e-32
1.2108e-32
1.21864e-32
1.22749e-32
1.23681e-32
1.24764e-32
1.25998e-32
1.27247e-32
1.28539e-32
1.29887e-32
1.31215e-32
1.32453e-32
1.33581e-32
1.34651e-32
1.3559e-32
1.36545e-32
1.37544e-32
1.3852e-32
1.39477e-32
1.40434e-32
1.41418e-32
1.42368e-32
1.43286e-32
1.44144e-32
1.44941e-32
1.45694e-32
1.4631e-32
1.46852e-32
1.47241e-32
1.47531e-32
1.47706e-32
1.47693e-32
1.47535e-32
1.47167e-32
1.46657e-32
1.45994e-32
1.45317e-32
1.44521e-32
1.43651e-32
1.42663e-32
1.41584e-32
1.40384e-32
1.39032e-32
1.37544e-32
1.359e-32
1.3413e-32
1.32235e-32
1.30226e-32
1.28134e-32
1.25981e-32
1.23788e-32
1.21559e-32
1.19378e-32
1.16988e-32
1.14683e-32
1.12486e-32
1.10328e-32
1.08213e-32
1.06295e-32
1.04482e-32
1.02721e-32
1.01045e-32
9.94496e-33
9.79065e-33
9.64169e-33
9.49771e-33
9.35571e-33
9.21888e-33
9.08497e-33
8.95068e-33
8.81263e-33
8.6727e-33
8.52544e-33
8.38616e-33
8.24784e-33
8.11571e-33
7.98998e-33
7.86998e-33
7.75507e-33
7.64174e-33
7.53219e-33
7.42536e-33
7.32474e-33
7.22769e-33
7.12984e-33
7.03322e-33
6.93617e-33
6.84147e-33
6.75132e-33
6.66496e-33
6.57868e-33
6.5003e-33
6.42854e-33
6.35707e-33
6.28636e-33
6.22015e-33
6.15997e-33
6.09602e-33
6.04185e-33
5.99596e-33
5.96136e-33
5.9386e-33
5.92842e-33
5.92468e-33
5.93277e-33
5.95082e-33
5.97781e-33
6.00414e-33
6.04228e-33
6.0851e-33
6.13651e-33
6.19762e-33
6.26826e-33
6.34722e-33
6.44138e-33
6.54077e-33
6.64731e-33
6.75635e-33
6.86652e-33
6.98191e-33
7.0942e-33
7.20945e-33
7.3127e-33
7.41934e-33
7.50772e-33
7.5984e-33
7.65783e-33
7.78948e-33
7.63902e-33
8.47409e-33
6.30592e-33
1.18535e-32
4.97281e-34
1.89975e-32
-1.67014e-33
-1.76531e-33
7.30085e-32
-1.60663e-31
3.26741e-31
-3.95623e-31
2.74191e-31
4.2215e-31
-1.87941e-30
3.8903e-30
-5.66932e-30
4.91109e-30
1.02145e-30
-1.35071e-29
3.19348e-29
-4.60185e-29
4.24394e-29
-3.9557e-30
-8.03055e-29
1.84947e-28
-2.66245e-28
2.37381e-28
-1.90581e-29
-3.72468e-28
8.54263e-28
-1.13819e-27
9.12223e-28
-1.63116e-29
-1.53368e-27
3.06221e-27
-3.71896e-27
2.66718e-27
5.96662e-28
-4.98431e-27
8.81646e-27
-9.62394e-27
5.34866e-27
3.11199e-27
-1.34535e-26
2.04359e-26
-1.89328e-26
7.97097e-27
1.08526e-26
-2.90662e-26
3.72787e-26
-3.00709e-26
5.71686e-27
2.53607e-26
-4.99042e-26
5.58164e-26
-3.51218e-26
-3.10086e-27
4.44997e-26
-7.02061e-26
6.46624e-26
-3.15728e-26
-1.79829e-26
6.13596e-26
-7.71868e-26
6.13595e-26
-1.79826e-26
-3.15731e-26
6.46626e-26
-7.02061e-26
4.44995e-26
-3.10064e-27
-3.5122e-26
5.58165e-26
-4.99042e-26
2.53606e-26
5.71702e-27
-3.0071e-26
3.72787e-26
-2.90662e-26
1.08525e-26
7.97107e-27
-1.89328e-26
2.04359e-26
-1.34535e-26
3.11195e-27
5.3487e-27
-9.62396e-27
8.81646e-27
-4.98429e-27
5.96644e-28
2.66719e-27
-3.71897e-27
3.06221e-27
-1.53368e-27
-1.63185e-29
9.12223e-28
-1.13819e-27
8.54259e-28
-3.72471e-28
-1.90628e-29
2.37377e-28
-2.66249e-28
1.84942e-28
-8.03101e-29
-3.96092e-30
4.2434e-29
-4.6024e-29
3.19289e-29
-1.35132e-29
1.01515e-30
4.90456e-30
-5.67596e-30
3.88341e-30
-1.88641e-30
4.15036e-31
2.66993e-31
-4.02883e-31
3.19424e-31
-1.68032e-31
6.55937e-32
-9.24747e-33
-9.19594e-33
1.14172e-32
-7.10488e-33
4.22482e-33
-1.31806e-33
8.33567e-34
4.70198e-36
1.51968e-34
5.26621e-35
1.99364e-35
-4.81659e-36
-1.86198e-35
-1.95602e-35
-1.57986e-35
-2.25695e-36
1.41059e-35
3.00927e-35
4.5139e-35
7.19873e-35
9.25349e-35
1.23004e-34
1.45949e-34
1.73033e-34
1.92593e-34
2.06887e-34
2.23344e-34
2.34253e-34
2.41305e-34
2.48264e-34
2.45255e-34
2.45443e-34
2.36651e-34
2.28516e-34
2.18172e-34
1.99481e-34
1.77547e-34
1.54131e-34
1.24132e-34
8.40714e-35
4.01549e-35
-1.01563e-35
-6.22013e-35
-1.18443e-34
-1.72022e-34
-2.31149e-34
-2.89642e-34
-3.51332e-34
-4.18241e-34
-4.78473e-34
-5.47686e-34
-6.03358e-34
-6.59194e-34
-7.06425e-34
-7.5194e-34
-7.93318e-34
-8.29053e-34
-8.6065e-34
-8.78988e-34
-8.97749e-34
-9.06917e-34
-9.01275e-34
-8.90743e-34
-8.65164e-34
-8.32062e-34
-7.97267e-34
-7.57771e-34
-7.1771e-34
-6.7558e-34
-6.33074e-34
-5.91321e-34
-5.49614e-34
-5.16089e-34
-4.87125e-34
-4.62675e-34
-4.51249e-34
-4.46315e-34
-4.52871e-34
-4.75302e-34
-5.01801e-34
-5.32353e-34
-5.63416e-34
-6.01926e-34
-6.38687e-34
-6.78969e-34
-7.18922e-34
-7.59762e-34
-8.00305e-34
-8.44179e-34
-8.87074e-34
-9.29452e-34
-9.71316e-34
-1.00566e-33
-1.02746e-33
-1.05307e-33
-1.08183e-33
-1.11174e-33
-1.14164e-33
-1.17738e-33
-1.21499e-33
-1.25185e-33
-1.29549e-33
-1.35567e-33
-1.42037e-33
-1.49109e-33
-1.57798e-33
-1.66036e-33
-1.74387e-33
-1.82136e-33
-1.90054e-33
-1.97558e-33
-2.04763e-33
-2.12304e-33
-2.19507e-33
-2.25902e-33
-2.31939e-33
-2.37793e-33
-2.43073e-33
-2.47343e-33
-2.50982e-33
-2.53733e-33
-2.54571e-33
-2.54317e-33
-2.52692e-33
-2.49869e-33
-2.45921e-33
-2.41055e-33
-2.35256e-33
-2.28455e-33
-2.21272e-33
-2.12824e-33
-2.03892e-33
-1.94452e-33
-1.84753e-33
-1.74849e-33
-1.63862e-33
-1.5257e-33
-1.40702e-33
-1.28082e-33
-1.15255e-33
-1.03368e-33
-9.11807e-34
-7.88428e-34
-6.73135e-34
-5.62733e-34
-4.66436e-34
-3.79167e-34
-3.02431e-34
-2.33218e-34
-1.76606e-34
-1.30151e-34
-9.1571e-35
-5.57008e-35
-1.86522e-35
1.32243e-35
4.39517e-35
7.37975e-35
9.96819e-35
1.34006e-34
1.67014e-34
2.1441e-34
2.77605e-34
3.44561e-34
4.24212e-34
5.02641e-34
5.81917e-34
6.72312e-34
7.65858e-34
8.72687e-34
9.8403e-34
1.1029e-33
1.22026e-33
1.33216e-33
1.43617e-33
1.54074e-33
1.64442e-33
1.75139e-33
1.84995e-33
1.94549e-33
2.02674e-33
2.09943e-33
2.16206e-33
2.21294e-33
2.251e-33
2.28497e-33
2.31055e-33
2.32767e-33
2.34102e-33
2.35325e-33
2.36265e-33
2.37459e-33
2.39237e-33
2.41456e-33
2.43901e-33
2.46007e-33
2.47775e-33
2.48744e-33
2.49915e-33
2.50813e-33
2.5236e-33
2.53514e-33
2.54124e-33
2.54118e-33
2.54189e-33
2.54584e-33
2.54433e-33
2.54659e-33
2.5496e-33
2.54734e-33
2.5512e-33
2.55853e-33
2.56704e-33
2.58177e-33
2.60144e-33
2.6253e-33
2.66047e-33
2.70683e-33
2.75197e-33
2.80294e-33
2.85071e-33
2.89943e-33
2.94908e-33
2.99883e-33
3.04387e-33
3.07396e-33
3.09231e-33
3.09243e-33
3.08536e-33
3.07458e-33
3.05497e-33
3.0292e-33
2.99535e-33
2.9551e-33
2.90093e-33
2.85053e-33
2.79015e-33
2.73147e-33
2.679e-33
2.6324e-33
2.59248e-33
2.55712e-33
2.5323e-33
2.51123e-33
2.50371e-33
2.50456e-33
2.51095e-33
2.52e-33
2.52306e-33
2.53362e-33
2.53768e-33
2.53999e-33
2.53706e-33
2.52136e-33
2.49714e-33
2.46521e-33
2.42007e-33
2.37842e-33
2.327e-33
2.27471e-33
2.22029e-33
2.16449e-33
2.11251e-33
2.05599e-33
2.00838e-33
1.96283e-33
1.91984e-33
1.88193e-33
1.8475e-33
1.8191e-33
1.79653e-33
1.77547e-33
1.76192e-33
1.77246e-33
1.78149e-33
1.80405e-33
1.82963e-33
1.85521e-33
1.8853e-33
1.90637e-33
1.91808e-33
1.91718e-33
1.90783e-33
1.88087e-33
1.85056e-33
1.81335e-33
1.77462e-33
1.72657e-33
1.67259e-33
1.61297e-33
1.54507e-33
1.47266e-33
1.39555e-33
1.30753e-33
1.22853e-33
1.14503e-33
1.06735e-33
9.90048e-34
9.09927e-34
8.34648e-34
7.63225e-34
6.9514e-34
6.40974e-34
5.89064e-34
5.44677e-34
5.14584e-34
4.82235e-34
4.66718e-34
4.54258e-34
4.45277e-34
4.59665e-34
4.67941e-34
5.04052e-34
5.26839e-34
5.65742e-34
6.53011e-34
6.68245e-34
7.8918e-34
8.44851e-34
8.88204e-34
1.09161e-33
1.0224e-33
1.2654e-33
1.32257e-33
1.27583e-33
1.73484e-33
1.41962e-33
1.86424e-33
1.98687e-33
1.63253e-33
2.6064e-33
1.78054e-33
2.43299e-33
2.79783e-33
1.72807e-33
3.62428e-33
2.04423e-33
2.94457e-33
3.70864e-33
1.80405e-33
4.5297e-33
2.39086e-33
2.88288e-33
3.15653e-33
)
;

boundaryField
{
    left
    {
        type            calculated;
        value           uniform 0;
    }
    right
    {
        type            calculated;
        value           uniform 0;
    }
    empty
    {
        type            empty;
        value           nonuniform 0();
    }
}


// ************************************************************************* //
