/*--------------------------------*- C++ -*----------------------------------*\
| =========                 |                                                 |
| \\      /  F ield         | OpenFOAM: The Open Source CFD Toolbox           |
|  \\    /   O peration     | Version:  2106                                  |
|   \\  /    A nd           | Website:  www.openfoam.com                      |
|    \\/     M anipulation  |                                                 |
\*---------------------------------------------------------------------------*/
FoamFile
{
    version     2.0;
    format      ascii;
    arch        "LSB;label=32;scalar=64";
    class       surfaceScalarField;
    location    "0.004";
    object      phi;
}
// * * * * * * * * * * * * * * * * * * * * * * * * * * * * * * * * * * * * * //

dimensions      [0 3 -1 0 0 0 0];

oriented        oriented;

internalField   nonuniform List<scalar> 
799
(
2.24047e-32
5.47034e-32
7.2421e-32
6.59465e-32
4.50814e-32
-1.75395e-32
-7.29431e-32
-1.15017e-31
-1.21354e-31
-8.00435e-32
-2.08241e-32
4.47236e-32
8.63057e-32
9.90259e-32
8.02339e-32
4.36876e-32
-4.71401e-33
-5.46723e-32
-9.24376e-32
-1.17932e-31
-1.07461e-31
-6.90935e-32
-5.80337e-33
6.70284e-32
1.0954e-31
1.205e-31
8.05768e-32
1.16278e-32
-5.31023e-32
-1.04191e-31
-1.05636e-31
-7.69936e-32
-2.94058e-32
2.68314e-32
5.28301e-32
6.4958e-32
4.87381e-32
1.17574e-32
-1.72694e-32
-5.31688e-32
-6.13966e-32
-4.82259e-32
-2.41223e-32
2.31879e-32
4.89781e-32
5.97888e-32
4.43498e-32
-4.18156e-33
-4.37457e-32
-7.96884e-32
-8.13071e-32
-4.7187e-32
-3.76201e-33
5.07582e-32
7.53636e-32
6.93736e-32
3.64151e-32
-2.25537e-32
-6.78574e-32
-9.29259e-32
-7.96959e-32
-2.65011e-32
3.56304e-32
9.05706e-32
1.03376e-31
6.26085e-32
-1.12261e-32
-9.47979e-32
-1.40295e-31
-1.22859e-31
-5.1563e-32
5.00915e-32
1.26431e-31
1.42859e-31
9.56766e-32
1.79653e-33
-8.48192e-32
-1.29561e-31
-1.18158e-31
-5.90177e-32
7.10873e-33
5.59919e-32
7.12256e-32
5.60814e-32
3.18137e-32
5.7161e-33
-1.40217e-32
-3.23346e-32
-5.28186e-32
-6.52755e-32
-6.35097e-32
-3.25994e-32
1.97342e-32
7.29055e-32
1.05323e-31
8.61778e-32
2.73217e-32
-5.47257e-32
-1.24361e-31
-1.38003e-31
-1.03013e-31
-1.7526e-32
7.30157e-32
1.25966e-31
1.34712e-31
7.64861e-32
-3.05473e-33
-7.71143e-32
-1.21314e-31
-1.04581e-31
-6.10038e-32
1.50256e-33
4.7897e-32
5.62402e-32
4.45689e-32
1.37253e-32
-3.33577e-33
-1.04929e-33
1.14852e-32
2.51812e-32
1.50731e-32
-1.55982e-32
-5.72994e-32
-8.82761e-32
-8.69994e-32
-5.24605e-32
6.78815e-33
6.61406e-32
1.03856e-31
1.09129e-31
7.91052e-32
2.66591e-32
-3.43621e-32
-8.97393e-32
-1.21651e-31
-1.24426e-31
-9.07403e-32
-2.66227e-32
4.71053e-32
1.11878e-31
1.37168e-31
1.14615e-31
5.1425e-32
-3.27476e-32
-9.75619e-32
-1.24031e-31
-1.005e-31
-4.02218e-32
2.25318e-32
6.58668e-32
6.66732e-32
3.21224e-32
-1.48601e-32
-5.19399e-32
-5.24605e-32
-1.95632e-32
3.12324e-32
7.29461e-32
7.57432e-32
3.56779e-32
-3.54651e-32
-1.02347e-31
-1.29338e-31
-9.84993e-32
-1.83883e-32
7.08718e-32
1.28844e-31
1.20799e-31
5.41487e-32
-3.59758e-32
-1.06925e-31
-1.14017e-31
-6.78379e-32
9.40497e-33
7.18462e-32
7.80092e-32
4.17742e-32
-2.73813e-32
-7.72787e-32
-7.9747e-32
-4.38258e-32
2.68065e-32
7.59147e-32
8.89916e-32
5.95398e-32
-8.2183e-33
-6.45788e-32
-1.01436e-31
-9.41644e-32
-4.75223e-32
7.38173e-33
6.28579e-32
8.5412e-32
7.63744e-32
4.43062e-32
-4.78022e-33
-4.29492e-32
-6.77702e-32
-7.21737e-32
-5.52187e-32
-2.94577e-32
5.24214e-33
3.81418e-32
5.97399e-32
6.60158e-32
4.65022e-32
6.46748e-33
-4.02459e-32
-7.71831e-32
-8.06333e-32
-4.69476e-32
1.08302e-32
6.77175e-32
8.84363e-32
5.96357e-32
-8.48763e-33
-8.40751e-32
-1.21633e-31
-9.59301e-32
-1.36229e-32
8.90269e-32
1.55525e-31
1.45426e-31
5.8707e-32
-7.05639e-32
-1.75464e-31
-2.00586e-31
-1.33755e-31
2.28102e-33
1.36067e-31
2.0429e-31
1.79014e-31
6.52981e-32
-7.14798e-32
-1.7174e-31
-1.93539e-31
-1.24372e-31
-1.24501e-32
9.63582e-32
1.53502e-31
1.34723e-31
6.46187e-32
-2.77819e-32
-9.73743e-32
-1.15472e-31
-8.48542e-32
-2.25695e-32
3.70674e-32
6.50167e-32
5.18481e-32
1.17903e-32
-3.10135e-32
-4.606e-32
-2.26417e-32
2.04058e-32
6.10659e-32
6.32247e-32
1.93887e-32
-4.58793e-32
-1.04856e-31
-1.13987e-31
-6.55553e-32
1.45679e-32
9.37733e-32
1.2521e-31
9.65041e-32
3.00957e-32
-4.6448e-32
-9.10965e-32
-8.95324e-32
-5.94435e-32
-1.34572e-32
1.76671e-32
2.70503e-32
2.8662e-32
1.97353e-32
1.8422e-32
1.7708e-32
7.84816e-33
-1.01257e-33
-1.67513e-32
-2.29998e-32
-1.80782e-32
-1.34051e-32
-9.99377e-33
-2.12059e-32
-3.61668e-32
-3.85425e-32
-1.65916e-32
3.13391e-32
8.14949e-32
1.02645e-31
7.0328e-32
-7.9376e-33
-1.00375e-31
-1.55392e-31
-1.38115e-31
-5.50756e-32
6.01162e-32
1.41189e-31
1.49783e-31
8.32995e-32
-2.61084e-32
-1.11078e-31
-1.37241e-31
-9.29227e-32
-8.88034e-33
5.912e-32
8.48825e-32
5.44568e-32
-1.34665e-33
-4.34147e-32
-5.3917e-32
-2.40708e-32
1.40809e-32
3.51952e-32
2.69685e-32
-1.12077e-32
-4.55919e-32
-5.86852e-32
-3.93445e-32
6.15931e-33
4.28345e-32
5.65049e-32
3.26877e-32
-1.72681e-32
-5.81832e-32
-7.59351e-32
-4.82275e-32
8.64938e-33
6.21752e-32
9.28789e-32
6.6998e-32
3.97261e-33
-7.414e-32
-1.33535e-31
-1.35641e-31
-8.83776e-32
-7.54122e-33
6.53987e-32
7.94913e-32
1.47875e-32
-1.15568e-31
-3.25998e-31
-3.77199e-31
-3.50042e-31
4.99299e-31
2.37515e-30
5.42598e-30
1.17065e-29
1.37588e-29
1.59054e-29
-1.85124e-30
-4.52653e-29
-9.73342e-29
-2.03576e-28
-1.94866e-28
-1.34689e-28
1.52739e-28
7.96368e-28
1.16113e-27
1.80296e-27
1.0406e-27
-7.7807e-28
-3.0544e-27
-7.56178e-27
-7.23346e-27
-5.95225e-27
1.72584e-27
1.68527e-26
2.26435e-26
3.30232e-26
1.66225e-26
-1.36378e-26
-4.10339e-26
-9.0523e-26
-7.13499e-26
-4.22232e-26
3.15409e-26
1.54595e-25
1.62703e-25
1.91965e-25
5.4276e-26
-1.45635e-25
-2.41599e-25
-4.15746e-25
-2.36559e-25
-3.16774e-26
2.19123e-25
5.89164e-25
4.55129e-25
3.83006e-25
-3.71102e-26
-5.4403e-25
-5.80077e-25
-7.54282e-25
-2.5461e-25
2.23597e-25
5.06813e-25
9.1526e-25
5.06824e-25
2.23612e-25
-2.54596e-25
-7.54276e-25
-5.80082e-25
-5.44042e-25
-3.71237e-26
3.82997e-25
4.55128e-25
5.89169e-25
2.19131e-25
-3.16709e-26
-2.36556e-25
-4.15747e-25
-2.41603e-25
-1.45639e-25
5.42732e-26
1.91964e-25
1.62704e-25
1.54596e-25
3.1542e-26
-4.22226e-26
-7.13497e-26
-9.05229e-26
-4.1034e-26
-1.36378e-26
1.66223e-26
3.3023e-26
2.26433e-26
1.68525e-26
1.72579e-27
-5.95222e-27
-7.23336e-27
-7.56164e-27
-3.05431e-27
-7.78015e-28
1.04058e-27
1.80289e-27
1.16104e-27
7.9627e-28
1.52696e-28
-1.34669e-28
-1.94762e-28
-2.03422e-28
-9.71952e-29
-4.51868e-29
-1.89428e-30
1.57644e-29
1.35701e-29
1.15442e-29
5.37693e-30
2.44833e-30
6.78571e-31
-1.36898e-31
-2.18114e-31
-2.64647e-31
-1.77759e-31
-1.3608e-31
-9.94622e-32
-8.70204e-32
-7.4049e-32
-5.30895e-32
-1.22357e-32
4.36628e-32
8.69467e-32
1.00365e-31
6.63227e-32
-3.29966e-33
-7.45335e-32
-1.18893e-31
-1.09984e-31
-5.40809e-32
1.96977e-32
8.5655e-32
1.08306e-31
8.98032e-32
3.81528e-32
-2.6161e-32
-7.13226e-32
-9.12439e-32
-7.20313e-32
-2.48881e-32
3.05437e-32
7.7366e-32
8.87147e-32
6.00664e-32
1.53021e-33
-6.41831e-32
-1.02636e-31
-9.11913e-32
-3.59457e-32
4.4635e-32
1.07509e-31
1.1781e-31
7.67017e-32
-8.96949e-33
-8.78525e-32
-1.23611e-31
-1.05617e-31
-2.90788e-32
5.42119e-32
1.13576e-31
1.21753e-31
6.58177e-32
-1.4604e-32
-9.38391e-32
-1.30194e-31
-1.01897e-31
-2.70247e-32
7.03957e-32
1.41123e-31
1.48385e-31
8.69256e-32
-2.3045e-32
-1.31214e-31
-1.82464e-31
-1.52034e-31
-4.79842e-32
8.27202e-32
1.74992e-31
1.89659e-31
1.1738e-31
-3.2722e-33
-1.14578e-31
-1.68581e-31
-1.44347e-31
-6.45999e-32
3.32223e-32
1.01071e-31
1.19162e-31
8.82881e-32
2.6784e-32
-2.91432e-32
-6.80165e-32
-7.0344e-32
-4.63275e-32
-1.0786e-32
2.79414e-32
4.07424e-32
3.81161e-32
1.35041e-32
-1.64097e-32
-2.58443e-32
-2.44616e-32
5.44677e-33
3.20026e-32
3.91159e-32
2.82126e-32
-1.64486e-32
-5.13781e-32
-6.75053e-32
-5.29224e-32
-7.2749e-34
4.51001e-32
7.74e-32
7.40302e-32
3.61582e-32
-2.61505e-33
-3.7664e-32
-4.79292e-32
-4.14587e-32
-3.83456e-32
-3.41958e-32
-3.57441e-32
-2.21944e-32
1.98177e-32
7.36087e-32
1.24625e-31
1.28426e-31
6.6428e-32
-4.02414e-32
-1.59439e-31
-2.17273e-31
-1.80421e-31
-5.75411e-32
1.13358e-31
2.35815e-31
2.5947e-31
1.64471e-31
-1.8399e-32
-1.87878e-31
-2.81064e-31
-2.43444e-31
-8.97709e-32
9.39463e-32
2.40242e-31
2.66204e-31
1.68534e-31
3.74917e-33
-1.64405e-31
-2.40233e-31
-2.0639e-31
-8.52563e-32
7.02596e-32
1.71092e-31
1.93836e-31
1.31188e-31
2.03757e-32
-7.39346e-32
-1.31887e-31
-1.28086e-31
-8.36064e-32
-2.79591e-32
2.96339e-32
6.2197e-32
7.98155e-32
7.90745e-32
5.85409e-32
3.09548e-32
-1.0154e-32
-4.58577e-32
-7.16002e-32
-8.06062e-32
-6.67636e-32
-4.03678e-32
-8.92247e-34
3.66243e-32
6.91593e-32
8.46134e-32
7.67874e-32
4.92827e-32
-9.8088e-34
-4.68904e-32
-8.38148e-32
-9.34542e-32
-6.95351e-32
-3.38708e-32
1.74921e-32
5.29352e-32
7.05176e-32
7.27339e-32
4.70047e-32
1.94052e-32
-1.82843e-32
-5.17676e-32
-6.63528e-32
-6.96795e-32
-4.39736e-32
-7.11089e-33
3.19042e-32
6.32924e-32
6.63182e-32
5.0305e-32
1.48605e-32
-2.41343e-32
-5.09557e-32
-6.23475e-32
-5.07364e-32
-2.49889e-32
7.18429e-33
3.46758e-32
4.77029e-32
4.16245e-32
2.10919e-32
-4.00834e-33
-2.33384e-32
-2.38349e-32
-1.55509e-32
-2.05172e-33
2.07526e-33
-1.11975e-32
-2.25334e-32
-2.96804e-32
-9.81321e-33
2.93014e-32
6.23836e-32
7.62593e-32
4.14015e-32
-2.02444e-32
-8.27398e-32
-1.13105e-31
-8.11719e-32
-1.0549e-32
7.40099e-32
1.22208e-31
1.07783e-31
4.33364e-32
-4.63547e-32
-1.05178e-31
-1.1076e-31
-6.05901e-32
1.94511e-32
7.89233e-32
9.6614e-32
5.9042e-32
-7.21772e-33
-6.22391e-32
-8.29812e-32
-5.10522e-32
8.0659e-33
6.33812e-32
8.78886e-32
6.05193e-32
2.35343e-33
-6.19808e-32
-1.01547e-31
-9.06331e-32
-4.13378e-32
2.99256e-32
9.23724e-32
1.14672e-31
9.68013e-32
4.06243e-32
-3.11775e-32
-8.74748e-32
-1.18696e-31
-1.0778e-31
-6.20037e-32
4.50261e-34
6.95208e-32
1.1458e-31
1.26563e-31
9.90846e-32
3.18328e-32
-4.65247e-32
-1.17153e-31
-1.48411e-31
-1.23222e-31
-5.21145e-32
4.6269e-32
1.26857e-31
1.56605e-31
1.22081e-31
3.31657e-32
-6.70615e-32
-1.35935e-31
-1.4223e-31
-8.24089e-32
1.13762e-32
9.54318e-32
1.30858e-31
9.99031e-32
2.35851e-32
-6.155e-32
-1.14734e-31
-1.06408e-31
-4.97281e-32
3.21397e-32
9.68666e-32
1.08427e-31
7.36563e-32
-9.10303e-34
-6.99679e-32
-9.90665e-32
-8.70039e-32
-2.52899e-32
3.91194e-32
8.14187e-32
8.93887e-32
4.63999e-32
-5.32941e-33
-5.42005e-32
-7.71485e-32
-5.81255e-32
-2.5563e-32
1.89945e-32
4.92256e-32
5.43022e-32
4.56791e-32
2.07914e-32
-1.68829e-33
-1.52284e-32
-2.29125e-32
-2.13124e-32
-1.92905e-32
-2.15042e-32
-2.07128e-32
-2.09618e-32
-1.14858e-32
1.10433e-32
3.47051e-32
6.3646e-32
7.20459e-32
5.79626e-32
2.27892e-32
-3.52609e-32
-7.88187e-32
-1.04448e-31
-8.93128e-32
-3.54281e-32
2.92237e-32
9.31681e-32
1.17492e-31
1.0323e-31
5.24869e-32
-9.90951e-33
-5.75287e-32
-7.64609e-32
-5.344e-32
-2.08031e-32
3.00611e-32
5.27148e-32
5.57572e-32
5.12749e-32
9.12259e-33
2.47136e-33
-2.71481e-32
-3.04728e-32
-7.58535e-33
)
;

boundaryField
{
    left
    {
        type            calculated;
        value           uniform 0;
    }
    right
    {
        type            calculated;
        value           uniform 0;
    }
    empty
    {
        type            empty;
        value           nonuniform List<scalar> 0();
    }
}


// ************************************************************************* //
