/*--------------------------------*- C++ -*----------------------------------*\
| =========                 |                                                 |
| \\      /  F ield         | OpenFOAM: The Open Source CFD Toolbox           |
|  \\    /   O peration     | Version:  2106                                  |
|   \\  /    A nd           | Website:  www.openfoam.com                      |
|    \\/     M anipulation  |                                                 |
\*---------------------------------------------------------------------------*/
FoamFile
{
    version     2.0;
    format      ascii;
    arch        "LSB;label=32;scalar=64";
    class       surfaceScalarField;
    location    "0.157";
    object      phi;
}
// * * * * * * * * * * * * * * * * * * * * * * * * * * * * * * * * * * * * * //

dimensions      [0 3 -1 0 0 0 0];

oriented        oriented;

internalField   nonuniform List<scalar> 
799
(
1.58159e-32
4.16262e-32
5.27961e-32
3.99277e-32
1.26656e-32
-5.61725e-32
-1.17743e-31
-1.65802e-31
-1.78024e-31
-1.42427e-31
-8.87859e-32
-2.86615e-32
7.66418e-33
1.52614e-32
-8.46516e-33
-4.98281e-32
-1.02846e-31
-1.57321e-31
-1.99408e-31
-2.29133e-31
-2.22701e-31
-1.88292e-31
-1.28786e-31
-5.96602e-32
-2.06977e-32
-1.32114e-32
-5.64734e-32
-1.28684e-31
-1.96558e-31
-2.50714e-31
-2.55112e-31
-2.29348e-31
-1.84539e-31
-1.31001e-31
-1.0761e-31
-9.80125e-32
-1.16676e-31
-1.56024e-31
-1.87336e-31
-2.25448e-31
-2.35814e-31
-2.24705e-31
-2.02589e-31
-1.572e-31
-1.33256e-31
-1.24222e-31
-1.41368e-31
-1.91536e-31
-2.32672e-31
-2.70119e-31
-2.73177e-31
-2.40433e-31
-1.98322e-31
-1.45056e-31
-1.21648e-31
-1.28778e-31
-1.62824e-31
-2.22826e-31
-2.69111e-31
-2.95112e-31
-2.82769e-31
-2.30416e-31
-1.69082e-31
-1.1489e-31
-1.02789e-31
-1.44218e-31
-2.1867e-31
-3.02821e-31
-3.48851e-31
-3.31907e-31
-2.61074e-31
-1.59839e-31
-8.38795e-32
-6.77972e-32
-1.15288e-31
-2.09442e-31
-2.96292e-31
-3.41239e-31
-3.30018e-31
-2.71016e-31
-2.04994e-31
-1.56179e-31
-1.40979e-31
-1.56125e-31
-1.80358e-31
-2.06392e-31
-2.26036e-31
-2.44224e-31
-2.64555e-31
-2.76828e-31
-2.74852e-31
-2.43702e-31
-1.91103e-31
-1.37644e-31
-1.04918e-31
-1.23729e-31
-1.82232e-31
-2.63903e-31
-3.33147e-31
-3.46379e-31
-3.10956e-31
-2.25025e-31
-1.34026e-31
-8.06077e-32
-7.1379e-32
-1.29116e-31
-2.08157e-31
-2.81708e-31
-3.25388e-31
-3.08134e-31
-2.64031e-31
-2.00996e-31
-1.5407e-31
-1.452e-31
-1.56343e-31
-1.86657e-31
-2.03187e-31
-2.00368e-31
-1.873e-31
-1.7307e-31
-1.82643e-31
-2.1278e-31
-2.53945e-31
-2.84388e-31
-2.82578e-31
-2.47505e-31
-1.87729e-31
-1.27847e-31
-8.96007e-32
-8.3796e-32
-1.13286e-31
-1.65194e-31
-2.25681e-31
-2.80518e-31
-3.11886e-31
-3.14113e-31
-2.79873e-31
-2.15193e-31
-1.40894e-31
-7.55412e-32
-4.96616e-32
-7.16158e-32
-1.34196e-31
-2.17744e-31
-2.81917e-31
-3.07725e-31
-2.83524e-31
-2.22544e-31
-1.59056e-31
-1.1496e-31
-1.13366e-31
-1.47102e-31
-1.9324e-31
-2.29432e-31
-2.29022e-31
-1.95158e-31
-1.43347e-31
-1.00574e-31
-9.66591e-32
-1.35552e-31
-2.05467e-31
-2.71055e-31
-2.96688e-31
-2.64421e-31
-1.82805e-31
-9.19668e-32
-3.23323e-32
-3.86337e-32
-1.03456e-31
-1.91659e-31
-2.60588e-31
-2.65563e-31
-2.1716e-31
-1.37592e-31
-7.27069e-32
-6.3989e-32
-9.75502e-32
-1.63909e-31
-2.1088e-31
-2.10293e-31
-1.71178e-31
-9.72092e-32
-4.46169e-32
-2.79028e-32
-5.35514e-32
-1.17339e-31
-1.69557e-31
-2.02096e-31
-1.90316e-31
-1.3898e-31
-7.91738e-32
-1.85873e-32
9.29863e-33
5.82631e-33
-2.04382e-32
-6.34729e-32
-9.53308e-32
-1.13573e-31
-1.11116e-31
-8.70041e-32
-5.37793e-32
-1.12915e-32
2.97231e-32
5.97903e-32
7.49006e-32
6.45934e-32
3.41627e-32
-2.53531e-33
-2.90334e-32
-2.16005e-32
2.34332e-32
9.30385e-32
1.62257e-31
1.95826e-31
1.80421e-31
1.26258e-31
6.52153e-32
4.28158e-32
8.43068e-32
1.83061e-31
3.02837e-31
3.87168e-31
3.95637e-31
3.28256e-31
2.19116e-31
1.35167e-31
1.31854e-31
2.21378e-31
3.81027e-31
5.39381e-31
6.3316e-31
6.34463e-31
5.48384e-31
4.4034e-31
3.69947e-31
3.79192e-31
4.80614e-31
6.26048e-31
7.69668e-31
8.62968e-31
8.81735e-31
8.50612e-31
7.98679e-31
7.71083e-31
7.96566e-31
8.72399e-31
9.81585e-31
1.08986e-30
1.16826e-30
1.20738e-30
1.22154e-30
1.23492e-30
1.27808e-30
1.36181e-30
1.46732e-30
1.57268e-30
1.64181e-30
1.66733e-30
1.67385e-30
1.68916e-30
1.75691e-30
1.88486e-30
2.04724e-30
2.21151e-30
2.33091e-30
2.39313e-30
2.42071e-30
2.44129e-30
2.497e-30
2.60223e-30
2.73941e-30
2.89598e-30
3.04129e-30
3.16855e-30
3.29183e-30
3.40845e-30
3.53668e-30
3.6696e-30
3.79758e-30
3.93086e-30
4.06168e-30
4.20651e-30
4.36716e-30
4.53232e-30
4.70108e-30
4.86021e-30
5.02071e-30
5.19901e-30
5.40699e-30
5.64643e-30
5.89369e-30
6.11768e-30
6.29406e-30
6.43048e-30
6.55886e-30
6.7309e-30
6.98165e-30
7.30467e-30
7.66653e-30
8.00107e-30
8.27009e-30
8.47113e-30
8.63647e-30
8.83364e-30
9.09715e-30
9.43882e-30
9.82804e-30
1.02092e-29
1.05563e-29
1.08554e-29
1.11376e-29
1.14421e-29
1.1787e-29
1.21811e-29
1.25926e-29
1.29964e-29
1.33801e-29
1.37435e-29
1.41204e-29
1.45284e-29
1.49789e-29
1.54658e-29
1.59542e-29
1.643e-29
1.6879e-29
1.73127e-29
1.77662e-29
1.82542e-29
1.87989e-29
1.93844e-29
1.99787e-29
2.05619e-29
2.11016e-29
2.16159e-29
2.21294e-29
2.26726e-29
2.32879e-29
2.3963e-29
2.46848e-29
2.54098e-29
2.60851e-29
2.6696e-29
2.7245e-29
2.77354e-29
2.83858e-29
2.91452e-29
3.07312e-29
3.33803e-29
3.72215e-29
4.43233e-29
4.72311e-29
5.02424e-29
3.33941e-29
-9.13397e-30
-6.02844e-29
-1.65652e-28
-1.56065e-28
-9.50448e-29
1.93204e-28
8.37666e-28
1.20326e-27
1.84598e-27
1.08461e-27
-7.33026e-28
-3.00808e-27
-7.51424e-27
-7.18441e-27
-5.90185e-27
1.77774e-27
1.6906e-26
2.26978e-26
3.30788e-26
1.66785e-26
-1.35807e-26
-4.09768e-26
-9.04649e-26
-7.12916e-26
-4.21638e-26
3.16014e-26
1.54656e-25
1.62767e-25
1.92029e-25
5.43429e-26
-1.45568e-25
-2.4153e-25
-4.15679e-25
-2.36492e-25
-3.16111e-26
2.19186e-25
5.89228e-25
4.55189e-25
3.83067e-25
-3.70514e-26
-5.43969e-25
-5.80016e-25
-7.54219e-25
-2.54545e-25
2.23661e-25
5.06881e-25
9.15325e-25
5.06891e-25
2.23676e-25
-2.54532e-25
-7.54214e-25
-5.80022e-25
-5.43982e-25
-3.70655e-26
3.83058e-25
4.55187e-25
5.89232e-25
2.19194e-25
-3.16054e-26
-2.3649e-25
-4.15681e-25
-2.41536e-25
-1.45573e-25
5.43392e-26
1.92027e-25
1.62767e-25
1.54656e-25
3.16016e-26
-4.21642e-26
-7.12923e-26
-9.04657e-26
-4.09778e-26
-1.35816e-26
1.66775e-26
3.30777e-26
2.26968e-26
1.6905e-26
1.77689e-27
-5.9026e-27
-7.18508e-27
-7.51487e-27
-3.00873e-27
-7.33691e-28
1.08389e-27
1.84523e-27
1.2025e-27
8.36916e-28
1.92526e-28
-9.5643e-29
-1.56563e-28
-1.66083e-28
-6.07152e-29
-9.6093e-30
3.2813e-29
4.95788e-29
4.65352e-29
4.36687e-29
3.66951e-29
3.29908e-29
3.04623e-29
2.89244e-29
2.8125e-29
2.73908e-29
2.67905e-29
2.61662e-29
2.55405e-29
2.49047e-29
2.42784e-29
2.36709e-29
2.30963e-29
2.2547e-29
2.19996e-29
2.14331e-29
2.08334e-29
2.02094e-29
1.95968e-29
1.90226e-29
1.85136e-29
1.80629e-29
1.76412e-29
1.72228e-29
1.67716e-29
1.629e-29
1.57856e-29
1.52789e-29
1.48015e-29
1.43592e-29
1.3966e-29
1.36103e-29
1.32725e-29
1.29354e-29
1.25721e-29
1.21779e-29
1.17626e-29
1.13489e-29
1.0971e-29
1.06515e-29
1.0384e-29
1.01499e-29
9.90612e-30
9.61755e-30
9.28522e-30
8.91584e-30
8.56061e-30
8.25572e-30
8.01166e-30
7.83306e-30
7.66801e-30
7.48567e-30
7.25867e-30
6.97392e-30
6.67093e-30
6.37524e-30
6.1284e-30
5.95207e-30
5.82802e-30
5.73212e-30
5.61499e-30
5.43975e-30
5.201e-30
4.91886e-30
4.64351e-30
4.42994e-30
4.30283e-30
4.25398e-30
4.23632e-30
4.18465e-30
4.0597e-30
3.85201e-30
3.60007e-30
3.36147e-30
3.18409e-30
3.08876e-30
3.05266e-30
3.03825e-30
2.99738e-30
2.91019e-30
2.77738e-30
2.61718e-30
2.46571e-30
2.33439e-30
2.24262e-30
2.18011e-30
2.13195e-30
2.08974e-30
2.02427e-30
1.94597e-30
1.84822e-30
1.74762e-30
1.66988e-30
1.60528e-30
1.57145e-30
1.53645e-30
1.48411e-30
1.41583e-30
1.31577e-30
1.22737e-30
1.15965e-30
1.12445e-30
1.12862e-30
1.12813e-30
1.11577e-30
1.06935e-30
9.89977e-31
9.11204e-31
8.37617e-31
7.90227e-31
7.60936e-31
7.29611e-31
7.00601e-31
6.67136e-31
6.49973e-31
6.62431e-31
6.87788e-31
7.11456e-31
6.88955e-31
6.0167e-31
4.70694e-31
3.28134e-31
2.47852e-31
2.63148e-31
3.65329e-31
5.16349e-31
6.19727e-31
6.25073e-31
5.12507e-31
3.12783e-31
1.27138e-31
1.84528e-32
4.12088e-32
1.80636e-31
3.50701e-31
4.83914e-31
4.97341e-31
3.87664e-31
2.11376e-31
3.22029e-32
-5.41758e-32
-3.04357e-32
8.10309e-32
2.27289e-31
3.19262e-31
3.33538e-31
2.62783e-31
1.44216e-31
4.24878e-32
-2.25529e-32
-2.55281e-32
1.24727e-32
6.19262e-32
1.136e-31
1.40504e-31
1.52711e-31
1.46801e-31
1.21336e-31
8.90412e-32
4.3441e-32
3.45323e-33
-2.63725e-32
-3.9269e-32
-2.91308e-32
-6.25927e-33
2.98647e-32
6.41906e-32
9.36942e-32
1.06264e-31
9.57037e-32
6.56035e-32
1.2881e-32
-3.53566e-32
-7.4485e-32
-8.62004e-32
-6.42463e-32
-3.04327e-32
1.91893e-32
5.29966e-32
6.90491e-32
6.9833e-32
4.27737e-32
1.39284e-32
-2.49152e-32
-5.94617e-32
-7.50345e-32
-7.92671e-32
-5.43906e-32
-1.82815e-32
2.00537e-32
5.0831e-32
5.33137e-32
3.68259e-32
9.67479e-34
-3.83742e-32
-6.54918e-32
-7.71184e-32
-6.56907e-32
-4.00729e-32
-7.98241e-33
1.9473e-32
3.25046e-32
2.64669e-32
6.01552e-33
-1.89644e-32
-3.81379e-32
-3.84509e-32
-2.99544e-32
-1.62157e-32
-1.18228e-32
-2.48054e-32
-3.58313e-32
-4.26458e-32
-2.2425e-32
1.70731e-32
5.05496e-32
6.48286e-32
3.03906e-32
-3.0825e-32
-9.28795e-32
-1.22796e-31
-9.04081e-32
-1.93225e-32
6.57073e-32
1.14381e-31
1.00434e-31
3.64678e-32
-5.27314e-32
-1.11064e-31
-1.16151e-31
-6.54846e-32
1.50523e-32
7.5021e-32
9.3209e-32
5.61339e-32
-9.62965e-33
-6.4159e-32
-8.44093e-32
-5.19926e-32
7.61209e-33
6.34127e-32
8.8402e-32
6.15139e-32
3.82327e-33
-6.00356e-32
-9.91248e-32
-8.77344e-32
-3.79644e-32
3.377e-32
9.66892e-32
1.19459e-31
1.0206e-31
4.63562e-32
-2.49716e-32
-8.07898e-32
-1.11525e-31
-1.00116e-31
-5.38433e-32
9.10608e-33
7.8672e-32
1.24225e-31
1.36707e-31
1.09727e-31
4.29731e-32
-3.48804e-32
-1.04993e-31
-1.35728e-31
-1.1001e-31
-3.83651e-32
6.05675e-32
1.41709e-31
1.72019e-31
1.38065e-31
4.97248e-32
-4.99192e-32
-1.18207e-31
-1.23907e-31
-6.34798e-32
3.0921e-32
1.15598e-31
1.51655e-31
1.21337e-31
4.56649e-32
-3.8818e-32
-9.13463e-32
-8.23576e-32
-2.5016e-32
5.75191e-32
1.22912e-31
1.35137e-31
1.0103e-31
2.71285e-32
-4.12716e-32
-6.97104e-32
-5.6991e-32
5.37154e-33
7.04206e-32
1.13356e-31
1.2195e-31
7.95725e-32
2.84421e-32
-1.98395e-32
-4.22027e-32
-2.26131e-32
1.04978e-32
5.55811e-32
8.63193e-32
9.18804e-32
8.37283e-32
5.92993e-32
3.72573e-32
2.41343e-32
1.68504e-32
1.8829e-32
2.12058e-32
1.93255e-32
2.0419e-32
2.04487e-32
3.01672e-32
5.29006e-32
7.67242e-32
1.05783e-31
1.14244e-31
1.00167e-31
6.49324e-32
6.75091e-33
-3.70215e-32
-6.29553e-32
-4.82159e-32
5.1624e-33
6.91977e-32
1.32384e-31
1.5582e-31
1.40509e-31
8.85702e-32
2.47956e-32
-2.43485e-32
-4.49998e-32
-2.38499e-32
6.72571e-33
5.53825e-32
7.56574e-32
7.61796e-32
6.90446e-32
2.41135e-32
1.46025e-32
-1.79894e-32
-2.43147e-32
-4.51228e-33
)
;

boundaryField
{
    left
    {
        type            calculated;
        value           uniform 0;
    }
    right
    {
        type            calculated;
        value           uniform 0;
    }
    empty
    {
        type            empty;
        value           nonuniform List<scalar> 0();
    }
}


// ************************************************************************* //
