/*--------------------------------*- C++ -*----------------------------------*\
| =========                 |                                                 |
| \\      /  F ield         | OpenFOAM: The Open Source CFD Toolbox           |
|  \\    /   O peration     | Version:  2106                                  |
|   \\  /    A nd           | Website:  www.openfoam.com                      |
|    \\/     M anipulation  |                                                 |
\*---------------------------------------------------------------------------*/
FoamFile
{
    version     2.0;
    format      ascii;
    arch        "LSB;label=32;scalar=64";
    class       surfaceScalarField;
    location    "0.099";
    object      phi;
}
// * * * * * * * * * * * * * * * * * * * * * * * * * * * * * * * * * * * * * //

dimensions      [0 3 -1 0 0 0 0];

oriented        oriented;

internalField   nonuniform List<scalar> 
799
(
1.70625e-32
4.41228e-32
5.65471e-32
4.49328e-32
1.892e-32
-4.86704e-32
-1.08996e-31
-1.55814e-31
-1.66803e-31
-1.29981e-31
-7.51179e-32
-1.37761e-32
2.37652e-32
3.2576e-32
1.00571e-32
-3.01059e-32
-8.19318e-32
-1.35221e-31
-1.76127e-31
-2.04681e-31
-1.97089e-31
-1.61524e-31
-1.00874e-31
-3.06163e-32
9.46564e-33
1.80648e-32
-2.40997e-32
-9.52207e-32
-1.62011e-31
-2.15099e-31
-2.18444e-31
-1.91636e-31
-1.45797e-31
-9.12439e-32
-6.68481e-32
-5.62607e-32
-7.39476e-32
-1.12333e-31
-1.42694e-31
-1.79869e-31
-1.89311e-31
-1.77297e-31
-1.5429e-31
-1.08024e-31
-8.32153e-32
-7.33335e-32
-8.96438e-32
-1.38996e-31
-1.79328e-31
-2.15989e-31
-2.18276e-31
-1.84777e-31
-1.41927e-31
-8.79376e-32
-6.38202e-32
-7.02586e-32
-1.03627e-31
-1.62968e-31
-2.08609e-31
-2.33983e-31
-2.21029e-31
-1.68075e-31
-1.06158e-31
-5.13986e-32
-3.87473e-32
-7.9641e-32
-1.53575e-31
-2.37217e-31
-2.82755e-31
-2.65336e-31
-1.94043e-31
-9.23649e-32
-1.59788e-32
5.17594e-34
-4.65759e-32
-1.40352e-31
-2.26838e-31
-2.71433e-31
-2.59864e-31
-2.00534e-31
-1.34196e-31
-8.508e-32
-6.95936e-32
-8.44663e-32
-1.08441e-31
-1.34228e-31
-1.53643e-31
-1.71607e-31
-1.91728e-31
-2.03804e-31
-2.01642e-31
-1.70321e-31
-1.17564e-31
-6.39589e-32
-3.10962e-32
-4.97853e-32
-1.08173e-31
-1.89744e-31
-2.58896e-31
-2.72048e-31
-2.36558e-31
-1.5057e-31
-5.95244e-32
-6.06668e-33
3.19057e-33
-5.453e-32
-1.33568e-31
-2.07127e-31
-2.50825e-31
-2.33594e-31
-1.89526e-31
-1.26537e-31
-7.96673e-32
-7.08622e-32
-8.20826e-32
-1.12486e-31
-1.29114e-31
-1.26403e-31
-1.13454e-31
-9.93534e-32
-1.09067e-31
-1.39356e-31
-1.80683e-31
-2.11299e-31
-2.09677e-31
-1.74801e-31
-1.1523e-31
-5.55706e-32
-1.75583e-32
-1.20025e-32
-4.17562e-32
-9.39433e-32
-1.54718e-31
-2.09858e-31
-2.41545e-31
-2.44106e-31
-2.10219e-31
-1.45909e-31
-7.19985e-32
-7.05267e-33
1.84005e-32
-4.00054e-33
-6.70478e-32
-1.51086e-31
-2.15772e-31
-2.42119e-31
-2.18482e-31
-1.58092e-31
-9.52195e-32
-5.17744e-32
-5.08591e-32
-8.53006e-32
-1.32179e-31
-1.69151e-31
-1.69557e-31
-1.36535e-31
-8.56076e-32
-4.37668e-32
-4.08357e-32
-8.07551e-32
-1.51743e-31
-2.18459e-31
-2.45273e-31
-2.1424e-31
-1.33922e-31
-4.44373e-32
1.37772e-32
5.98994e-33
-6.03869e-32
-1.5022e-31
-2.20857e-31
-2.27625e-31
-1.81104e-31
-1.03503e-31
-4.06793e-32
-3.41251e-32
-6.99466e-32
-1.38674e-31
-1.88126e-31
-1.90137e-31
-1.5374e-31
-8.26179e-32
-3.30011e-32
-1.94046e-32
-4.83153e-32
-1.15515e-31
-1.71305e-31
-2.07584e-31
-1.99713e-31
-1.52458e-31
-9.69194e-32
-4.07908e-32
-1.75681e-32
-2.59154e-32
-5.72776e-32
-1.05635e-31
-1.43053e-31
-1.67096e-31
-1.70696e-31
-1.52908e-31
-1.26283e-31
-9.06857e-32
-5.68547e-32
-3.42846e-32
-2.69878e-32
-4.54414e-32
-8.4365e-32
-1.29916e-31
-1.65636e-31
-1.67809e-31
-1.32784e-31
-7.36019e-32
-1.52329e-32
7.0462e-33
-2.01081e-32
-8.64953e-32
-1.60249e-31
-1.95873e-31
-1.68125e-31
-8.36546e-32
2.12815e-32
9.01997e-32
8.26525e-32
-1.35191e-33
-1.27755e-31
-2.29619e-31
-2.51517e-31
-1.8127e-31
-4.16095e-32
9.60181e-32
1.68311e-31
1.47347e-31
3.8201e-32
-9.37355e-32
-1.88866e-31
-2.05232e-31
-1.30313e-31
-1.22974e-32
1.02961e-31
1.66928e-31
1.55373e-31
9.29066e-32
8.59051e-33
-5.2458e-32
-6.15222e-32
-2.13599e-32
5.10131e-32
1.21302e-31
1.60496e-31
1.59205e-31
1.31687e-31
1.0211e-31
1.01014e-31
1.39145e-31
1.97706e-31
2.54708e-31
2.7409e-31
2.48399e-31
2.02235e-31
1.63375e-31
1.75421e-31
2.46137e-31
3.49698e-31
4.53553e-31
5.10901e-31
5.09433e-31
4.71634e-31
4.25143e-31
4.12044e-31
4.46737e-31
5.11586e-31
5.94047e-31
6.63431e-31
7.1293e-31
7.56593e-31
7.91726e-31
8.36573e-31
8.842e-31
9.24953e-31
9.69071e-31
1.00877e-30
1.06051e-30
1.12608e-30
1.19417e-30
1.26385e-30
1.32189e-30
1.37927e-30
1.45242e-30
1.55322e-30
1.68344e-30
1.81944e-30
1.93013e-30
1.99117e-30
2.01021e-30
2.01916e-30
2.06977e-30
2.19705e-30
2.39461e-30
2.62899e-30
2.83407e-30
2.97166e-30
3.0393e-30
3.06933e-30
3.12926e-30
3.25363e-30
3.45429e-30
3.70067e-30
3.93716e-30
4.13776e-30
4.28871e-30
4.42101e-30
4.57396e-30
4.7656e-30
5.0049e-30
5.26002e-30
5.50584e-30
5.73025e-30
5.93286e-30
6.14763e-30
6.39226e-30
6.6781e-30
6.99911e-30
7.32047e-30
7.62829e-30
7.90817e-30
8.17187e-30
8.45458e-30
8.77092e-30
9.1433e-30
9.55579e-30
9.97645e-30
1.03855e-29
1.07509e-29
1.10903e-29
1.14287e-29
1.17968e-29
1.22368e-29
1.27366e-29
1.32833e-29
1.38333e-29
1.43339e-29
1.47705e-29
1.51457e-29
1.54629e-29
1.59406e-29
1.65282e-29
1.79433e-29
2.04224e-29
2.40947e-29
3.10287e-29
3.37701e-29
3.66163e-29
1.96043e-29
-2.30859e-29
-7.43968e-29
-1.79923e-28
-1.70493e-28
-1.09627e-28
1.78469e-28
8.2278e-28
1.18823e-27
1.8308e-27
1.06929e-27
-7.48491e-28
-3.02369e-27
-7.52998e-27
-7.20028e-27
-5.91785e-27
1.76162e-27
1.68897e-26
2.26814e-26
3.30623e-26
1.66619e-26
-1.35974e-26
-4.09936e-26
-9.04818e-26
-7.13086e-26
-4.21809e-26
3.15841e-26
1.54639e-25
1.62749e-25
1.92012e-25
5.43254e-26
-1.45586e-25
-2.41548e-25
-4.15697e-25
-2.36509e-25
-3.16289e-26
2.19168e-25
5.8921e-25
4.55171e-25
3.83049e-25
-3.70695e-26
-5.43987e-25
-5.80035e-25
-7.54237e-25
-2.54563e-25
2.23643e-25
5.06863e-25
9.15307e-25
5.06873e-25
2.23658e-25
-2.5455e-25
-7.54232e-25
-5.8004e-25
-5.44e-25
-3.70836e-26
3.8304e-25
4.55169e-25
5.89214e-25
2.19176e-25
-3.16232e-26
-2.36508e-25
-4.15699e-25
-2.41553e-25
-1.45591e-25
5.43217e-26
1.9201e-25
1.62749e-25
1.54639e-25
3.15844e-26
-4.21812e-26
-7.13093e-26
-9.04825e-26
-4.09946e-26
-1.35982e-26
1.6661e-26
3.30613e-26
2.26805e-26
1.68888e-26
1.76085e-27
-5.91852e-27
-7.20086e-27
-7.53051e-27
-3.02424e-27
-7.49063e-28
1.06866e-27
1.83014e-27
1.18756e-27
8.22127e-28
1.77889e-28
-1.10126e-28
-1.7089e-28
-1.80253e-28
-7.47256e-29
-2.34587e-29
1.91262e-29
3.60562e-29
3.3178e-29
3.04783e-29
2.36727e-29
2.01374e-29
1.77789e-29
1.64119e-29
1.57842e-29
1.52223e-29
1.4795e-29
1.43441e-29
1.38923e-29
1.34306e-29
1.29788e-29
1.25458e-29
1.21457e-29
1.17709e-29
1.13978e-29
1.10055e-29
1.05795e-29
1.0129e-29
9.68932e-30
9.28755e-30
8.95031e-30
8.67073e-30
8.41937e-30
8.17038e-30
7.88782e-30
7.57381e-30
7.23597e-30
6.89469e-30
6.58149e-30
6.30232e-30
6.07082e-30
5.8756e-30
5.69682e-30
5.51735e-30
5.31014e-30
5.07045e-30
4.8082e-30
4.54587e-30
4.31773e-30
4.1462e-30
4.02499e-30
3.93547e-30
3.8344e-30
3.68675e-30
3.49349e-30
3.2613e-30
3.04135e-30
2.86983e-30
2.7572e-30
2.70809e-30
2.67054e-30
2.61373e-30
2.51026e-30
2.34704e-30
2.16356e-30
1.98536e-30
1.854e-30
1.79111e-30
1.77848e-30
1.79198e-30
1.78222e-30
1.71233e-30
1.57692e-30
1.3961e-30
1.22006e-30
1.10383e-30
1.07204e-30
1.11656e-30
1.1903e-30
1.22808e-30
1.19065e-30
1.06856e-30
9.00313e-31
7.43529e-31
6.46092e-31
6.28858e-31
6.69026e-31
7.29073e-31
7.60873e-31
7.44587e-31
6.80931e-31
5.88178e-31
5.02466e-31
4.35217e-31
4.05866e-31
4.04149e-31
4.15194e-31
4.30601e-31
4.21205e-31
3.97465e-31
3.52767e-31
3.03757e-31
2.76165e-31
2.60292e-31
2.73803e-31
2.84779e-31
2.77086e-31
2.52124e-31
1.94113e-31
1.46506e-31
1.18344e-31
1.21503e-31
1.62858e-31
1.98403e-31
2.20949e-31
2.08329e-31
1.61688e-31
1.14603e-31
7.16807e-32
5.39549e-32
5.33588e-32
4.97815e-32
4.7596e-32
4.00548e-32
4.79382e-32
8.45891e-32
1.33309e-31
1.79533e-31
1.78803e-31
1.12525e-31
1.81459e-33
-1.21203e-31
-1.82643e-31
-1.49184e-31
-2.94995e-32
1.38386e-31
2.58007e-31
2.78993e-31
1.81481e-31
-3.74992e-33
-1.75449e-31
-2.70724e-31
-2.35066e-31
-8.32348e-32
9.87513e-32
2.43424e-31
2.67859e-31
1.68754e-31
2.61392e-33
-1.66817e-31
-2.43848e-31
-2.11139e-31
-9.10653e-32
6.34485e-32
1.6334e-31
1.85199e-31
1.21711e-31
1.01081e-32
-8.49501e-32
-1.43612e-31
-1.40477e-31
-9.66283e-32
-4.15828e-32
1.54398e-32
4.74591e-32
6.45608e-32
6.3327e-32
4.23246e-32
1.42955e-32
-2.72346e-32
-6.33368e-32
-8.94542e-32
-9.88141e-32
-8.53044e-32
-5.92193e-32
-2.00357e-32
1.7213e-32
4.95032e-32
6.47297e-32
5.66916e-32
2.89913e-32
-2.14542e-32
-6.75264e-32
-1.04598e-31
-1.14363e-31
-9.05578e-32
-5.49921e-32
-3.70892e-33
3.16729e-32
4.9218e-32
5.14223e-32
2.57051e-32
-1.86875e-33
-3.95102e-32
-7.29269e-32
-8.74282e-32
-9.06511e-32
-6.48226e-32
-2.78184e-32
1.136e-32
4.29302e-32
4.61636e-32
3.03741e-32
-4.82987e-33
-4.35591e-32
-7.0102e-32
-8.1196e-32
-6.92729e-32
-4.31935e-32
-1.06739e-32
1.71799e-32
3.05756e-32
2.48744e-32
4.73357e-33
-1.99635e-32
-3.88782e-32
-3.89504e-32
-3.02397e-32
-1.63072e-32
-1.17397e-32
-2.45661e-32
-3.54537e-32
-4.21508e-32
-2.18262e-32
1.77458e-32
5.12809e-32
6.5611e-32
3.12151e-32
-2.99751e-32
-9.20158e-32
-1.21929e-31
-8.95475e-32
-1.84754e-32
6.65258e-32
1.1516e-31
1.0117e-31
3.71509e-32
-5.21115e-32
-1.10517e-31
-1.15684e-31
-6.51055e-32
1.53375e-32
7.52053e-32
9.32857e-32
5.6099e-32
-9.78162e-33
-6.44299e-32
-8.48041e-32
-5.25147e-32
6.95968e-33
6.26258e-32
8.74805e-32
6.04531e-32
2.62558e-33
-6.13742e-32
-1.00603e-31
-8.93511e-32
-3.97224e-32
3.18711e-32
9.46489e-32
1.17278e-31
9.97361e-32
4.38916e-32
-2.75784e-32
-8.35417e-32
-1.14422e-31
-1.03158e-31
-5.70278e-32
5.78028e-33
7.52076e-32
1.20624e-31
1.32972e-31
1.05858e-31
3.89775e-32
-3.90016e-32
-1.09237e-31
-1.40096e-31
-1.14492e-31
-4.29603e-32
5.58595e-32
1.36891e-31
1.67089e-31
1.33029e-31
4.45835e-32
-5.51613e-32
-1.23545e-31
-1.29341e-31
-6.90039e-32
2.53079e-32
1.09901e-31
1.45877e-31
1.15482e-31
3.97374e-32
-4.4817e-32
-9.74114e-32
-8.84859e-32
-3.12008e-32
5.12786e-32
1.16624e-31
1.28809e-31
9.46655e-32
2.07301e-32
-4.76945e-32
-7.61547e-32
-6.34534e-32
-1.10139e-33
6.3947e-32
1.06886e-31
1.15487e-31
7.31221e-32
2.20098e-32
-2.62481e-32
-4.85808e-32
-2.89491e-32
4.20996e-33
4.93459e-32
8.01405e-32
8.57648e-32
7.76767e-32
5.33116e-32
3.134e-32
1.82933e-32
1.10891e-32
1.31595e-32
1.56338e-32
1.38532e-32
1.50529e-32
1.51915e-32
2.50251e-32
4.78804e-32
7.18327e-32
1.01024e-31
1.09624e-31
9.56895e-32
6.06013e-32
2.56916e-33
-4.10464e-32
-6.68215e-32
-5.19245e-32
1.61372e-33
6.58077e-32
1.29158e-31
1.52761e-31
1.3762e-31
8.58574e-32
2.22558e-32
-2.67138e-32
-4.71868e-32
-2.58556e-32
4.89833e-33
5.37319e-32
7.41859e-32
7.48886e-32
6.79342e-32
2.31891e-32
1.38637e-32
-1.85408e-32
-2.46794e-32
-4.69283e-33
)
;

boundaryField
{
    left
    {
        type            calculated;
        value           uniform 0;
    }
    right
    {
        type            calculated;
        value           uniform 0;
    }
    empty
    {
        type            empty;
        value           nonuniform List<scalar> 0();
    }
}


// ************************************************************************* //
