/*--------------------------------*- C++ -*----------------------------------*\
| =========                 |                                                 |
| \\      /  F ield         | OpenFOAM: The Open Source CFD Toolbox           |
|  \\    /   O peration     | Version:  2106                                  |
|   \\  /    A nd           | Website:  www.openfoam.com                      |
|    \\/     M anipulation  |                                                 |
\*---------------------------------------------------------------------------*/
FoamFile
{
    version     2.0;
    format      ascii;
    arch        "LSB;label=32;scalar=64";
    class       surfaceScalarField;
    location    "0.003";
    object      phi;
}
// * * * * * * * * * * * * * * * * * * * * * * * * * * * * * * * * * * * * * //

dimensions      [0 3 -1 0 0 0 0];

oriented        oriented;

internalField   nonuniform List<scalar> 
799
(
2.28599e-32
5.55362e-32
7.36819e-32
6.75287e-32
4.69978e-32
-1.53954e-32
-7.05816e-32
-1.12525e-31
-1.18761e-31
-7.73893e-32
-1.81583e-32
4.74143e-32
8.89695e-32
1.01713e-31
8.28825e-32
4.63568e-32
-2.09144e-33
-5.20528e-32
-8.98834e-32
-1.15425e-31
-1.0505e-31
-6.6775e-32
-3.60059e-33
6.91228e-32
1.11537e-31
1.22417e-31
8.24373e-32
1.34574e-32
-5.12702e-32
-1.0235e-31
-1.03767e-31
-7.51007e-32
-2.74919e-32
2.8755e-32
5.475e-32
6.68548e-32
5.06024e-32
1.3581e-32
-1.54842e-32
-5.14163e-32
-5.96633e-32
-4.64948e-32
-2.23792e-32
2.49476e-32
5.0768e-32
6.16079e-32
4.61986e-32
-2.31206e-33
-4.18694e-32
-7.78166e-32
-7.94547e-32
-4.53679e-32
-1.98548e-33
5.24899e-32
7.70506e-32
7.10242e-32
3.80416e-32
-2.0943e-32
-6.62505e-32
-9.13105e-32
-7.80619e-32
-2.48445e-32
3.73067e-32
9.22639e-32
1.05078e-31
6.4308e-32
-9.54238e-33
-9.31368e-32
-1.38661e-31
-1.21255e-31
-4.9991e-32
5.16443e-32
1.27976e-31
1.44404e-31
9.72369e-32
3.37038e-33
-8.32182e-32
-1.2793e-31
-1.16507e-31
-5.73461e-32
8.78818e-33
5.7673e-32
7.28963e-32
5.7735e-32
3.34495e-32
7.32907e-33
-1.24328e-32
-3.0766e-32
-5.12643e-32
-6.37287e-32
-6.19659e-32
-3.10541e-32
2.1281e-32
7.44537e-32
1.06865e-31
8.77126e-32
2.88412e-32
-5.3227e-32
-1.22891e-31
-1.36563e-31
-1.01598e-31
-1.61387e-32
7.43819e-32
1.27311e-31
1.36048e-31
7.78102e-32
-1.74274e-33
-7.58143e-32
-1.20027e-31
-1.03313e-31
-5.97618e-32
2.71897e-33
4.90917e-32
5.74138e-32
4.57233e-32
1.48733e-32
-2.1757e-33
1.25543e-34
1.26826e-32
2.63959e-32
1.62959e-32
-1.43803e-32
-5.61025e-32
-8.71122e-32
-8.58799e-32
-5.13787e-32
7.83538e-33
6.71713e-32
1.0489e-31
1.10184e-31
8.01985e-32
2.77981e-32
-3.31802e-32
-8.85281e-32
-1.20428e-31
-1.23212e-31
-8.95569e-32
-2.54825e-32
4.81967e-32
1.12929e-31
1.38193e-31
1.15636e-31
5.24667e-32
-3.16629e-32
-9.64199e-32
-1.22825e-31
-9.92426e-32
-3.89279e-32
2.38493e-32
6.71834e-32
6.7966e-32
3.33818e-32
-1.36426e-32
-5.07543e-32
-5.12907e-32
-1.83836e-32
3.24433e-32
7.41995e-32
7.70522e-32
3.70426e-32
-3.40517e-32
-1.00899e-31
-1.27871e-31
-9.70293e-32
-1.69331e-32
7.23054e-32
1.30252e-31
1.22182e-31
5.55149e-32
-3.46201e-32
-1.05573e-31
-1.1266e-31
-6.64754e-32
1.07699e-32
7.32154e-32
7.93664e-32
4.31175e-32
-2.60557e-32
-7.59751e-32
-7.84696e-32
-4.25725e-32
2.80379e-32
7.7126e-32
9.01856e-32
6.0718e-32
-7.05522e-33
-6.34338e-32
-1.00315e-31
-9.30615e-32
-4.6445e-32
8.44099e-33
6.39075e-32
8.64517e-32
7.74167e-32
4.53504e-32
-3.72923e-33
-4.18899e-32
-6.67056e-32
-7.11112e-32
-5.4164e-32
-2.8415e-32
6.2683e-33
3.91457e-32
6.07255e-32
6.699e-32
4.74697e-32
7.43975e-33
-3.92589e-32
-7.61811e-32
-7.96101e-32
-4.59124e-32
1.18678e-32
6.87527e-32
8.94594e-32
6.06353e-32
-7.51564e-33
-8.31272e-32
-1.207e-31
-9.50093e-32
-1.27021e-32
8.99552e-32
1.56465e-31
1.46389e-31
5.96956e-32
-6.95539e-32
-1.74438e-31
-1.9955e-31
-1.32714e-31
3.32223e-33
1.37102e-31
2.05313e-31
1.8002e-31
6.62899e-32
-7.05012e-32
-1.7077e-31
-1.92575e-31
-1.23408e-31
-1.14834e-32
9.73317e-32
1.54483e-31
1.35714e-31
6.56178e-32
-2.67756e-32
-9.63643e-32
-1.14466e-31
-8.38605e-32
-2.15945e-32
3.80176e-32
6.59435e-32
5.27539e-32
1.2681e-32
-3.01318e-32
-4.5174e-32
-2.1748e-32
2.13116e-32
6.1986e-32
6.41606e-32
2.03396e-32
-4.49193e-32
-1.0389e-31
-1.13026e-31
-6.46029e-32
1.55128e-32
9.47128e-32
1.26148e-31
9.74521e-32
3.10514e-32
-4.5479e-32
-9.01185e-32
-8.85416e-32
-5.84535e-32
-1.24668e-32
1.86562e-32
2.80336e-32
2.96431e-32
2.07175e-32
1.94188e-32
1.87349e-32
8.91344e-33
9.57323e-35
-1.55951e-32
-2.17976e-32
-1.68353e-32
-1.2134e-32
-8.70581e-33
-1.99108e-32
-3.4874e-32
-3.72545e-32
-1.53066e-32
3.26257e-32
8.27939e-32
1.03969e-31
7.16822e-32
-6.54666e-33
-9.89444e-32
-1.53923e-31
-1.3661e-31
-5.35454e-32
6.16657e-32
1.42748e-31
1.51348e-31
8.48613e-32
-2.45436e-32
-1.09513e-31
-1.35689e-31
-9.13752e-32
-7.33358e-33
6.06668e-32
8.64338e-32
5.60178e-32
2.32654e-34
-4.18077e-32
-5.22724e-32
-2.23771e-32
1.58361e-32
3.70183e-32
2.88729e-32
-9.22283e-33
-4.3523e-32
-5.65501e-32
-3.71891e-32
8.2956e-33
4.47997e-32
5.8239e-32
3.38623e-32
-1.66778e-32
-5.8619e-32
-7.72591e-32
-5.05603e-32
5.72588e-33
5.98656e-32
9.16462e-32
7.06043e-32
1.18257e-32
-5.57485e-32
-1.08266e-31
-9.87235e-32
-4.75765e-32
3.05997e-32
9.35485e-32
6.82735e-32
-2.80155e-32
-2.41359e-31
-4.91746e-31
-6.24011e-31
-5.9792e-31
2.85844e-31
2.25985e-30
5.5775e-30
1.2056e-29
1.45644e-29
1.68671e-29
-5.96471e-31
-4.4158e-29
-9.66506e-29
-2.03499e-28
-1.96161e-28
-1.36765e-28
1.49095e-28
7.92554e-28
1.1573e-27
1.8003e-27
1.04089e-27
-7.75574e-28
-3.04701e-27
-7.55295e-27
-7.22203e-27
-5.94223e-27
1.73139e-27
1.6854e-26
2.26333e-26
3.30095e-26
1.65984e-26
-1.36604e-26
-4.10539e-26
-9.0536e-26
-7.13433e-26
-4.22104e-26
3.15785e-26
1.54629e-25
1.62745e-25
1.91993e-25
5.42795e-26
-1.45645e-25
-2.41652e-25
-4.15795e-25
-2.36637e-25
-3.17296e-26
2.19085e-25
5.89155e-25
4.55174e-25
3.83054e-25
-3.70101e-26
-5.43964e-25
-5.80003e-25
-7.54256e-25
-2.54628e-25
2.23557e-25
5.06714e-25
9.15189e-25
5.06724e-25
2.23573e-25
-2.54614e-25
-7.5425e-25
-5.80008e-25
-5.43975e-25
-3.70235e-26
3.83045e-25
4.55173e-25
5.89161e-25
2.19094e-25
-3.1723e-26
-2.36634e-25
-4.15796e-25
-2.41656e-25
-1.45648e-25
5.42768e-26
1.91992e-25
1.62746e-25
1.5463e-25
3.15797e-26
-4.22098e-26
-7.13431e-26
-9.05359e-26
-4.1054e-26
-1.36604e-26
1.65983e-26
3.30093e-26
2.26332e-26
1.68539e-26
1.73135e-27
-5.9422e-27
-7.22193e-27
-7.55281e-27
-3.04692e-27
-7.75519e-28
1.04087e-27
1.80023e-27
1.1572e-27
7.92455e-28
1.49051e-28
-1.36746e-28
-1.96058e-28
-2.03346e-28
-9.65134e-29
-4.40814e-29
-6.41399e-31
1.67242e-29
1.43739e-29
1.18919e-29
5.52663e-30
2.33125e-30
4.63344e-31
-3.86529e-31
-4.66678e-31
-4.32137e-31
-3.05297e-31
-1.80637e-31
-1.12454e-31
-6.06818e-32
-3.77618e-32
-1.41857e-32
2.2744e-32
6.69569e-32
1.0335e-31
1.06239e-31
6.7971e-32
-6.45788e-33
-7.87254e-32
-1.2365e-31
-1.14109e-31
-5.71684e-32
1.75119e-32
8.44994e-32
1.07726e-31
8.97671e-32
3.83307e-32
-2.58227e-32
-7.09705e-32
-9.09099e-32
-7.17424e-32
-2.46639e-32
3.07184e-32
7.74878e-32
8.87914e-32
6.01026e-32
1.52419e-33
-6.42298e-32
-1.02721e-31
-9.13116e-32
-3.60991e-32
4.44568e-32
1.07313e-31
1.1761e-31
7.65015e-32
-9.16735e-33
-8.80451e-32
-1.23799e-31
-1.05807e-31
-2.92739e-32
5.40095e-32
1.13362e-31
1.21528e-31
6.55793e-32
-1.48507e-32
-9.40907e-32
-1.30442e-31
-1.0214e-31
-2.72497e-32
7.01971e-32
1.40948e-31
1.48238e-31
8.67993e-32
-2.31653e-32
-1.31329e-31
-1.82581e-31
-1.52154e-31
-4.81042e-32
8.26047e-32
1.74883e-31
1.89563e-31
1.173e-31
-3.33427e-33
-1.14623e-31
-1.68603e-31
-1.44356e-31
-6.45999e-32
3.32283e-32
1.01062e-31
1.19137e-31
8.82445e-32
2.67238e-32
-2.92185e-32
-6.8097e-32
-7.04283e-32
-4.64128e-32
-1.08665e-32
2.78669e-32
4.06747e-32
3.80589e-32
1.34529e-32
-1.6453e-32
-2.58801e-32
-2.44939e-32
5.41517e-33
3.19689e-32
3.90723e-32
2.81645e-32
-1.65081e-32
-5.14479e-32
-6.75836e-32
-5.29984e-32
-7.93694e-34
4.50542e-32
7.73819e-32
7.40482e-32
3.62184e-32
-2.51725e-33
-3.75301e-32
-4.77673e-32
-4.12841e-32
-3.81673e-32
-3.40273e-32
-3.55876e-32
-2.20469e-32
1.9959e-32
7.37512e-32
1.24776e-31
1.28594e-31
6.66191e-32
-4.00217e-32
-1.59196e-31
-2.17009e-31
-1.80135e-31
-5.72396e-32
1.13667e-31
2.36127e-31
2.59783e-31
1.64783e-31
-1.8091e-32
-1.87574e-31
-2.80769e-31
-2.43162e-31
-8.95016e-32
9.42043e-32
2.40486e-31
2.66431e-31
1.68748e-31
3.95004e-33
-1.64216e-31
-2.40049e-31
-2.0621e-31
-8.50727e-32
7.04499e-32
1.7129e-31
1.94049e-31
1.31403e-31
2.05894e-32
-7.3733e-32
-1.31707e-31
-1.27929e-31
-8.34755e-32
-2.78508e-32
2.97278e-32
6.22918e-32
7.99216e-32
7.92069e-32
5.87118e-32
3.11715e-32
-9.89296e-33
-4.55628e-32
-7.1285e-32
-8.02842e-32
-6.64532e-32
-4.00804e-32
-6.37212e-34
3.68485e-32
6.93594e-32
8.48075e-32
7.6989e-32
4.95114e-32
-7.10704e-34
-4.65714e-32
-8.34507e-32
-9.30495e-32
-6.91055e-32
-3.34359e-32
1.79217e-32
5.33447e-32
7.09088e-32
7.30981e-32
4.73583e-32
1.97498e-32
-1.79352e-32
-5.14041e-32
-6.59751e-32
-6.92823e-32
-4.35557e-32
-6.6753e-33
3.23526e-32
6.37498e-32
6.67809e-32
5.07649e-32
1.53142e-32
-2.36859e-32
-5.05248e-32
-6.19412e-32
-5.03572e-32
-2.46429e-32
7.49726e-33
3.49616e-32
4.79602e-32
4.18551e-32
2.13026e-32
-3.80823e-33
-2.31458e-32
-2.36468e-32
-1.53655e-32
-1.86876e-33
2.25338e-33
-1.1029e-32
-2.23739e-32
-2.95359e-32
-9.68382e-33
2.94182e-32
6.24859e-32
7.63451e-32
4.14767e-32
-2.01806e-32
-8.26886e-32
-1.13066e-31
-8.11456e-32
-1.05324e-32
7.40159e-32
1.22206e-31
1.07775e-31
4.33184e-32
-4.63773e-32
-1.0521e-31
-1.10802e-31
-6.06412e-32
1.93879e-32
7.8851e-32
9.65342e-32
5.89554e-32
-7.30499e-33
-6.23279e-32
-8.3066e-32
-5.11334e-32
7.98766e-33
6.33044e-32
8.78098e-32
6.04373e-32
2.26316e-33
-6.20795e-32
-1.01654e-31
-9.07452e-32
-4.14482e-32
2.98248e-32
9.22882e-32
1.14609e-31
9.67637e-32
4.061e-32
-3.11737e-32
-8.74613e-32
-1.18681e-31
-1.07771e-31
-6.20007e-32
4.40669e-34
6.94997e-32
1.1455e-31
1.26534e-31
9.9065e-32
3.18215e-32
-4.65232e-32
-1.17136e-31
-1.48379e-31
-1.23181e-31
-5.20723e-32
4.63141e-32
1.26895e-31
1.56635e-31
1.22108e-31
3.31925e-32
-6.70314e-32
-1.35898e-31
-1.42182e-31
-8.23482e-32
1.14482e-32
9.5508e-32
1.30931e-31
9.99633e-32
2.36272e-32
-6.15335e-32
-1.14748e-31
-1.0645e-31
-4.97988e-32
3.20434e-32
9.6751e-32
1.08303e-31
7.35239e-32
-1.04271e-33
-7.01003e-32
-9.91914e-32
-8.71258e-32
-2.54132e-32
3.89846e-32
8.12652e-32
8.92082e-32
4.61832e-32
-5.58971e-33
-5.45038e-32
-7.74893e-32
-5.84896e-32
-2.59481e-32
1.85988e-32
4.88283e-32
5.39148e-32
4.5315e-32
2.04547e-32
-1.99543e-33
-1.55188e-32
-2.31969e-32
-2.16107e-32
-1.96203e-32
-2.18826e-32
-2.11582e-32
-2.14771e-32
-1.2078e-32
1.03812e-32
3.39784e-32
6.28621e-32
7.12057e-32
5.7055e-32
2.18081e-32
-3.63489e-32
-8.00299e-32
-1.05824e-31
-9.08692e-32
-3.72005e-32
2.7229e-32
9.09409e-32
1.15053e-31
1.00606e-31
4.97063e-32
-1.27864e-32
-6.04766e-32
-7.93935e-32
-5.63538e-32
-2.35972e-32
2.73693e-32
5.02277e-32
5.34566e-32
4.92376e-32
7.36513e-33
1.01487e-33
-2.8245e-32
-3.12456e-32
-7.94284e-33
)
;

boundaryField
{
    left
    {
        type            calculated;
        value           uniform 0;
    }
    right
    {
        type            calculated;
        value           uniform 0;
    }
    empty
    {
        type            empty;
        value           nonuniform List<scalar> 0();
    }
}


// ************************************************************************* //
