/*--------------------------------*- C++ -*----------------------------------*\
| =========                 |                                                 |
| \\      /  F ield         | OpenFOAM: The Open Source CFD Toolbox           |
|  \\    /   O peration     | Version:  v1706                                 |
|   \\  /    A nd           | Web:      www.OpenFOAM.com                      |
|    \\/     M anipulation  |                                                 |
\*---------------------------------------------------------------------------*/
FoamFile
{
    version     2.0;
    format      ascii;
    class       volVectorField;
    location    "0.02";
    object      B;
}
// * * * * * * * * * * * * * * * * * * * * * * * * * * * * * * * * * * * * * //

dimensions      [1 0 -2 0 0 -1 0];


internalField   nonuniform List<vector> 
800
(
(0.75 1 0)
(0.75 1 0)
(0.75 1 0)
(0.75 1 0)
(0.75 1 0)
(0.75 1 0)
(0.75 1 0)
(0.75 1 0)
(0.75 1 0)
(0.75 1 0)
(0.75 1 0)
(0.75 1 0)
(0.75 1 0)
(0.75 1 0)
(0.75 1 0)
(0.75 1 0)
(0.75 1 0)
(0.75 1 0)
(0.75 1 0)
(0.75 1 0)
(0.75 1 0)
(0.75 1 0)
(0.75 1 0)
(0.75 1 0)
(0.75 1 0)
(0.75 1 0)
(0.75 1 0)
(0.75 1 0)
(0.75 1 0)
(0.75 1 0)
(0.75 1 0)
(0.75 1 0)
(0.75 1 0)
(0.75 1 0)
(0.75 1 0)
(0.75 1 0)
(0.75 1 0)
(0.75 1 0)
(0.75 1 0)
(0.75 1 0)
(0.75 1 0)
(0.75 1 0)
(0.75 1 0)
(0.75 1 0)
(0.75 1 0)
(0.75 1 0)
(0.75 1 0)
(0.75 1 0)
(0.75 1 0)
(0.75 1 0)
(0.75 1 0)
(0.75 1 0)
(0.75 1 0)
(0.75 1 0)
(0.75 1 0)
(0.75 1 0)
(0.75 1 0)
(0.75 1 0)
(0.75 1 0)
(0.75 1 0)
(0.75 1 0)
(0.75 1 0)
(0.75 1 0)
(0.75 1 0)
(0.75 1 0)
(0.75 1 0)
(0.75 1 0)
(0.75 1 0)
(0.75 1 0)
(0.75 1 0)
(0.75 1 0)
(0.75 1 0)
(0.75 1 0)
(0.75 1 0)
(0.75 1 0)
(0.75 1 0)
(0.75 1 0)
(0.75 1 0)
(0.75 1 0)
(0.75 1 0)
(0.75 1 0)
(0.75 1 0)
(0.75 1 0)
(0.75 1 0)
(0.75 1 0)
(0.75 1 0)
(0.75 1 0)
(0.75 1 0)
(0.75 1 0)
(0.75 1 0)
(0.75 1 0)
(0.75 1 0)
(0.75 1 0)
(0.75 1 0)
(0.75 1 0)
(0.75 1 0)
(0.75 1 0)
(0.75 1 0)
(0.75 1 0)
(0.75 1 0)
(0.75 1 0)
(0.75 1 0)
(0.75 1 0)
(0.75 1 0)
(0.75 1 0)
(0.75 1 0)
(0.75 1 0)
(0.75 1 0)
(0.75 1 0)
(0.75 1 0)
(0.75 1 0)
(0.75 1 0)
(0.75 1 0)
(0.75 1 0)
(0.75 1 0)
(0.75 1 0)
(0.75 1 0)
(0.75 1 0)
(0.75 1 0)
(0.75 1 0)
(0.75 1 0)
(0.75 1 0)
(0.75 1 0)
(0.75 1 0)
(0.75 1 0)
(0.75 1 0)
(0.75 1 0)
(0.75 1 0)
(0.75 1 0)
(0.75 1 0)
(0.75 1 0)
(0.75 1 0)
(0.75 1 0)
(0.75 1 0)
(0.75 1 0)
(0.75 1 0)
(0.75 1 0)
(0.75 1 0)
(0.75 1 0)
(0.75 1 0)
(0.75 1 0)
(0.75 1 0)
(0.75 1 0)
(0.75 1 0)
(0.75 1 0)
(0.75 1 0)
(0.75 1 0)
(0.75 1 0)
(0.75 1 0)
(0.75 1 0)
(0.75 1 0)
(0.75 1 0)
(0.75 1 0)
(0.75 1 0)
(0.75 1 0)
(0.75 1 0)
(0.75 1 0)
(0.75 1 0)
(0.75 1 0)
(0.75 1 0)
(0.75 1 0)
(0.75 1 0)
(0.75 1 0)
(0.75 1 0)
(0.75 1 0)
(0.75 1 0)
(0.75 1 0)
(0.75 1 0)
(0.75 1 0)
(0.75 1 0)
(0.75 1 0)
(0.75 1 0)
(0.75 1 0)
(0.75 1 0)
(0.75 1 0)
(0.75 1 0)
(0.75 1 0)
(0.75 1 0)
(0.75 1 0)
(0.75 1 0)
(0.75 1 0)
(0.75 1 0)
(0.75 1 0)
(0.75 1 0)
(0.75 1 0)
(0.75 1 0)
(0.75 1 0)
(0.75 1 0)
(0.75 1 0)
(0.75 1 0)
(0.75 1 0)
(0.75 1 0)
(0.75 1 0)
(0.75 1 0)
(0.75 1 0)
(0.75 1 0)
(0.75 1 0)
(0.75 1 0)
(0.75 1 0)
(0.75 1 0)
(0.75 1 0)
(0.75 1 0)
(0.75 1 0)
(0.75 1 0)
(0.75 1 0)
(0.75 1 0)
(0.75 1 0)
(0.75 1 0)
(0.75 1 0)
(0.75 1 0)
(0.75 1 0)
(0.75 1 0)
(0.75 1 0)
(0.75 1 0)
(0.75 1 0)
(0.75 1 0)
(0.75 1 0)
(0.75 1 0)
(0.75 1 0)
(0.75 1 0)
(0.75 1 0)
(0.75 1 0)
(0.75 1 0)
(0.75 1 0)
(0.75 1 0)
(0.75 1 0)
(0.75 1 0)
(0.75 1 0)
(0.75 1 0)
(0.75 1 0)
(0.75 1 0)
(0.75 1 0)
(0.75 1 0)
(0.75 1 0)
(0.75 1 0)
(0.75 1 0)
(0.75 1 0)
(0.75 1 0)
(0.75 1 0)
(0.75 1 0)
(0.75 1 0)
(0.75 1 0)
(0.75 1 0)
(0.75 1 0)
(0.75 1 0)
(0.75 1 0)
(0.75 1 0)
(0.75 1 0)
(0.75 1 0)
(0.75 1 0)
(0.75 1 0)
(0.75 1 0)
(0.75 1 0)
(0.75 1 0)
(0.75 1 0)
(0.75 1 0)
(0.75 1 0)
(0.75 1 0)
(0.75 1 0)
(0.75 1 0)
(0.75 1 0)
(0.75 1 0)
(0.75 1 0)
(0.75 1 0)
(0.75 1 0)
(0.75 1 0)
(0.75 1 0)
(0.75 1 0)
(0.75 1 0)
(0.75 1 0)
(0.75 1 0)
(0.75 1 0)
(0.75 1 0)
(0.75 1 0)
(0.75 1 0)
(0.75 1 0)
(0.75 1 0)
(0.75 1 0)
(0.75 1 0)
(0.75 1 0)
(0.75 1 0)
(0.75 1 0)
(0.75 1 0)
(0.75 1 0)
(0.75 1 0)
(0.75 1 0)
(0.75 1 0)
(0.75 1 0)
(0.75 1 0)
(0.75 1 0)
(0.75 1 0)
(0.75 1 0)
(0.75 1 0)
(0.75 1 0)
(0.75 1 0)
(0.75 1 0)
(0.75 1 0)
(0.75 1 0)
(0.75 1 0)
(0.75 1 0)
(0.75 1 0)
(0.75 1 0)
(0.75 1 0)
(0.75 1 0)
(0.75 1 0)
(0.75 1 0)
(0.75 1 0)
(0.75 1 0)
(0.75 1 0)
(0.75 1 0)
(0.75 1 0)
(0.75 1 0)
(0.75 1 0)
(0.75 1 0)
(0.75 1 0)
(0.75 1 0)
(0.75 1 0)
(0.75 1 0)
(0.75 1 0)
(0.75 1 0)
(0.75 1 0)
(0.75 1 0)
(0.75 1 0)
(0.75 1 0)
(0.75 1 0)
(0.75 1 0)
(0.75 1 0)
(0.75 1 0)
(0.75 1 0)
(0.75 1 0)
(0.75 1 0)
(0.75 1 0)
(0.75 1 0)
(0.75 1 0)
(0.75 1 0)
(0.75 1 0)
(0.75 1 0)
(0.75 1 0)
(0.75 1 0)
(0.75 1 0)
(0.75 1 0)
(0.75 1 0)
(0.75 1 0)
(0.75 1 0)
(0.75 1 0)
(0.75 1 0)
(0.75 1 0)
(0.75 1 0)
(0.75 1 0)
(0.75 1 0)
(0.75 1 0)
(0.75 1 0)
(0.75 1 0)
(0.75 1 0)
(0.75 1 0)
(0.75 1 0)
(0.75 1 0)
(0.75 1 0)
(0.75 1 0)
(0.75 1 0)
(0.75 1 0)
(0.75 1 0)
(0.75 1 0)
(0.75 1 0)
(0.75 1 0)
(0.75 1 0)
(0.75 1 0)
(0.75 1 0)
(0.75 1 0)
(0.75 1 0)
(0.75 1 0)
(0.75 1 0)
(0.75 1 0)
(0.75 1 0)
(0.75 1 0)
(0.75 1 0)
(0.75 1 0)
(0.75 1 0)
(0.75 1 0)
(0.75 1 0)
(0.75 1 0)
(0.75 1 0)
(0.75 1 0)
(0.75 1 0)
(0.75 1 0)
(0.75 1 0)
(0.75 1 0)
(0.75 1 0)
(0.75 1 0)
(0.75 1 0)
(0.75 1 0)
(0.75 1 0)
(0.75 1 0)
(0.75 1 0)
(0.75 1 0)
(0.75 1 0)
(0.75 1 0)
(0.75 1 0)
(0.75 1 0)
(0.75 1 0)
(0.75 -1 0)
(0.75 -1 0)
(0.75 -1 0)
(0.75 -1 0)
(0.75 -1 0)
(0.75 -1 0)
(0.75 -1 0)
(0.75 -1 0)
(0.75 -1 0)
(0.75 -1 0)
(0.75 -1 0)
(0.75 -1 0)
(0.75 -1 0)
(0.75 -1 0)
(0.75 -1 0)
(0.75 -1 0)
(0.75 -1 0)
(0.75 -1 0)
(0.75 -1 0)
(0.75 -1 0)
(0.75 -1 0)
(0.75 -1 0)
(0.75 -1 0)
(0.75 -1 0)
(0.75 -1 0)
(0.75 -1 0)
(0.75 -1 0)
(0.75 -1 0)
(0.75 -1 0)
(0.75 -1 0)
(0.75 -1 0)
(0.75 -1 0)
(0.75 -1 0)
(0.75 -1 0)
(0.75 -1 0)
(0.75 -1 0)
(0.75 -1 0)
(0.75 -1 0)
(0.75 -1 0)
(0.75 -1 0)
(0.75 -1 0)
(0.75 -1 0)
(0.75 -1 0)
(0.75 -1 0)
(0.75 -1 0)
(0.75 -1 0)
(0.75 -1 0)
(0.75 -1 0)
(0.75 -1 0)
(0.75 -1 0)
(0.75 -1 0)
(0.75 -1 0)
(0.75 -1 0)
(0.75 -1 0)
(0.75 -1 0)
(0.75 -1 0)
(0.75 -1 0)
(0.75 -1 0)
(0.75 -1 0)
(0.75 -1 0)
(0.75 -1 0)
(0.75 -1 0)
(0.75 -1 0)
(0.75 -1 0)
(0.75 -1 0)
(0.75 -1 0)
(0.75 -1 0)
(0.75 -1 0)
(0.75 -1 0)
(0.75 -1 0)
(0.75 -1 0)
(0.75 -1 0)
(0.75 -1 0)
(0.75 -1 0)
(0.75 -1 0)
(0.75 -1 0)
(0.75 -1 0)
(0.75 -1 0)
(0.75 -1 0)
(0.75 -1 0)
(0.75 -1 0)
(0.75 -1 0)
(0.75 -1 0)
(0.75 -1 0)
(0.75 -1 0)
(0.75 -1 0)
(0.75 -1 0)
(0.75 -1 0)
(0.75 -1 0)
(0.75 -1 0)
(0.75 -1 0)
(0.75 -1 0)
(0.75 -1 0)
(0.75 -1 0)
(0.75 -1 0)
(0.75 -1 0)
(0.75 -1 0)
(0.75 -1 0)
(0.75 -1 0)
(0.75 -1 0)
(0.75 -1 0)
(0.75 -1 0)
(0.75 -1 0)
(0.75 -1 0)
(0.75 -1 0)
(0.75 -1 0)
(0.75 -1 0)
(0.75 -1 0)
(0.75 -1 0)
(0.75 -1 0)
(0.75 -1 0)
(0.75 -1 0)
(0.75 -1 0)
(0.75 -1 0)
(0.75 -1 0)
(0.75 -1 0)
(0.75 -1 0)
(0.75 -1 0)
(0.75 -1 0)
(0.75 -1 0)
(0.75 -1 0)
(0.75 -1 0)
(0.75 -1 0)
(0.75 -1 0)
(0.75 -1 0)
(0.75 -1 0)
(0.75 -1 0)
(0.75 -1 0)
(0.75 -1 0)
(0.75 -1 0)
(0.75 -1 0)
(0.75 -1 0)
(0.75 -1 0)
(0.75 -1 0)
(0.75 -1 0)
(0.75 -1 0)
(0.75 -1 0)
(0.75 -1 0)
(0.75 -1 0)
(0.75 -1 0)
(0.75 -1 0)
(0.75 -1 0)
(0.75 -1 0)
(0.75 -1 0)
(0.75 -1 0)
(0.75 -1 0)
(0.75 -1 0)
(0.75 -1 0)
(0.75 -1 0)
(0.75 -1 0)
(0.75 -1 0)
(0.75 -1 0)
(0.75 -1 0)
(0.75 -1 0)
(0.75 -1 0)
(0.75 -1 0)
(0.75 -1 0)
(0.75 -1 0)
(0.75 -1 0)
(0.75 -1 0)
(0.75 -1 0)
(0.75 -1 0)
(0.75 -1 0)
(0.75 -1 0)
(0.75 -1 0)
(0.75 -1 0)
(0.75 -1 0)
(0.75 -1 0)
(0.75 -1 0)
(0.75 -1 0)
(0.75 -1 0)
(0.75 -1 0)
(0.75 -1 0)
(0.75 -1 0)
(0.75 -1 0)
(0.75 -1 0)
(0.75 -1 0)
(0.75 -1 0)
(0.75 -1 0)
(0.75 -1 0)
(0.75 -1 0)
(0.75 -1 0)
(0.75 -1 0)
(0.75 -1 0)
(0.75 -1 0)
(0.75 -1 0)
(0.75 -1 0)
(0.75 -1 0)
(0.75 -1 0)
(0.75 -1 0)
(0.75 -1 0)
(0.75 -1 0)
(0.75 -1 0)
(0.75 -1 0)
(0.75 -1 0)
(0.75 -1 0)
(0.75 -1 0)
(0.75 -1 0)
(0.75 -1 0)
(0.75 -1 0)
(0.75 -1 0)
(0.75 -1 0)
(0.75 -1 0)
(0.75 -1 0)
(0.75 -1 0)
(0.75 -1 0)
(0.75 -1 0)
(0.75 -1 0)
(0.75 -1 0)
(0.75 -1 0)
(0.75 -1 0)
(0.75 -1 0)
(0.75 -1 0)
(0.75 -1 0)
(0.75 -1 0)
(0.75 -1 0)
(0.75 -1 0)
(0.75 -1 0)
(0.75 -1 0)
(0.75 -1 0)
(0.75 -1 0)
(0.75 -1 0)
(0.75 -1 0)
(0.75 -1 0)
(0.75 -1 0)
(0.75 -1 0)
(0.75 -1 0)
(0.75 -1 0)
(0.75 -1 0)
(0.75 -1 0)
(0.75 -1 0)
(0.75 -1 0)
(0.75 -1 0)
(0.75 -1 0)
(0.75 -1 0)
(0.75 -1 0)
(0.75 -1 0)
(0.75 -1 0)
(0.75 -1 0)
(0.75 -1 0)
(0.75 -1 0)
(0.75 -1 0)
(0.75 -1 0)
(0.75 -1 0)
(0.75 -1 0)
(0.75 -1 0)
(0.75 -1 0)
(0.75 -1 0)
(0.75 -1 0)
(0.75 -1 0)
(0.75 -1 0)
(0.75 -1 0)
(0.75 -1 0)
(0.75 -1 0)
(0.75 -1 0)
(0.75 -1 0)
(0.75 -1 0)
(0.75 -1 0)
(0.75 -1 0)
(0.75 -1 0)
(0.75 -1 0)
(0.75 -1 0)
(0.75 -1 0)
(0.75 -1 0)
(0.75 -1 0)
(0.75 -1 0)
(0.75 -1 0)
(0.75 -1 0)
(0.75 -1 0)
(0.75 -1 0)
(0.75 -1 0)
(0.75 -1 0)
(0.75 -1 0)
(0.75 -1 0)
(0.75 -1 0)
(0.75 -1 0)
(0.75 -1 0)
(0.75 -1 0)
(0.75 -1 0)
(0.75 -1 0)
(0.75 -1 0)
(0.75 -1 0)
(0.75 -1 0)
(0.75 -1 0)
(0.75 -1 0)
(0.75 -1 0)
(0.75 -1 0)
(0.75 -1 0)
(0.75 -1 0)
(0.75 -1 0)
(0.75 -1 0)
(0.75 -1 0)
(0.75 -1 0)
(0.75 -1 0)
(0.75 -1 0)
(0.75 -1 0)
(0.75 -1 0)
(0.75 -1 0)
(0.75 -1 0)
(0.75 -1 0)
(0.75 -1 0)
(0.75 -1 0)
(0.75 -1 0)
(0.75 -1 0)
(0.75 -1 0)
(0.75 -1 0)
(0.75 -1 0)
(0.75 -1 0)
(0.75 -1 0)
(0.75 -1 0)
(0.75 -1 0)
(0.75 -1 0)
(0.75 -1 0)
(0.75 -1 0)
(0.75 -1 0)
(0.75 -1 0)
(0.75 -1 0)
(0.75 -1 0)
(0.75 -1 0)
(0.75 -1 0)
(0.75 -1 0)
(0.75 -1 0)
(0.75 -1 0)
(0.75 -1 0)
(0.75 -1 0)
(0.75 -1 0)
(0.75 -1 0)
(0.75 -1 0)
(0.75 -1 0)
(0.75 -1 0)
(0.75 -1 0)
(0.75 -1 0)
(0.75 -1 0)
(0.75 -1 0)
(0.75 -1 0)
(0.75 -1 0)
(0.75 -1 0)
(0.75 -1 0)
(0.75 -1 0)
(0.75 -1 0)
(0.75 -1 0)
(0.75 -1 0)
(0.75 -1 0)
(0.75 -1 0)
(0.75 -1 0)
(0.75 -1 0)
(0.75 -1 0)
(0.75 -1 0)
(0.75 -1 0)
(0.75 -1 0)
(0.75 -1 0)
(0.75 -1 0)
(0.75 -1 0)
(0.75 -1 0)
(0.75 -1 0)
(0.75 -1 0)
(0.75 -1 0)
(0.75 -1 0)
(0.75 -1 0)
(0.75 -1 0)
(0.75 -1 0)
(0.75 -1 0)
(0.75 -1 0)
(0.75 -1 0)
(0.75 -1 0)
(0.75 -1 0)
(0.75 -1 0)
(0.75 -1 0)
(0.75 -1 0)
(0.75 -1 0)
(0.75 -1 0)
(0.75 -1 0)
(0.75 -1 0)
(0.75 -1 0)
(0.75 -1 0)
(0.75 -1 0)
(0.75 -1 0)
(0.75 -1 0)
(0.75 -1 0)
(0.75 -1 0)
(0.75 -1 0)
(0.75 -1 0)
(0.75 -1 0)
(0.75 -1 0)
(0.75 -1 0)
(0.75 -1 0)
(0.75 -1 0)
(0.75 -1 0)
(0.75 -1 0)
(0.75 -1 0)
(0.75 -1 0)
(0.75 -1 0)
(0.75 -1 0)
(0.75 -1 0)
(0.75 -1 0)
(0.75 -1 0)
(0.75 -1 0)
(0.75 -1 0)
(0.75 -1 0)
(0.75 -1 0)
)
;

boundaryField
{
    left
    {
        type            zeroGradient;
    }
    right
    {
        type            zeroGradient;
    }
    empty
    {
        type            empty;
    }
}


// ************************************************************************* //
