/*--------------------------------*- C++ -*----------------------------------*\
| =========                 |                                                 |
| \\      /  F ield         | OpenFOAM: The Open Source CFD Toolbox           |
|  \\    /   O peration     | Version:  2106                                  |
|   \\  /    A nd           | Website:  www.openfoam.com                      |
|    \\/     M anipulation  |                                                 |
\*---------------------------------------------------------------------------*/
FoamFile
{
    version     2.0;
    format      ascii;
    arch        "LSB;label=32;scalar=64";
    class       surfaceScalarField;
    location    "0.077";
    object      phi;
}
// * * * * * * * * * * * * * * * * * * * * * * * * * * * * * * * * * * * * * //

dimensions      [0 3 -1 0 0 0 0];

oriented        oriented;

internalField   nonuniform List<scalar> 
799
(
1.76787e-32
4.53528e-32
5.83828e-32
4.73764e-32
2.19678e-32
-4.50156e-32
-1.04747e-31
-1.50969e-31
-1.61365e-31
-1.23949e-31
-6.84952e-32
-6.56716e-33
3.15572e-32
4.09475e-32
1.90033e-32
-2.05891e-32
-7.18507e-32
-1.24579e-31
-1.6493e-31
-1.92932e-31
-1.84796e-31
-1.48696e-31
-8.75155e-32
-1.6733e-32
2.3871e-32
3.29804e-32
-8.67722e-33
-7.93032e-32
-1.45607e-31
-1.98207e-31
-2.0107e-31
-1.738e-31
-1.27504e-31
-7.25019e-32
-4.76647e-32
-3.66448e-32
-5.39082e-32
-9.18783e-32
-1.21836e-31
-1.58613e-31
-1.67666e-31
-1.55268e-31
-1.31888e-31
-8.52563e-32
-6.00957e-32
-4.98711e-32
-6.58472e-32
-1.14872e-31
-1.5489e-31
-1.91242e-31
-1.9323e-31
-1.59442e-31
-1.16312e-31
-6.2052e-32
-3.7674e-32
-4.38601e-32
-7.69845e-32
-1.36093e-31
-1.81507e-31
-2.06662e-31
-1.93494e-31
-1.40343e-31
-7.82348e-32
-2.32936e-32
-1.04662e-32
-5.11929e-32
-1.24969e-31
-2.08459e-31
-2.53854e-31
-2.36303e-31
-1.64879e-31
-6.3075e-32
1.34277e-32
3.00325e-32
-1.69617e-32
-1.10642e-31
-1.97047e-31
-2.41554e-31
-2.29909e-31
-1.70509e-31
-1.04107e-31
-5.49353e-32
-3.93962e-32
-5.42232e-32
-7.81569e-32
-1.03908e-31
-1.23287e-31
-1.41226e-31
-1.61327e-31
-1.73388e-31
-1.71219e-31
-1.39892e-31
-8.71297e-32
-3.35217e-32
-6.62038e-34
-1.93586e-32
-7.77596e-32
-1.59347e-31
-2.28519e-31
-2.41691e-31
-2.06225e-31
-1.20264e-31
-2.92482e-32
2.41734e-32
3.33938e-32
-2.437e-32
-1.03446e-31
-1.77046e-31
-2.20786e-31
-2.03598e-31
-1.5958e-31
-9.66428e-32
-4.98244e-32
-4.10735e-32
-5.23486e-32
-8.2806e-32
-9.94908e-32
-9.68385e-32
-8.395e-32
-6.99093e-32
-7.96846e-32
-1.10034e-31
-1.51424e-31
-1.82103e-31
-1.80542e-31
-1.45731e-31
-8.62298e-32
-2.6638e-32
1.13048e-32
1.67921e-32
-1.30297e-32
-6.52845e-32
-1.26129e-31
-1.81338e-31
-2.13094e-31
-2.15725e-31
-1.81906e-31
-1.17666e-31
-4.38257e-32
2.10489e-32
4.6431e-32
2.39587e-32
-3.91584e-32
-1.23267e-31
-1.88026e-31
-2.14446e-31
-1.90881e-31
-1.30566e-31
-6.77678e-32
-2.43946e-32
-2.35566e-32
-5.80758e-32
-1.0503e-31
-1.42079e-31
-1.42562e-31
-1.09623e-31
-5.8777e-32
-1.70159e-32
-1.41646e-32
-5.41668e-32
-1.25242e-31
-1.92045e-31
-2.18948e-31
-1.8801e-31
-1.07783e-31
-1.83914e-32
3.97268e-32
3.18358e-32
-3.46427e-32
-1.24582e-31
-1.95335e-31
-2.02216e-31
-1.55812e-31
-7.83308e-32
-1.56392e-32
-9.22039e-33
-4.51841e-32
-1.1406e-31
-1.63668e-31
-1.65838e-31
-1.29608e-31
-5.86596e-32
-9.23092e-33
4.17366e-33
-2.49438e-32
-9.23619e-32
-1.48379e-31
-1.84892e-31
-1.77276e-31
-1.30289e-31
-7.50451e-32
-1.92301e-32
3.66378e-33
-5.02886e-33
-3.67537e-32
-8.5497e-32
-1.23323e-31
-1.47802e-31
-1.51865e-31
-1.34569e-31
-1.08466e-31
-7.34223e-32
-4.01833e-32
-1.82361e-32
-1.16075e-32
-3.07707e-32
-7.04502e-32
-1.16803e-31
-1.53378e-31
-1.56455e-31
-1.2239e-31
-6.42167e-32
-6.92432e-33
1.42082e-32
-1.41611e-32
-8.18385e-32
-1.56961e-31
-1.94034e-31
-1.67824e-31
-8.49847e-32
1.82241e-32
8.53021e-32
7.58184e-32
-1.02413e-32
-1.38819e-31
-2.42986e-31
-2.67316e-31
-1.99641e-31
-6.27026e-32
7.20493e-32
1.41306e-31
1.17135e-31
4.60314e-33
-1.30904e-31
-2.29804e-31
-2.50142e-31
-1.79408e-31
-6.58044e-32
4.48095e-32
1.03889e-31
8.71863e-32
1.93074e-32
-7.07036e-32
-1.37736e-31
-1.53086e-31
-1.19524e-31
-5.4078e-32
8.93902e-33
4.05092e-32
3.12181e-32
-4.68844e-33
-4.30475e-32
-5.33424e-32
-2.48415e-32
2.36318e-32
7.0096e-32
7.84516e-32
4.12382e-32
-1.69542e-32
-6.83788e-32
-6.94538e-32
-1.24298e-32
7.68581e-32
1.6583e-31
2.07669e-31
1.9005e-31
1.35438e-31
7.1446e-32
4.01466e-32
5.59122e-32
1.01092e-31
1.63114e-31
2.11269e-31
2.38733e-31
2.59529e-31
2.7095e-31
2.91218e-31
3.13379e-31
3.27754e-31
3.4456e-31
3.55993e-31
3.78501e-31
4.13849e-31
4.50693e-31
4.88112e-31
5.1283e-31
5.35813e-31
5.73494e-31
6.37712e-31
7.30225e-31
8.27384e-31
8.9807e-31
9.17933e-31
8.94616e-31
8.60013e-31
8.65846e-31
9.4712e-31
1.09743e-30
1.28332e-30
1.43865e-30
1.52522e-30
1.54056e-30
1.51701e-30
1.52207e-30
1.59027e-30
1.73348e-30
1.92109e-30
2.09753e-30
2.23678e-30
2.32508e-30
2.39344e-30
2.48116e-30
2.60629e-30
2.77781e-30
2.9639e-30
3.13943e-30
3.29232e-30
3.42219e-30
3.56301e-30
3.73252e-30
3.94207e-30
4.18566e-30
4.42847e-30
4.65666e-30
4.85584e-30
5.0378e-30
5.23779e-30
5.47042e-30
5.75818e-30
6.08514e-30
6.41941e-30
6.74132e-30
7.01866e-30
7.26939e-30
7.51847e-30
7.79651e-30
8.1459e-30
8.5546e-30
9.00971e-30
9.46769e-30
9.87596e-30
1.02198e-29
1.05021e-29
1.07262e-29
1.11107e-29
1.1605e-29
1.29267e-29
1.53126e-29
1.88918e-29
2.5733e-29
2.83817e-29
3.11357e-29
1.40318e-29
-2.87497e-29
-8.01514e-29
-1.85768e-28
-1.76427e-28
-1.1565e-28
1.72358e-28
8.16582e-28
1.18194e-27
1.82443e-27
1.06284e-27
-7.55025e-28
-3.0303e-27
-7.53668e-27
-7.20705e-27
-5.9247e-27
1.75469e-27
1.68827e-26
2.26744e-26
3.30552e-26
1.66547e-26
-1.36046e-26
-4.10009e-26
-9.04892e-26
-7.1316e-26
-4.21884e-26
3.15766e-26
1.54631e-25
1.62742e-25
1.92004e-25
5.43176e-26
-1.45594e-25
-2.41556e-25
-4.15704e-25
-2.36517e-25
-3.16369e-26
2.1916e-25
5.89202e-25
4.55163e-25
3.83041e-25
-3.70776e-26
-5.43996e-25
-5.80043e-25
-7.54246e-25
-2.54572e-25
2.23635e-25
5.06855e-25
9.15299e-25
5.06865e-25
2.2365e-25
-2.54558e-25
-7.54241e-25
-5.80048e-25
-5.44008e-25
-3.70917e-26
3.83032e-25
4.55161e-25
5.89206e-25
2.19168e-25
-3.16311e-26
-2.36515e-25
-4.15706e-25
-2.41561e-25
-1.45598e-25
5.4314e-26
1.92002e-25
1.62742e-25
1.54631e-25
3.15769e-26
-4.21887e-26
-7.13167e-26
-9.04899e-26
-4.10019e-26
-1.36054e-26
1.66538e-26
3.30542e-26
2.26735e-26
1.68818e-26
1.75398e-27
-5.92531e-27
-7.20758e-27
-7.53715e-27
-3.0308e-27
-7.55536e-28
1.06227e-27
1.82384e-27
1.18134e-27
8.15994e-28
1.71843e-28
-1.16084e-28
-1.7676e-28
-1.86033e-28
-8.04151e-29
-2.90574e-29
1.36189e-29
3.06406e-29
2.78545e-29
2.52472e-29
1.85341e-29
1.50916e-29
1.28259e-29
1.15518e-29
1.10168e-29
1.05476e-29
1.02128e-29
9.85418e-30
9.49429e-30
9.12428e-30
8.76361e-30
8.42137e-30
8.11153e-30
7.82635e-30
7.54232e-30
7.23834e-30
6.90003e-30
6.53637e-30
6.18283e-30
5.86632e-30
5.61345e-30
5.41733e-30
5.24847e-30
5.08101e-30
4.87895e-30
4.6444e-30
4.38493e-30
4.12093e-30
3.88389e-30
3.67972e-30
3.52205e-30
3.39948e-30
3.29212e-30
3.18286e-30
3.04463e-30
2.87268e-30
2.6769e-30
2.47978e-30
2.31558e-30
2.20672e-30
2.1469e-30
2.11747e-30
2.07521e-30
1.98508e-30
1.84806e-30
1.67082e-30
1.50456e-30
1.38544e-30
1.32395e-30
1.32471e-30
1.3358e-30
1.32638e-30
1.26906e-30
1.15077e-30
1.01103e-30
8.75366e-31
7.85358e-31
7.62656e-31
7.89073e-31
8.40473e-31
8.67508e-31
8.33305e-31
7.32506e-31
5.85224e-31
4.41685e-31
3.56914e-31
3.55593e-31
4.29575e-31
5.31817e-31
5.97162e-31
5.86352e-31
4.89979e-31
3.46555e-31
2.13727e-31
1.39406e-31
1.44458e-31
2.06108e-31
2.86851e-31
3.38581e-31
3.41479e-31
2.96284e-31
2.21279e-31
1.52628e-31
1.01778e-31
8.81767e-32
1.01582e-31
1.27138e-31
1.56473e-31
1.60439e-31
1.495e-31
1.17072e-31
7.98142e-32
6.34741e-32
5.8367e-32
8.21755e-32
1.03e-31
1.0472e-31
8.87545e-32
3.93364e-32
-6.77085e-35
-2.03996e-32
-9.76808e-33
3.87082e-32
8.10414e-32
1.1006e-31
1.03607e-31
6.2838e-32
2.13387e-32
-1.62696e-32
-2.89401e-32
-2.47332e-32
-2.37439e-32
-2.15892e-32
-2.50115e-32
-1.32187e-32
2.7142e-32
7.93824e-32
1.28941e-31
1.31374e-31
6.80922e-32
-3.97795e-32
-1.60101e-31
-2.18995e-31
-1.83123e-31
-6.11637e-32
1.08875e-31
2.30529e-31
2.53438e-31
1.57743e-31
-2.57755e-32
-1.95858e-31
-2.8961e-31
-2.52517e-31
-9.93268e-32
8.39412e-32
2.29818e-31
2.55387e-31
1.5735e-31
-7.77895e-33
-1.76262e-31
-2.52402e-31
-2.18855e-31
-9.79994e-32
5.7249e-32
1.5783e-31
1.80336e-31
1.1745e-31
6.41274e-33
-8.81128e-32
-1.46271e-31
-1.42664e-31
-9.83774e-32
-4.29166e-32
1.44913e-32
4.68693e-32
6.42975e-32
6.33721e-32
4.26568e-32
1.48959e-32
-2.63837e-32
-6.22547e-32
-8.81609e-32
-9.73219e-32
-8.36264e-32
-5.73716e-32
-1.80278e-32
1.93631e-32
5.17801e-32
6.71239e-32
5.91953e-32
3.15943e-32
-1.87572e-32
-6.47459e-32
-1.01739e-31
-1.11433e-31
-8.75598e-32
-5.19264e-32
-5.83798e-34
3.48509e-32
5.24365e-32
5.46663e-32
2.89822e-32
1.4294e-33
-3.61985e-32
-6.96029e-32
-8.4103e-32
-8.73274e-32
-6.1506e-32
-2.4512e-32
1.46521e-32
4.62043e-32
4.94114e-32
3.36e-32
-1.62876e-33
-4.03843e-32
-6.69565e-32
-7.80829e-32
-6.6195e-32
-4.01586e-32
-7.67903e-33
2.0129e-32
3.34841e-32
2.77404e-32
7.55326e-33
-1.71949e-32
-3.61608e-32
-3.62872e-32
-2.76313e-32
-1.37578e-32
-9.2565e-33
-2.21512e-32
-3.31079e-32
-3.98773e-32
-1.96264e-32
1.98837e-32
5.33588e-32
6.76212e-32
3.31546e-32
-2.81058e-32
-9.02193e-32
-1.20205e-31
-8.78984e-32
-1.69045e-32
6.80214e-32
1.16579e-31
1.02507e-31
3.84073e-32
-5.09363e-32
-1.09422e-31
-1.14671e-31
-6.41726e-32
1.61914e-32
7.59802e-32
9.39794e-32
5.67074e-32
-9.25951e-33
-6.3995e-32
-8.44515e-32
-5.22469e-32
7.14025e-33
6.27161e-32
8.74805e-32
6.03629e-32
2.44258e-33
-6.16498e-32
-1.00974e-31
-8.98191e-32
-4.02857e-32
3.12121e-32
9.38951e-32
1.16425e-31
9.87874e-32
4.28489e-32
-2.87122e-32
-8.47695e-32
-1.15742e-31
-1.04572e-31
-5.85355e-32
4.17935e-33
7.35141e-32
1.18837e-31
1.3109e-31
1.03887e-31
3.69147e-32
-4.11547e-32
-1.11481e-31
-1.42427e-31
-1.16911e-31
-4.5467e-32
5.32685e-32
1.34213e-31
1.6433e-31
1.30191e-31
4.16711e-32
-5.81465e-32
-1.26603e-31
-1.32471e-31
-7.22012e-32
2.20463e-32
1.06578e-31
1.42494e-31
1.12042e-31
3.62443e-32
-4.83619e-32
-1.01004e-31
-9.21257e-32
-3.48849e-32
4.75524e-32
1.12857e-31
1.25002e-31
9.08241e-32
1.68602e-32
-5.15921e-32
-8.00728e-32
-6.7394e-32
-5.05557e-33
5.9982e-32
1.02914e-31
1.1151e-31
6.91454e-32
1.80375e-32
-3.02179e-32
-5.2547e-32
-3.29033e-32
2.68577e-34
4.54234e-32
7.62345e-32
8.18768e-32
7.38158e-32
4.94827e-32
2.75465e-32
1.45378e-32
7.38022e-33
9.49536e-33
1.20203e-32
1.02962e-32
1.15555e-32
1.17557e-32
2.16559e-32
4.458e-32
6.85992e-32
9.78673e-32
1.06552e-31
9.27028e-32
5.77042e-32
-2.35475e-34
-4.37577e-32
-6.94384e-32
-5.44426e-32
-8.03474e-34
6.34955e-32
1.26952e-31
1.50666e-31
1.35637e-31
8.39901e-32
2.05127e-32
-2.8334e-32
-4.86869e-32
-2.72361e-32
3.64196e-33
5.2602e-32
7.31868e-32
7.40189e-32
6.71999e-32
2.258e-32
1.33769e-32
-1.8905e-32
-2.49225e-32
-4.81562e-33
)
;

boundaryField
{
    left
    {
        type            calculated;
        value           uniform 0;
    }
    right
    {
        type            calculated;
        value           uniform 0;
    }
    empty
    {
        type            empty;
        value           nonuniform List<scalar> 0();
    }
}


// ************************************************************************* //
