/*--------------------------------*- C++ -*----------------------------------*\
| =========                 |                                                 |
| \\      /  F ield         | OpenFOAM: The Open Source CFD Toolbox           |
|  \\    /   O peration     | Version:  2106                                  |
|   \\  /    A nd           | Website:  www.openfoam.com                      |
|    \\/     M anipulation  |                                                 |
\*---------------------------------------------------------------------------*/
FoamFile
{
    version     2.0;
    format      ascii;
    arch        "LSB;label=32;scalar=64";
    class       surfaceScalarField;
    location    "0.008";
    object      phi;
}
// * * * * * * * * * * * * * * * * * * * * * * * * * * * * * * * * * * * * * //

dimensions      [0 3 -1 0 0 0 0];

oriented        oriented;

internalField   nonuniform List<scalar> 
799
(
2.14794e-32
5.29266e-32
6.97337e-32
6.24633e-32
4.07697e-32
-2.25544e-32
-7.86569e-32
-1.21325e-31
-1.28213e-31
-8.73725e-32
-2.85653e-32
3.66308e-32
7.79415e-32
9.04229e-32
7.14812e-32
3.47964e-32
-1.36545e-32
-6.36655e-32
-1.01404e-31
-1.26889e-31
-1.16332e-31
-7.79046e-32
-1.45017e-32
5.84174e-32
1.01056e-31
1.12114e-31
7.23044e-32
3.45163e-33
-6.11718e-32
-1.12172e-31
-1.13528e-31
-8.48056e-32
-3.71419e-32
1.91649e-32
4.52284e-32
5.74135e-32
4.12461e-32
4.31341e-33
-2.467e-32
-6.05271e-32
-6.87211e-32
-5.55144e-32
-3.13821e-32
1.59499e-32
4.17655e-32
5.26005e-32
3.71874e-32
-1.13163e-32
-5.08536e-32
-8.67646e-32
-8.83508e-32
-5.41951e-32
-1.07338e-32
4.38236e-32
6.84665e-32
6.25134e-32
2.95916e-32
-2.93403e-32
-7.46117e-32
-9.96474e-32
-8.63885e-32
-3.31696e-32
2.89814e-32
8.39431e-32
9.6769e-32
5.6019e-32
-1.77998e-32
-1.01357e-31
-1.46836e-31
-1.29383e-31
-5.80726e-32
4.3596e-32
1.19947e-31
1.36384e-31
8.92082e-32
-4.67038e-33
-9.12831e-32
-1.36019e-31
-1.2461e-31
-6.54621e-32
6.74828e-34
4.95698e-32
6.48207e-32
4.96943e-32
2.54496e-32
-6.22918e-34
-2.03366e-32
-3.86164e-32
-5.90689e-32
-7.14881e-32
-6.96811e-32
-3.87308e-32
1.36495e-32
6.68689e-32
9.93328e-32
8.02376e-32
2.14329e-32
-6.05602e-32
-1.3014e-31
-1.43726e-31
-1.08674e-31
-2.31247e-32
6.74771e-32
1.20487e-31
1.29298e-31
7.11296e-32
-8.35593e-33
-8.23553e-32
-1.26494e-31
-1.097e-31
-6.60669e-32
-3.512e-33
4.29302e-32
5.1317e-32
3.96832e-32
8.87884e-33
-8.14759e-33
-5.83158e-33
6.73267e-33
2.04581e-32
1.03783e-32
-2.02653e-32
-6.19382e-32
-9.28908e-32
-9.1593e-32
-5.70391e-32
2.22234e-33
6.15816e-32
9.9304e-32
1.04582e-31
7.45622e-32
2.21211e-32
-3.89023e-32
-9.42833e-32
-1.26201e-31
-1.28985e-31
-9.53076e-32
-3.12015e-32
4.25126e-32
1.0727e-31
1.32541e-31
1.09966e-31
4.67499e-32
-3.74507e-32
-1.02297e-31
-1.28798e-31
-1.05309e-31
-4.50698e-32
1.7652e-32
6.09512e-32
6.17224e-32
2.71345e-32
-1.98868e-32
-5.70045e-32
-5.75597e-32
-2.47031e-32
2.60527e-32
6.7728e-32
7.0489e-32
3.03936e-32
-4.07795e-32
-1.07687e-31
-1.34702e-31
-1.0388e-31
-2.37834e-32
6.54696e-32
1.23442e-31
1.15397e-31
4.87531e-32
-4.13578e-32
-1.12288e-31
-1.19359e-31
-7.31515e-32
4.11827e-33
6.65981e-32
7.28017e-32
3.66126e-32
-3.25001e-32
-8.23512e-32
-8.4771e-32
-4.87998e-32
2.1886e-32
7.10488e-32
8.41791e-32
5.47837e-32
-1.29158e-32
-6.92236e-32
-1.0603e-31
-9.87099e-32
-5.20242e-32
2.92802e-33
5.84451e-32
8.1035e-32
7.20373e-32
4.00074e-32
-9.0451e-33
-4.71826e-32
-7.19734e-32
-7.63507e-32
-5.93689e-32
-3.35819e-32
1.1375e-33
3.40565e-32
5.56744e-32
6.19698e-32
4.24696e-32
2.44823e-33
-4.42512e-32
-8.11779e-32
-8.46175e-32
-5.09198e-32
6.8646e-33
6.37603e-32
8.44851e-32
5.56917e-32
-1.24283e-32
-8.80112e-32
-1.2556e-31
-9.98527e-32
-1.75455e-32
8.51043e-32
1.51601e-31
1.41496e-31
5.47724e-32
-7.45053e-32
-1.79418e-31
-2.04543e-31
-1.37714e-31
-1.67879e-33
1.3211e-31
2.00334e-31
1.7506e-31
6.13472e-32
-7.54249e-32
-1.75679e-31
-1.97471e-31
-1.28296e-31
-1.63636e-32
9.24522e-32
1.496e-31
1.30829e-31
6.07315e-32
-3.16591e-32
-1.01242e-31
-1.19326e-31
-8.86994e-32
-2.64033e-32
3.32411e-32
6.12024e-32
4.80429e-32
7.99562e-33
-3.48022e-32
-4.98419e-32
-2.64214e-32
1.66247e-32
5.72814e-32
5.9436e-32
1.55948e-32
-4.9677e-32
-1.08657e-31
-1.17793e-31
-6.93771e-32
1.07325e-32
8.99263e-32
1.21346e-31
9.26222e-32
2.61897e-32
-5.03811e-32
-9.50687e-32
-9.3537e-32
-6.3491e-32
-1.75432e-32
1.35386e-32
2.28772e-32
2.4437e-32
1.54501e-32
1.40751e-32
1.32979e-32
3.37038e-33
-5.56439e-33
-2.13774e-32
-2.77018e-32
-2.28539e-32
-1.82609e-32
-1.49267e-32
-2.62147e-32
-4.12513e-32
-4.36979e-32
-2.18202e-32
2.60379e-32
7.61203e-32
9.71993e-32
6.4809e-32
-1.35249e-32
-1.06031e-31
-1.61116e-31
-1.43905e-31
-6.09316e-32
5.41988e-32
1.35209e-31
1.43744e-31
7.7205e-32
-3.22533e-32
-1.17271e-31
-1.43486e-31
-9.92162e-32
-1.52239e-32
5.27284e-32
7.84384e-32
4.79644e-32
-7.88992e-33
-5.00035e-32
-6.05509e-32
-3.07407e-32
7.38427e-33
2.84769e-32
2.02479e-32
-1.79298e-32
-5.2292e-32
-6.53733e-32
-4.60151e-32
-5.23048e-34
3.61066e-32
4.96782e-32
2.56675e-32
-2.4547e-32
-6.58414e-32
-8.40383e-32
-5.67654e-32
-4.14526e-34
5.3018e-32
8.33587e-32
5.82844e-32
-4.69521e-33
-8.08661e-32
-1.39923e-31
-1.39913e-31
-9.29367e-32
-1.2657e-32
5.76925e-32
6.43629e-32
-6.57374e-33
-1.53912e-31
-3.73054e-31
-4.4743e-31
-4.25873e-31
4.06698e-31
2.28922e-30
5.3482e-30
1.16547e-29
1.37518e-29
1.59393e-29
-1.74739e-30
-4.51267e-29
-9.71416e-29
-2.03386e-28
-1.94687e-28
-1.34566e-28
1.52776e-28
7.9632e-28
1.16099e-27
1.80278e-27
1.04048e-27
-7.78086e-28
-3.05407e-27
-7.56116e-27
-7.23224e-27
-5.95059e-27
1.7281e-27
1.68554e-26
2.26464e-26
3.30266e-26
1.66255e-26
-1.36345e-26
-4.10314e-26
-9.05202e-26
-7.13476e-26
-4.22205e-26
3.15441e-26
1.54598e-25
1.62708e-25
1.9197e-25
5.42836e-26
-1.45628e-25
-2.41591e-25
-4.15739e-25
-2.36552e-25
-3.1672e-26
2.19125e-25
5.89166e-25
4.55127e-25
3.83005e-25
-3.71132e-26
-5.44031e-25
-5.80078e-25
-7.54281e-25
-2.54607e-25
2.23599e-25
5.06819e-25
9.15263e-25
5.0683e-25
2.23615e-25
-2.54593e-25
-7.54276e-25
-5.80084e-25
-5.44043e-25
-3.71269e-26
3.82997e-25
4.55126e-25
5.89171e-25
2.19133e-25
-3.16658e-26
-2.3655e-25
-4.15741e-25
-2.41595e-25
-1.45632e-25
5.42806e-26
1.91969e-25
1.62709e-25
1.54599e-25
3.15451e-26
-4.22201e-26
-7.13476e-26
-9.05202e-26
-4.10316e-26
-1.36346e-26
1.66252e-26
3.30263e-26
2.26462e-26
1.68552e-26
1.728e-27
-5.95061e-27
-7.23218e-27
-7.56106e-27
-3.05401e-27
-7.78051e-28
1.04045e-27
1.8027e-27
1.16089e-27
7.96215e-28
1.52729e-28
-1.34548e-28
-1.94583e-28
-2.03231e-28
-9.70008e-29
-4.50454e-29
-1.78679e-30
1.58026e-29
1.3568e-29
1.14977e-29
5.30488e-30
2.36844e-30
5.9227e-31
-2.06226e-31
-2.81667e-31
-3.04887e-31
-2.09176e-31
-1.50421e-31
-1.07491e-31
-8.75726e-32
-7.19545e-32
-5.03992e-32
-9.2234e-33
4.458e-32
8.75425e-32
9.90229e-32
6.49354e-32
-5.49793e-33
-7.63842e-32
-1.2067e-31
-1.11253e-31
-5.49391e-32
1.92608e-32
8.55707e-32
1.08453e-31
9.01157e-32
3.85387e-32
-2.5754e-32
-7.09314e-32
-9.08994e-32
-7.17228e-32
-2.46293e-32
3.07786e-32
7.75826e-32
8.89388e-32
6.03019e-32
1.79352e-33
-6.38822e-32
-1.02291e-31
-9.08016e-32
-3.55123e-32
4.51068e-32
1.08024e-31
1.18363e-31
7.7284e-32
-8.35523e-33
-8.7213e-32
-1.22947e-31
-1.04935e-31
-2.83855e-32
5.49176e-32
1.14289e-31
1.22471e-31
6.65387e-32
-1.38848e-32
-9.3127e-32
-1.29493e-31
-1.01211e-31
-2.63567e-32
7.10488e-32
1.41754e-31
1.48996e-31
8.75155e-32
-2.24807e-32
-1.30677e-31
-1.81955e-31
-1.5155e-31
-4.75227e-32
8.31603e-32
1.75416e-31
1.90059e-31
1.17753e-31
-2.9235e-33
-1.14256e-31
-1.68274e-31
-1.44051e-31
-6.4305e-32
3.35067e-32
1.0134e-31
1.1942e-31
8.85364e-32
2.70225e-32
-2.89221e-32
-6.7807e-32
-7.01467e-32
-4.61384e-32
-1.06016e-32
2.81197e-32
4.0911e-32
3.82771e-32
1.3656e-32
-1.62666e-32
-2.57112e-32
-2.43397e-32
5.5551e-33
3.20965e-32
3.91912e-32
2.82728e-32
-1.64088e-32
-5.13625e-32
-6.75174e-32
-5.29623e-32
-8.01969e-34
4.49893e-32
7.72483e-32
7.38323e-32
3.59126e-32
-2.91146e-33
-3.8007e-32
-4.8321e-32
-4.18995e-32
-3.88353e-32
-3.47344e-32
-3.63294e-32
-2.28193e-32
1.91504e-32
7.29e-32
1.23874e-31
1.27633e-31
6.5596e-32
-4.11126e-32
-1.60351e-31
-2.1822e-31
-1.81393e-31
-5.85312e-32
1.12351e-31
2.34796e-31
2.58446e-31
1.63447e-31
-1.94186e-32
-1.88888e-31
-2.82064e-31
-2.44431e-31
-9.07369e-32
9.30032e-32
2.39325e-31
2.6531e-31
1.67667e-31
2.90168e-33
-1.65237e-31
-2.41051e-31
-2.07194e-31
-8.60451e-32
6.94851e-32
1.70333e-31
1.9309e-31
1.30443e-31
1.96324e-32
-7.46749e-32
-1.32628e-31
-1.28823e-31
-8.43444e-32
-2.86979e-32
2.88901e-32
6.14387e-32
7.90331e-32
7.8265e-32
5.77031e-32
3.00896e-32
-1.10463e-32
-4.67798e-32
-7.25526e-32
-8.15872e-32
-6.77743e-32
-4.14045e-32
-1.96129e-33
3.55289e-32
6.8035e-32
8.34612e-32
7.56063e-32
4.807e-32
-2.22436e-33
-4.81678e-32
-8.51246e-32
-9.47874e-32
-7.09006e-32
-3.52686e-32
1.6062e-32
5.14739e-32
6.90356e-32
7.12323e-32
4.54971e-32
1.78856e-32
-1.981e-32
-5.32957e-32
-6.78845e-32
-7.12143e-32
-4.55091e-32
-8.64487e-33
3.0374e-32
6.17727e-32
6.48211e-32
4.88317e-32
1.34093e-32
-2.55562e-32
-5.23473e-32
-6.37031e-32
-5.20515e-32
-2.62604e-32
5.96136e-33
3.35022e-32
4.65789e-32
4.05515e-32
2.00718e-32
-4.97733e-33
-2.42532e-32
-2.46985e-32
-1.6361e-32
-2.80645e-33
1.37223e-33
-1.1849e-32
-2.31352e-32
-3.02356e-32
-1.03188e-32
2.88508e-32
6.19849e-32
7.59057e-32
4.1096e-32
-2.0508e-32
-8.29639e-32
-1.13291e-31
-8.13201e-32
-1.06558e-32
7.39407e-32
1.2217e-31
1.07778e-31
4.33605e-32
-4.62991e-32
-1.05097e-31
-1.10654e-31
-6.04592e-32
1.96016e-32
7.9091e-32
9.6799e-32
5.92424e-32
-7.00256e-33
-6.20134e-32
-8.27458e-32
-5.08114e-32
8.30905e-33
6.36234e-32
8.81287e-32
6.07556e-32
2.58214e-33
-6.17593e-32
-1.01334e-31
-9.04299e-32
-4.11452e-32
3.01047e-32
9.25379e-32
1.14822e-31
9.69382e-32
4.0747e-32
-3.10744e-32
-8.73861e-32
-1.18618e-31
-1.07711e-31
-6.19397e-32
5.08096e-34
6.95705e-32
1.14618e-31
1.2659e-31
9.91026e-32
3.18403e-32
-4.65278e-32
-1.17162e-31
-1.48428e-31
-1.23244e-31
-5.21446e-32
4.62374e-32
1.26821e-31
1.56563e-31
1.22039e-31
3.31233e-32
-6.71021e-32
-1.35977e-31
-1.42265e-31
-8.2433e-32
1.13667e-32
9.54392e-32
1.30887e-31
9.99573e-32
2.36709e-32
-6.14327e-32
-1.14579e-31
-1.06209e-31
-4.94859e-32
3.24256e-32
9.72012e-32
1.08809e-31
7.40866e-32
-4.26563e-34
-6.94311e-32
-9.84714e-32
-8.63509e-32
-2.45767e-32
3.98922e-32
8.22613e-32
9.0293e-32
4.73685e-32
-4.29874e-33
-5.31076e-32
-7.59892e-32
-5.68932e-32
-2.42554e-32
2.03712e-32
5.0667e-32
5.58144e-32
4.72695e-32
2.24711e-32
8.91495e-35
-1.33416e-32
-2.09024e-32
-1.91602e-32
-1.69806e-32
-1.9014e-32
-1.80292e-32
-1.80601e-32
-8.34893e-33
1.44362e-32
3.83734e-32
6.76137e-32
7.63246e-32
6.25688e-32
2.77296e-32
-2.99742e-32
-7.31853e-32
-9.84767e-32
-8.30114e-32
-2.88182e-32
3.6121e-32
1.00308e-31
1.24841e-31
1.1072e-31
6.00777e-32
-2.30735e-33
-4.99742e-32
-6.90559e-32
-4.62449e-32
-1.39261e-32
3.6552e-32
5.87228e-32
6.12085e-32
5.60957e-32
1.32417e-32
5.85377e-33
-2.45774e-32
-2.87202e-32
-6.71748e-33
)
;

boundaryField
{
    left
    {
        type            calculated;
        value           uniform 0;
    }
    right
    {
        type            calculated;
        value           uniform 0;
    }
    empty
    {
        type            empty;
        value           nonuniform List<scalar> 0();
    }
}


// ************************************************************************* //
