/*--------------------------------*- C++ -*----------------------------------*\
| =========                 |                                                 |
| \\      /  F ield         | OpenFOAM: The Open Source CFD Toolbox           |
|  \\    /   O peration     | Version:  2106                                  |
|   \\  /    A nd           | Website:  www.openfoam.com                      |
|    \\/     M anipulation  |                                                 |
\*---------------------------------------------------------------------------*/
FoamFile
{
    version     2.0;
    format      ascii;
    arch        "LSB;label=32;scalar=64";
    class       surfaceScalarField;
    location    "0.014";
    object      phi;
}
// * * * * * * * * * * * * * * * * * * * * * * * * * * * * * * * * * * * * * //

dimensions      [0 3 -1 0 0 0 0];

oriented        oriented;

internalField   nonuniform List<scalar> 
799
(
2.07271e-32
5.14389e-32
6.75023e-32
5.95142e-32
3.71105e-32
-2.68998e-32
-8.36741e-32
-1.26976e-31
-1.34484e-31
-9.42186e-32
-3.59607e-32
2.87263e-32
6.95582e-32
8.1602e-32
6.22557e-32
2.52037e-32
-2.35761e-32
-7.3888e-32
-1.11887e-31
-1.37603e-31
-1.27247e-31
-8.8993e-32
-2.57292e-32
4.70679e-32
8.96144e-32
1.00599e-31
6.07477e-32
-8.14307e-33
-7.2778e-32
-1.23788e-31
-1.25125e-31
-9.63898e-32
-4.86967e-32
7.64278e-33
3.37508e-32
4.59811e-32
2.98661e-32
-7.01441e-33
-3.59397e-32
-7.17433e-32
-7.98795e-32
-6.66172e-32
-4.24261e-32
4.96604e-33
3.08394e-32
4.1731e-32
2.63725e-32
-2.2076e-32
-6.1559e-32
-9.7419e-32
-9.89549e-32
-6.47521e-32
-2.1244e-32
3.33592e-32
5.80465e-32
5.21369e-32
1.92578e-32
-3.96343e-32
-8.48658e-32
-1.09862e-31
-9.65658e-32
-4.33063e-32
1.88837e-32
7.38833e-32
8.67451e-32
4.6032e-32
-2.77545e-32
-1.11278e-31
-1.56727e-31
-1.39242e-31
-6.79046e-32
3.37978e-32
1.10182e-31
1.26651e-31
7.95063e-32
-1.43367e-32
-1.00913e-31
-1.45615e-31
-1.34176e-31
-7.49954e-32
-8.82317e-33
4.01088e-32
5.53966e-32
4.03114e-32
1.61113e-32
-9.92004e-33
-2.95871e-32
-4.78225e-32
-6.82261e-32
-8.05957e-32
-7.8736e-32
-4.7727e-32
4.71072e-33
5.79901e-32
9.05127e-32
7.14806e-32
1.27401e-32
-6.91889e-32
-1.38705e-31
-1.52224e-31
-1.17102e-31
-3.14829e-32
5.91915e-32
1.12272e-31
1.21149e-31
6.30481e-32
-1.63726e-32
-9.03096e-32
-1.34389e-31
-1.17536e-31
-7.3844e-32
-1.12284e-32
3.52731e-32
4.37156e-32
3.21359e-32
1.37975e-33
-1.5597e-32
-1.32323e-32
-6.22824e-34
1.31433e-32
3.10081e-33
-2.75094e-32
-6.91529e-32
-1.00077e-31
-9.87551e-32
-6.41741e-32
-4.89382e-33
5.44843e-32
9.22197e-32
9.75085e-32
6.74955e-32
1.50584e-32
-4.59635e-32
-1.01344e-31
-1.33265e-31
-1.36056e-31
-1.02392e-31
-3.82993e-32
3.53994e-32
1.00138e-31
1.25389e-31
1.02791e-31
3.95512e-32
-4.46757e-32
-1.09548e-31
-1.36076e-31
-1.12616e-31
-5.24064e-32
1.02817e-32
5.35499e-32
5.42871e-32
1.96671e-32
-2.73883e-32
-6.45367e-32
-6.51235e-32
-3.22894e-32
1.8443e-32
6.0095e-32
6.28335e-32
2.27169e-32
-4.84732e-32
-1.15397e-31
-1.42426e-31
-1.11612e-31
-3.15196e-32
5.77345e-32
1.15712e-31
1.07677e-31
4.10434e-32
-4.90555e-32
-1.19966e-31
-1.27013e-31
-8.078e-32
-3.47951e-33
5.90267e-32
6.5265e-32
2.91135e-32
-3.99585e-32
-8.97671e-32
-9.21452e-32
-5.61284e-32
1.46051e-32
6.3816e-32
7.69967e-32
4.76517e-32
-1.99951e-32
-7.62488e-32
-1.12999e-31
-1.05622e-31
-5.88823e-32
-3.87894e-33
5.16923e-32
7.43319e-32
6.53819e-32
3.33976e-32
-1.56098e-32
-5.37018e-32
-7.845e-32
-8.27881e-32
-6.57703e-32
-3.99488e-32
-5.19098e-33
2.77611e-32
4.94121e-32
5.57369e-32
3.62634e-32
-3.73215e-33
-5.04067e-32
-8.73123e-32
-9.07294e-32
-5.70166e-32
7.89462e-34
5.77027e-32
7.84455e-32
4.96678e-32
-1.84363e-32
-9.40057e-32
-1.31547e-31
-1.05831e-31
-2.35129e-32
7.91459e-32
1.4565e-31
1.35552e-31
4.88396e-32
-8.04309e-32
-1.85335e-31
-2.1045e-31
-1.43617e-31
-7.57733e-33
1.26213e-31
1.94442e-31
1.69175e-31
5.54682e-32
-8.1299e-32
-1.81549e-31
-2.03336e-31
-1.34157e-31
-2.22219e-32
8.66006e-32
1.43756e-31
1.24992e-31
5.48995e-32
-3.7485e-32
-1.07064e-31
-1.25146e-31
-9.45145e-32
-3.22127e-32
2.7434e-32
5.539e-32
4.22305e-32
2.18172e-33
-4.06191e-32
-5.56679e-32
-3.22563e-32
1.07792e-32
5.14216e-32
5.35619e-32
9.70112e-33
-5.55932e-32
-1.14599e-31
-1.23761e-31
-7.53716e-32
4.70649e-33
8.38668e-32
1.15249e-31
8.64863e-32
2.00087e-32
-5.66103e-32
-1.0134e-31
-9.98625e-32
-6.98691e-32
-2.39808e-32
7.03863e-33
1.63095e-32
1.7801e-32
8.74417e-33
7.29371e-33
6.43531e-33
-3.5735e-33
-1.25862e-32
-2.84823e-32
-3.48924e-32
-3.01318e-32
-2.56246e-32
-2.23784e-32
-3.37559e-32
-4.88828e-32
-5.14246e-32
-2.9642e-32
1.8121e-32
6.81098e-32
8.90968e-32
5.66118e-32
-2.18202e-32
-1.14423e-31
-1.69603e-31
-1.52487e-31
-6.96073e-32
4.54298e-32
1.26349e-31
1.34791e-31
6.81531e-32
-4.14045e-32
-1.26525e-31
-1.5284e-31
-1.08675e-31
-2.47873e-32
4.30536e-32
6.86477e-32
3.80514e-32
-1.79288e-32
-6.01748e-32
-7.08577e-32
-4.11878e-32
-3.21013e-33
1.77382e-32
9.35374e-33
-2.89615e-32
-6.34774e-32
-7.66686e-32
-5.74283e-32
-1.1976e-32
2.46111e-32
3.82812e-32
1.43863e-32
-3.54862e-32
-7.63763e-32
-9.38274e-32
-6.5668e-32
-7.94822e-33
4.71349e-32
7.97897e-32
5.75321e-32
-1.75327e-33
-7.34009e-32
-1.26819e-31
-1.19876e-31
-6.45758e-32
2.59519e-32
1.0827e-31
1.2962e-31
7.54874e-32
-5.1396e-32
-2.47462e-31
-2.94037e-31
-2.41423e-31
6.28065e-31
2.55158e-30
5.65849e-30
1.2018e-29
1.4176e-29
1.64308e-29
-1.18023e-30
-4.44762e-29
-9.63989e-29
-2.02542e-28
-1.93734e-28
-1.33493e-28
1.53976e-28
7.97658e-28
1.16248e-27
1.80442e-27
1.04228e-27
-7.76118e-28
-3.05193e-27
-7.55884e-27
-7.22974e-27
-5.94791e-27
1.73096e-27
1.68585e-26
2.26496e-26
3.303e-26
1.6629e-26
-1.36308e-26
-4.10275e-26
-9.05162e-26
-7.13435e-26
-4.22163e-26
3.15484e-26
1.54603e-25
1.62713e-25
1.91975e-25
5.42881e-26
-1.45624e-25
-2.41586e-25
-4.15735e-25
-2.36548e-25
-3.16677e-26
2.19129e-25
5.89171e-25
4.55131e-25
3.83009e-25
-3.71092e-26
-5.44027e-25
-5.80075e-25
-7.54277e-25
-2.54603e-25
2.23603e-25
5.06823e-25
9.15267e-25
5.06833e-25
2.23618e-25
-2.5459e-25
-7.54272e-25
-5.8008e-25
-5.44039e-25
-3.71231e-26
3.83e-25
4.5513e-25
5.89175e-25
2.19137e-25
-3.16616e-26
-2.36546e-25
-4.15736e-25
-2.41591e-25
-1.45628e-25
5.42849e-26
1.91974e-25
1.62713e-25
1.54603e-25
3.15492e-26
-4.2216e-26
-7.13436e-26
-9.05164e-26
-4.10279e-26
-1.36311e-26
1.66286e-26
3.30295e-26
2.26493e-26
1.68581e-26
1.73076e-27
-5.94803e-27
-7.22978e-27
-7.55883e-27
-3.05195e-27
-7.76156e-28
1.04218e-27
1.80428e-27
1.16232e-27
7.97506e-28
1.53887e-28
-1.33512e-28
-1.93662e-28
-2.02415e-28
-9.62818e-29
-4.44148e-29
-1.23615e-30
1.62807e-29
1.39816e-29
1.1853e-29
5.60943e-30
2.62712e-30
8.1179e-31
-2.19857e-32
-1.27039e-31
-1.76778e-31
-1.03006e-31
-6.37086e-32
-3.67048e-32
-3.0705e-32
-2.63973e-32
-1.45167e-32
1.8823e-32
6.61131e-32
1.03802e-31
1.11069e-31
7.35545e-32
5.25117e-34
-7.24902e-32
-1.18272e-31
-1.10097e-31
-5.45624e-32
1.89791e-32
8.49523e-32
1.07547e-31
8.91343e-32
3.74902e-32
-2.67411e-32
-7.18643e-32
-9.17089e-32
-7.243e-32
-2.51996e-32
3.03272e-32
7.72636e-32
8.87372e-32
6.02229e-32
1.8176e-33
-6.37588e-32
-1.02076e-31
-9.05022e-32
-3.51392e-32
4.55462e-32
1.0852e-31
1.18916e-31
7.78911e-32
-7.70635e-33
-8.65254e-32
-1.22224e-31
-1.0418e-31
-2.76019e-32
5.57226e-32
1.15108e-31
1.23303e-31
6.73728e-32
-1.30497e-32
-9.22923e-32
-1.2866e-31
-1.00386e-31
-2.55404e-32
7.18492e-32
1.42543e-31
1.49765e-31
8.82648e-32
-2.17495e-32
-1.29963e-31
-1.8126e-31
-1.50879e-31
-4.6875e-32
8.37821e-32
1.76009e-31
1.90631e-31
1.18308e-31
-2.38484e-33
-1.13732e-31
-1.67776e-31
-1.4358e-31
-6.38626e-32
3.3931e-32
1.0174e-31
1.19799e-31
8.88922e-32
2.73497e-32
-2.86166e-32
-6.7523e-32
-6.98806e-32
-4.58952e-32
-1.03857e-32
2.83025e-32
4.1075e-32
3.84178e-32
1.37764e-32
-1.6169e-32
-2.56367e-32
-2.42908e-32
5.57918e-33
3.20941e-32
3.91581e-32
2.82043e-32
-1.65111e-32
-5.15009e-32
-6.76957e-32
-5.3185e-32
-1.06979e-33
4.46763e-32
7.68909e-32
7.34283e-32
3.54638e-32
-3.40498e-33
-3.85487e-32
-4.8909e-32
-4.25345e-32
-3.95154e-32
-3.54597e-32
-3.71012e-32
-2.364e-32
1.82835e-32
7.19883e-32
1.22921e-31
1.26641e-31
6.45683e-32
-4.21764e-32
-1.61447e-31
-2.19347e-31
-1.82545e-31
-5.97108e-32
1.11147e-31
2.33573e-31
2.57206e-31
1.62193e-31
-2.06849e-32
-1.90163e-31
-2.83345e-31
-2.45719e-31
-9.20339e-32
9.17013e-32
2.38019e-31
2.64004e-31
1.66357e-31
1.59679e-33
-1.66538e-31
-2.42348e-31
-2.08488e-31
-8.73326e-32
6.82005e-32
1.69049e-31
1.91808e-31
1.29161e-31
1.83475e-32
-7.59629e-32
-1.3392e-31
-1.30123e-31
-8.56535e-32
-3.00197e-32
2.75589e-32
6.00905e-32
7.76706e-32
7.68867e-32
5.6302e-32
2.86655e-32
-1.24975e-32
-4.82568e-32
-7.40558e-32
-8.31201e-32
-6.93384e-32
-4.30009e-32
-3.58328e-33
3.38768e-32
6.63532e-32
8.17501e-32
7.38684e-32
4.63006e-32
-4.02329e-33
-4.99937e-32
-8.69768e-32
-9.66681e-32
-7.28009e-32
-3.71862e-32
1.41315e-32
4.95287e-32
6.7072e-32
6.92552e-32
4.3511e-32
1.58979e-32
-2.17991e-32
-5.52872e-32
-6.98736e-32
-7.31989e-32
-4.74883e-32
-1.06148e-32
2.8418e-32
5.98332e-32
6.28952e-32
4.6925e-32
1.15375e-32
-2.73888e-32
-5.4142e-32
-6.5453e-32
-5.37589e-32
-2.7923e-32
4.34839e-33
3.19434e-32
4.50713e-32
3.90937e-32
1.86695e-32
-6.32247e-33
-2.55472e-32
-2.59323e-32
-1.75371e-32
-3.92348e-33
3.16537e-34
-1.28435e-32
-2.40696e-32
-3.11098e-32
-1.11373e-32
2.80924e-32
6.12837e-32
7.52602e-32
4.05092e-32
-2.10376e-32
-8.34364e-32
-1.13711e-31
-8.16895e-32
-1.09823e-32
7.36608e-32
1.21935e-31
1.07583e-31
4.3204e-32
-4.64224e-32
-1.05189e-31
-1.10718e-31
-6.04983e-32
1.95866e-32
7.90978e-32
9.68261e-32
5.92864e-32
-6.94388e-33
-6.19427e-32
-8.26657e-32
-5.07242e-32
8.40052e-33
6.37182e-32
8.82244e-32
6.08496e-32
2.67486e-33
-6.16679e-32
-1.01241e-31
-9.03359e-32
-4.10513e-32
3.01965e-32
9.26267e-32
1.14906e-31
9.70142e-32
4.08169e-32
-3.10045e-32
-8.73168e-32
-1.18551e-31
-1.07644e-31
-6.18735e-32
5.69409e-34
6.96261e-32
1.14666e-31
1.26631e-31
9.91342e-32
3.18629e-32
-4.65127e-32
-1.17158e-31
-1.48428e-31
-1.23242e-31
-5.21385e-32
4.62479e-32
1.26844e-31
1.56599e-31
1.2209e-31
3.31973e-32
-6.70043e-32
-1.35847e-31
-1.42107e-31
-8.22389e-32
1.15997e-32
9.57135e-32
1.31206e-31
1.00323e-31
2.40862e-32
-6.09647e-32
-1.14056e-31
-1.05631e-31
-4.88472e-32
3.31298e-32
9.79716e-32
1.09652e-31
7.50074e-32
5.72513e-34
-6.83501e-32
-9.73016e-32
-8.5087e-32
-2.32165e-32
4.13511e-32
8.38231e-32
9.19662e-32
4.91612e-32
-2.38033e-33
-5.1054e-32
-7.37902e-32
-5.45459e-32
-2.17562e-32
2.30344e-32
5.35025e-32
5.88259e-32
5.04639e-32
2.58528e-32
3.66717e-33
-9.56044e-33
-1.69106e-32
-1.4953e-32
-1.25534e-32
-1.4364e-32
-1.3153e-32
-1.29586e-32
-3.02497e-33
1.99808e-32
4.41279e-32
7.35705e-32
8.24737e-32
6.88961e-32
3.42199e-32
-2.33442e-32
-6.64401e-32
-9.16385e-32
-7.61033e-32
-2.18728e-32
4.30735e-32
1.07229e-31
1.31696e-31
1.1747e-31
6.6674e-32
4.09335e-33
-4.38076e-32
-6.31645e-32
-4.06732e-32
-8.71333e-33
4.13729e-32
6.31118e-32
6.51265e-32
5.95203e-32
1.61402e-32
8.19874e-33
-2.28042e-32
-2.75297e-32
-6.12165e-33
)
;

boundaryField
{
    left
    {
        type            calculated;
        value           uniform 0;
    }
    right
    {
        type            calculated;
        value           uniform 0;
    }
    empty
    {
        type            empty;
        value           nonuniform List<scalar> 0();
    }
}


// ************************************************************************* //
