/*--------------------------------*- C++ -*----------------------------------*\
| =========                 |                                                 |
| \\      /  F ield         | OpenFOAM: The Open Source CFD Toolbox           |
|  \\    /   O peration     | Version:  2106                                  |
|   \\  /    A nd           | Website:  www.openfoam.com                      |
|    \\/     M anipulation  |                                                 |
\*---------------------------------------------------------------------------*/
FoamFile
{
    version     2.0;
    format      ascii;
    arch        "LSB;label=32;scalar=64";
    class       surfaceScalarField;
    location    "0.105";
    object      phi;
}
// * * * * * * * * * * * * * * * * * * * * * * * * * * * * * * * * * * * * * //

dimensions      [0 3 -1 0 0 0 0];

oriented        oriented;

internalField   nonuniform List<scalar> 
799
(
1.69196e-32
4.38339e-32
5.61078e-32
4.4343e-32
1.81786e-32
-4.95566e-32
-1.10029e-31
-1.56996e-31
-1.68132e-31
-1.31454e-31
-7.67333e-32
-1.55338e-32
2.18622e-32
3.05253e-32
7.86077e-33
-3.2446e-32
-8.44159e-32
-1.37844e-31
-1.78889e-31
-2.07578e-31
-2.00119e-31
-1.64692e-31
-1.04178e-31
-3.40544e-32
5.89967e-33
1.43687e-32
-2.79192e-32
-9.91613e-32
-1.66077e-31
-2.1929e-31
-2.22756e-31
-1.96073e-31
-1.50356e-31
-9.59185e-32
-7.16367e-32
-6.1161e-32
-7.89578e-32
-1.17451e-31
-1.4792e-31
-1.85199e-31
-1.94738e-31
-1.82819e-31
-1.59909e-31
-1.13738e-31
-8.90268e-32
-7.92392e-32
-9.56442e-32
-1.45086e-31
-1.85508e-31
-2.22252e-31
-2.24622e-31
-1.91203e-31
-1.48431e-31
-9.45173e-32
-7.04743e-32
-7.69841e-32
-1.10422e-31
-1.69829e-31
-2.15538e-31
-2.40972e-31
-2.28075e-31
-1.75184e-31
-1.13327e-31
-5.86258e-32
-4.60297e-32
-8.6976e-32
-1.60958e-31
-2.44649e-31
-2.90235e-31
-2.72862e-31
-2.01609e-31
-9.99701e-32
-2.36205e-32
-7.15904e-33
-5.42856e-32
-1.48093e-31
-2.34605e-31
-2.79227e-31
-2.67686e-31
-2.08386e-31
-1.42073e-31
-9.29818e-32
-7.75174e-32
-9.24093e-32
-1.16402e-31
-1.42206e-31
-1.61632e-31
-1.79613e-31
-1.99749e-31
-2.1184e-31
-2.09692e-31
-1.78382e-31
-1.25633e-31
-7.20328e-32
-3.91761e-32
-5.78697e-32
-1.16262e-31
-1.97837e-31
-2.66993e-31
-2.80146e-31
-2.44654e-31
-1.58664e-31
-6.76152e-32
-1.41578e-32
-4.9036e-33
-6.26189e-32
-1.41652e-31
-2.15203e-31
-2.58894e-31
-2.41658e-31
-1.97581e-31
-1.34587e-31
-8.77096e-32
-7.88939e-32
-9.01023e-32
-1.20492e-31
-1.37108e-31
-1.34387e-31
-1.21426e-31
-1.07313e-31
-1.17014e-31
-1.47289e-31
-1.88602e-31
-2.19202e-31
-2.17564e-31
-1.82673e-31
-1.23086e-31
-6.34112e-32
-2.53867e-32
-1.98158e-32
-4.95541e-32
-1.01722e-31
-1.62481e-31
-2.17601e-31
-2.49268e-31
-2.5181e-31
-2.17904e-31
-1.53575e-31
-7.96442e-32
-1.46782e-32
1.07964e-32
-1.15842e-32
-7.46106e-32
-1.58628e-31
-2.23292e-31
-2.49616e-31
-2.25948e-31
-1.65534e-31
-1.02641e-31
-5.91697e-32
-5.82281e-32
-9.26448e-32
-1.39495e-31
-1.76436e-31
-1.76809e-31
-1.4376e-31
-9.28095e-32
-5.09348e-32
-4.79692e-32
-8.78525e-32
-1.58807e-31
-2.25485e-31
-2.52259e-31
-2.21189e-31
-1.40829e-31
-5.13007e-32
6.95667e-33
-7.84666e-34
-6.71126e-32
-1.56896e-31
-2.27481e-31
-2.34192e-31
-1.87612e-31
-1.09947e-31
-4.70589e-32
-4.04355e-32
-7.61844e-32
-1.44831e-31
-1.94201e-31
-1.96121e-31
-1.59633e-31
-8.8412e-32
-3.86916e-32
-2.49838e-32
-5.37786e-32
-1.2086e-31
-1.76521e-31
-2.12657e-31
-2.04645e-31
-1.5724e-31
-1.01542e-31
-4.52518e-32
-2.18563e-32
-3.00178e-32
-6.11784e-32
-1.09326e-31
-1.46522e-31
-1.70333e-31
-1.73688e-31
-1.55638e-31
-1.28735e-31
-9.28449e-32
-5.8706e-32
-3.58073e-32
-2.81735e-32
-4.62666e-32
-8.48111e-32
-1.2996e-31
-1.65258e-31
-1.66984e-31
-1.31481e-31
-7.17868e-32
-1.28827e-32
9.95916e-33
-1.6601e-32
-8.23636e-32
-1.5546e-31
-1.90386e-31
-1.61908e-31
-7.66701e-32
2.90703e-32
9.88273e-32
9.21738e-32
9.10002e-33
-1.16321e-31
-2.17161e-31
-2.37976e-31
-1.66593e-31
-2.57454e-32
1.13126e-31
1.86726e-31
1.67134e-31
5.94235e-32
-7.10087e-32
-1.64566e-31
-1.79286e-31
-1.02642e-31
1.71694e-32
1.3431e-31
2.00245e-31
1.90744e-31
1.30425e-31
4.83477e-32
-1.03655e-32
-1.69903e-32
2.57164e-32
1.0074e-31
1.73793e-31
2.1587e-31
2.17576e-31
1.93178e-31
1.66846e-31
1.69124e-31
2.10763e-31
2.72958e-31
3.33749e-31
3.57061e-31
3.35446e-31
2.93519e-31
2.59056e-31
2.75657e-31
3.51088e-31
4.59539e-31
5.68464e-31
6.31061e-31
6.35018e-31
6.02841e-31
5.62158e-31
5.55068e-31
5.95967e-31
6.67232e-31
7.56316e-31
8.32534e-31
8.89084e-31
9.40013e-31
9.82644e-31
1.03522e-30
1.09081e-30
1.13977e-30
1.19233e-30
1.24071e-30
1.30139e-30
1.37615e-30
1.45367e-30
1.53306e-30
1.60106e-30
1.66866e-30
1.75231e-30
1.86388e-30
2.00513e-30
2.15245e-30
2.27473e-30
2.34763e-30
2.37882e-30
2.40021e-30
2.46354e-30
2.60382e-30
2.81466e-30
3.06262e-30
3.28156e-30
3.4333e-30
3.51538e-30
3.56012e-30
3.63506e-30
3.77473e-30
3.99097e-30
4.25321e-30
4.50584e-30
4.72287e-30
4.89051e-30
5.03978e-30
5.20997e-30
5.4191e-30
5.67617e-30
5.94932e-30
6.21342e-30
6.45636e-30
6.67775e-30
6.91153e-30
7.1754e-30
7.48071e-30
7.82142e-30
8.16268e-30
8.49061e-30
8.7908e-30
9.07499e-30
9.37839e-30
9.71557e-30
1.0109e-29
1.05426e-29
1.09846e-29
1.14151e-29
1.1802e-29
1.21631e-29
1.25233e-29
1.29132e-29
1.33752e-29
1.3897e-29
1.44658e-29
1.50379e-29
1.55606e-29
1.60193e-29
1.64167e-29
1.67561e-29
1.72559e-29
1.78656e-29
1.93027e-29
2.18037e-29
2.54979e-29
3.24537e-29
3.52167e-29
3.80844e-29
2.10939e-29
-2.15751e-29
-7.2865e-29
-1.7837e-28
-1.6892e-28
-1.08034e-28
1.80083e-28
8.24414e-28
1.18988e-27
1.83247e-27
1.07098e-27
-7.4678e-28
-3.02196e-27
-7.52824e-27
-7.19851e-27
-5.91606e-27
1.76342e-27
1.68915e-26
2.26833e-26
3.30642e-26
1.66638e-26
-1.35955e-26
-4.09917e-26
-9.04799e-26
-7.13067e-26
-4.2179e-26
3.15861e-26
1.54641e-25
1.62751e-25
1.92014e-25
5.43274e-26
-1.45584e-25
-2.41546e-25
-4.15695e-25
-2.36507e-25
-3.16269e-26
2.1917e-25
5.89212e-25
4.55173e-25
3.83051e-25
-3.70674e-26
-5.43985e-25
-5.80033e-25
-7.54235e-25
-2.54561e-25
2.23645e-25
5.06865e-25
9.15309e-25
5.06875e-25
2.2366e-25
-2.54548e-25
-7.5423e-25
-5.80038e-25
-5.43998e-25
-3.70815e-26
3.83042e-25
4.55171e-25
5.89216e-25
2.19178e-25
-3.16212e-26
-2.36506e-25
-4.15696e-25
-2.41551e-25
-1.45589e-25
5.43237e-26
1.92012e-25
1.62751e-25
1.54641e-25
3.15864e-26
-4.21793e-26
-7.13074e-26
-9.04806e-26
-4.09927e-26
-1.35963e-26
1.66628e-26
3.30632e-26
2.26823e-26
1.68906e-26
1.76264e-27
-5.91675e-27
-7.19911e-27
-7.52878e-27
-3.02253e-27
-7.47365e-28
1.07034e-27
1.8318e-27
1.1892e-27
8.23747e-28
1.79489e-28
-1.08546e-28
-1.69331e-28
-1.78715e-28
-7.32081e-29
-2.19623e-29
2.06013e-29
3.75099e-29
3.46102e-29
3.18888e-29
2.50614e-29
2.15043e-29
1.91239e-29
1.7735e-29
1.70852e-29
1.65013e-29
1.60519e-29
1.5579e-29
1.51051e-29
1.46215e-29
1.41476e-29
1.36927e-29
1.32708e-29
1.28742e-29
1.24794e-29
1.20655e-29
1.1618e-29
1.11461e-29
1.06852e-29
1.02624e-29
9.90416e-30
9.6038e-30
9.33181e-30
9.06239e-30
8.75958e-30
8.42551e-30
8.0678e-30
7.70688e-30
7.37425e-30
7.07587e-30
6.82539e-30
6.61143e-30
6.41414e-30
6.21642e-30
5.99121e-30
5.73377e-30
5.45402e-30
5.17446e-30
4.92935e-30
4.74114e-30
4.60352e-30
4.49785e-30
4.38093e-30
4.21769e-30
4.00913e-30
3.76192e-30
3.52724e-30
3.34128e-30
3.21448e-30
3.15148e-30
3.10035e-30
3.03023e-30
2.91373e-30
2.73777e-30
2.54184e-30
2.35146e-30
2.20819e-30
2.13368e-30
2.10971e-30
2.11213e-30
2.09157e-30
2.01114e-30
1.86547e-30
1.67464e-30
1.48886e-30
1.36313e-30
1.32212e-30
1.35764e-30
1.42265e-30
1.45194e-30
1.40626e-30
1.27616e-30
1.10013e-30
9.35794e-31
8.31033e-31
8.06691e-31
8.39967e-31
8.93343e-31
9.18679e-31
8.96131e-31
8.26417e-31
7.27799e-31
6.3641e-31
5.63675e-31
5.29016e-31
5.22175e-31
5.28267e-31
5.38896e-31
5.24893e-31
4.96703e-31
4.47717e-31
3.9457e-31
3.62995e-31
3.43282e-31
3.53091e-31
3.60504e-31
3.49383e-31
3.21126e-31
2.59944e-31
2.09293e-31
1.78205e-31
1.78556e-31
2.17212e-31
2.50163e-31
2.70225e-31
2.55223e-31
2.06297e-31
1.57017e-31
1.11994e-31
9.22605e-32
8.97423e-32
8.43241e-32
8.03767e-32
7.11526e-32
7.74221e-32
1.12533e-31
1.59783e-31
2.04601e-31
2.02528e-31
1.3497e-31
2.30359e-32
-1.01145e-31
-1.63692e-31
-1.31291e-31
-1.26145e-32
1.54309e-31
2.73014e-31
2.93133e-31
1.94799e-31
8.78292e-33
-1.63664e-31
-2.59651e-31
-2.24671e-31
-7.34833e-32
1.07895e-31
2.51987e-31
2.75874e-31
1.76248e-31
9.6146e-33
-1.6028e-31
-2.37749e-31
-2.05455e-31
-8.57787e-32
6.836e-32
1.67893e-31
1.89415e-31
1.25607e-31
1.36982e-32
-8.16429e-32
-1.40568e-31
-1.37682e-31
-9.40711e-32
-3.92453e-32
1.75656e-32
4.93836e-32
6.62911e-32
6.48768e-32
4.37113e-32
1.55256e-32
-2.6149e-32
-6.23895e-32
-8.86357e-32
-9.81122e-32
-8.47138e-32
-5.87333e-32
-1.9646e-32
1.75169e-32
4.9718e-32
6.48655e-32
5.67578e-32
2.89868e-32
-2.15204e-32
-6.76505e-32
-1.04772e-31
-1.14584e-31
-9.08166e-32
-5.52862e-32
-4.03467e-33
3.13191e-32
4.88359e-32
5.10071e-32
2.5262e-32
-2.33369e-33
-3.99992e-32
-7.34391e-32
-8.79638e-32
-9.12078e-32
-6.53974e-32
-2.84092e-32
1.07536e-32
4.23088e-32
4.55279e-32
2.97313e-32
-5.47686e-33
-4.42061e-32
-7.0752e-32
-8.1846e-32
-6.99211e-32
-4.38435e-32
-1.13215e-32
1.65329e-32
2.99377e-32
2.4249e-32
4.11968e-33
-2.05683e-32
-3.94801e-32
-3.95508e-32
-3.08331e-32
-1.6891e-32
-1.23186e-32
-2.51409e-32
-3.60269e-32
-4.2718e-32
-2.23919e-32
1.72006e-32
5.07558e-32
6.51025e-32
3.07231e-32
-3.04518e-32
-9.24792e-32
-1.22375e-31
-8.9977e-32
-1.88877e-32
6.61346e-32
1.14796e-31
1.00832e-31
3.68409e-32
-5.23973e-32
-1.10777e-31
-1.15919e-31
-6.53146e-32
1.51539e-32
7.50451e-32
9.31518e-32
5.59888e-32
-9.86588e-33
-6.44916e-32
-8.48445e-32
-5.25312e-32
6.9657e-33
6.26574e-32
8.75377e-32
6.05366e-32
2.73392e-33
-6.12393e-32
-1.00446e-31
-8.91766e-32
-3.95268e-32
3.20863e-32
9.48806e-32
1.17524e-31
9.99979e-32
4.41708e-32
-2.72767e-32
-8.32167e-32
-1.14069e-31
-1.0278e-31
-5.66253e-32
6.20515e-33
7.56514e-32
1.21088e-31
1.33454e-31
1.06362e-31
3.94989e-32
-3.84629e-32
-1.08686e-31
-1.39531e-31
-1.13913e-31
-4.23705e-32
5.64628e-32
1.37511e-31
1.67724e-31
1.33681e-31
4.52584e-32
-5.44677e-32
-1.22835e-31
-1.28615e-31
-6.82616e-32
2.60657e-32
1.10673e-31
1.46663e-31
1.1628e-31
4.05476e-32
-4.3994e-32
-9.65764e-32
-8.76381e-32
-3.03432e-32
5.21468e-32
1.17498e-31
1.2969e-31
9.55517e-32
2.16253e-32
-4.67894e-32
-7.52429e-32
-6.25371e-32
-1.80556e-34
6.48715e-32
1.07819e-31
1.16428e-31
7.40659e-32
2.29577e-32
-2.52996e-32
-4.76374e-32
-2.80102e-32
5.1466e-33
5.02766e-32
8.10591e-32
8.66721e-32
7.85719e-32
5.41972e-32
3.22151e-32
1.91555e-32
1.19393e-32
1.39923e-32
1.64475e-32
1.46476e-32
1.58281e-32
1.59461e-32
2.57593e-32
4.85951e-32
7.25256e-32
1.01703e-31
1.10289e-31
9.63395e-32
6.12386e-32
3.19039e-33
-4.04445e-32
-6.62403e-32
-5.13648e-32
2.14561e-33
6.63122e-32
1.29633e-31
1.53206e-31
1.38035e-31
8.6241e-32
2.26094e-32
-2.639e-32
-4.68941e-32
-2.55946e-32
5.13155e-33
5.39381e-32
7.4368e-32
7.50481e-32
6.80726e-32
2.32975e-32
1.39502e-32
-1.84761e-32
-2.46361e-32
-4.67118e-33
)
;

boundaryField
{
    left
    {
        type            calculated;
        value           uniform 0;
    }
    right
    {
        type            calculated;
        value           uniform 0;
    }
    empty
    {
        type            empty;
        value           nonuniform List<scalar> 0();
    }
}


// ************************************************************************* //
