/*--------------------------------*- C++ -*----------------------------------*\
| =========                 |                                                 |
| \\      /  F ield         | OpenFOAM: The Open Source CFD Toolbox           |
|  \\    /   O peration     | Version:  2106                                  |
|   \\  /    A nd           | Website:  www.openfoam.com                      |
|    \\/     M anipulation  |                                                 |
\*---------------------------------------------------------------------------*/
FoamFile
{
    version     2.0;
    format      ascii;
    arch        "LSB;label=32;scalar=64";
    class       surfaceScalarField;
    location    "0.059";
    object      phi;
}
// * * * * * * * * * * * * * * * * * * * * * * * * * * * * * * * * * * * * * //

dimensions      [0 3 -1 0 0 0 0];

oriented        oriented;

internalField   nonuniform List<scalar> 
799
(
1.82677e-32
4.65278e-32
6.01462e-32
4.97259e-32
2.49002e-32
-4.15008e-32
-1.00645e-31
-1.46289e-31
-1.56105e-31
-1.18111e-31
-6.20872e-32
4.09166e-34
3.90958e-32
4.90423e-32
2.76497e-32
-1.13965e-32
-6.21188e-32
-1.14313e-31
-1.54142e-31
-1.81629e-31
-1.72982e-31
-1.36373e-31
-7.4693e-32
-3.41702e-33
3.7667e-32
4.72483e-32
6.05615e-33
-6.41154e-32
-1.29968e-31
-1.82139e-31
-1.84582e-31
-1.56888e-31
-1.10179e-31
-5.47743e-32
-2.95459e-32
-1.81435e-32
-3.50333e-32
-7.26405e-32
-1.02245e-31
-1.38681e-31
-1.47404e-31
-1.34686e-31
-1.10997e-31
-6.40673e-32
-3.86156e-32
-2.81103e-32
-4.38205e-32
-9.25876e-32
-1.32355e-31
-1.68466e-31
-1.70225e-31
-1.36216e-31
-9.28734e-32
-3.84111e-32
-1.38394e-32
-1.98423e-32
-5.27915e-32
-1.11734e-31
-1.56994e-31
-1.82e-31
-1.68696e-31
-1.15414e-31
-5.31846e-32
1.87158e-33
1.48041e-32
-2.58248e-32
-9.95059e-32
-1.82915e-31
-2.28233e-31
-2.10612e-31
-1.39127e-31
-3.72667e-32
3.92845e-32
5.59332e-32
8.98115e-33
-8.46663e-32
-1.71038e-31
-2.15524e-31
-2.03872e-31
-1.44464e-31
-7.80603e-32
-2.88886e-32
-1.33544e-32
-2.81878e-32
-5.21352e-32
-7.79039e-32
-9.73046e-32
-1.15268e-31
-1.35394e-31
-1.47487e-31
-1.45348e-31
-1.14056e-31
-6.13331e-32
-7.76842e-33
2.50461e-32
6.30291e-33
-5.2144e-32
-1.33781e-31
-2.03004e-31
-2.16234e-31
-1.80823e-31
-9.49167e-32
-3.95982e-33
4.94039e-32
5.85633e-32
7.41784e-34
-7.83972e-32
-1.52065e-31
-1.95872e-31
-1.78749e-31
-1.34794e-31
-7.19181e-32
-2.5165e-32
-1.64787e-32
-2.78207e-32
-5.83466e-32
-7.50977e-32
-7.25124e-32
-5.96881e-32
-4.5714e-32
-5.55549e-32
-8.59706e-32
-1.27427e-31
-1.58172e-31
-1.56676e-31
-1.21934e-31
-6.24912e-32
-2.96262e-33
3.49147e-32
4.03394e-32
1.04554e-32
-4.18604e-32
-1.02765e-31
-1.58038e-31
-1.89853e-31
-1.92546e-31
-1.58789e-31
-9.46087e-32
-2.0827e-32
4.39896e-32
6.93135e-32
4.67837e-32
-1.63913e-32
-1.00558e-31
-1.65374e-31
-1.91848e-31
-1.68335e-31
-1.08072e-31
-4.53331e-32
-2.01621e-33
-1.23025e-33
-3.57997e-32
-8.28106e-32
-1.1991e-31
-1.20442e-31
-8.75561e-32
-3.67661e-32
4.94573e-33
7.74735e-33
-3.23045e-32
-1.0343e-31
-1.70282e-31
-1.97235e-31
-1.66343e-31
-8.61679e-32
3.17054e-33
6.1234e-32
5.32941e-32
-1.32408e-32
-1.03234e-31
-1.74034e-31
-1.80969e-31
-1.34617e-31
-5.71937e-32
5.44677e-33
1.18144e-32
-2.42035e-32
-9.31307e-32
-1.42789e-31
-1.45013e-31
-1.0884e-31
-3.79491e-32
1.14232e-32
2.47666e-32
-4.41008e-33
-7.18944e-32
-1.27977e-31
-1.64559e-31
-1.57013e-31
-1.101e-31
-5.49221e-32
8.23692e-34
2.36423e-32
1.48722e-32
-1.69354e-32
-6.5766e-32
-1.03686e-31
-1.28261e-31
-1.32425e-31
-1.15235e-31
-8.9245e-32
-5.43195e-32
-2.12033e-32
6.10881e-34
7.10036e-33
-1.22123e-32
-5.20483e-32
-9.85655e-32
-1.35316e-31
-1.38586e-31
-1.04722e-31
-4.6772e-32
1.02827e-32
3.11609e-32
2.5204e-33
-6.545e-32
-1.40886e-31
-1.7829e-31
-1.52441e-31
-6.99925e-32
3.27987e-32
9.94291e-32
8.94655e-32
2.88889e-33
-1.26244e-31
-2.31006e-31
-2.5598e-31
-1.88999e-31
-5.28055e-32
8.11463e-32
1.49545e-31
1.24458e-31
1.0939e-32
-1.25627e-31
-2.25662e-31
-2.47217e-31
-1.77789e-31
-6.55832e-32
4.3532e-32
1.01006e-31
8.25878e-32
1.28721e-32
-7.90995e-32
-1.48225e-31
-1.65814e-31
-1.34642e-31
-7.17469e-32
-1.14488e-32
1.72205e-32
4.8404e-33
-3.43568e-32
-7.62217e-32
-9.02407e-32
-6.57013e-32
-2.1432e-32
2.05612e-32
2.41764e-32
-1.80684e-32
-8.15962e-32
-1.38673e-31
-1.45735e-31
-9.50461e-32
-1.24644e-32
6.94193e-32
1.03765e-31
7.82289e-32
1.52552e-32
-5.75552e-32
-9.81532e-32
-9.21919e-32
-5.7334e-32
-6.17746e-33
3.05476e-32
4.59906e-32
5.41541e-32
5.2304e-32
5.86348e-32
6.61768e-32
6.52198e-32
6.59595e-32
6.05646e-32
6.54545e-32
8.23666e-32
9.99329e-32
1.17203e-31
1.20877e-31
1.21894e-31
1.36656e-31
1.76976e-31
2.44586e-31
3.15808e-31
3.59497e-31
3.51276e-31
2.98755e-31
2.33809e-31
2.08129e-31
2.56696e-31
3.73083e-31
5.23799e-31
6.42689e-31
6.91517e-31
6.67813e-31
6.03866e-31
5.6718e-31
5.92258e-31
6.90933e-31
8.32601e-31
9.61659e-31
1.05208e-30
1.09009e-30
1.10668e-30
1.14115e-30
1.21153e-30
1.3268e-30
1.45513e-30
1.57139e-30
1.6635e-30
1.73107e-30
1.80807e-30
1.91226e-30
2.05499e-30
2.23026e-30
2.40327e-30
2.56018e-30
2.68665e-30
2.79446e-30
2.91888e-30
3.07456e-30
3.284e-30
3.53131e-30
3.78464e-30
4.02433e-30
4.21822e-30
4.38432e-30
4.54762e-30
4.73876e-30
5.00021e-30
5.31997e-30
5.68517e-30
6.05236e-30
6.369e-30
6.62046e-30
6.80964e-30
6.93994e-30
7.23011e-30
7.6296e-30
8.85606e-30
1.11463e-29
1.46296e-29
2.13747e-29
2.39272e-29
2.65849e-29
9.38485e-30
-3.34928e-29
-8.49903e-29
-1.90702e-28
-1.81457e-28
-1.20774e-28
1.6714e-28
8.11271e-28
1.17654e-27
1.81894e-27
1.05725e-27
-7.60701e-28
-3.03607e-27
-7.54253e-27
-7.21299e-27
-5.93072e-27
1.74858e-27
1.68765e-26
2.26681e-26
3.30488e-26
1.66483e-26
-1.36111e-26
-4.10075e-26
-9.04958e-26
-7.13227e-26
-4.21952e-26
3.15697e-26
1.54624e-25
1.62735e-25
1.91997e-25
5.43106e-26
-1.45601e-25
-2.41563e-25
-4.15712e-25
-2.36525e-25
-3.16442e-26
2.19153e-25
5.89194e-25
4.55155e-25
3.83033e-25
-3.7085e-26
-5.44003e-25
-5.8005e-25
-7.54253e-25
-2.54579e-25
2.23627e-25
5.06847e-25
9.15291e-25
5.06858e-25
2.23643e-25
-2.54565e-25
-7.54248e-25
-5.80056e-25
-5.44015e-25
-3.70991e-26
3.83024e-25
4.55154e-25
5.89199e-25
2.19161e-25
-3.16384e-26
-2.36523e-25
-4.15714e-25
-2.41568e-25
-1.45606e-25
5.4307e-26
1.91995e-25
1.62735e-25
1.54624e-25
3.15701e-26
-4.21954e-26
-7.13233e-26
-9.04964e-26
-4.10084e-26
-1.36119e-26
1.66475e-26
3.3048e-26
2.26673e-26
1.68757e-26
1.74795e-27
-5.93126e-27
-7.21345e-27
-7.54293e-27
-3.03649e-27
-7.61139e-28
1.05676e-27
1.81841e-27
1.17601e-27
8.10756e-28
1.66699e-28
-1.21135e-28
-1.81716e-28
-1.90894e-28
-8.51807e-29
-3.37275e-29
9.04435e-30
2.61617e-29
2.34713e-29
2.09595e-29
1.43418e-29
1.09943e-29
8.82336e-30
7.64354e-30
7.20237e-30
6.82645e-30
6.5842e-30
6.31754e-30
6.04882e-30
5.76916e-30
5.49796e-30
5.24426e-30
5.02197e-30
4.82332e-30
4.62471e-30
4.40504e-30
4.14986e-30
3.86812e-30
3.59525e-30
3.35813e-30
3.18333e-30
3.06396e-30
2.97046e-30
2.87697e-30
2.74749e-30
2.58406e-30
2.39428e-30
2.1985e-30
2.0282e-30
1.88929e-30
1.7954e-30
1.73511e-30
1.68854e-30
1.63858e-30
1.55814e-30
1.44248e-30
1.30151e-30
1.15773e-30
1.04539e-30
9.86923e-31
9.76055e-31
9.94152e-31
9.97993e-31
9.52557e-31
8.58843e-31
7.23545e-31
5.97872e-31
5.18021e-31
4.94479e-31
5.31914e-31
5.78409e-31
6.03159e-31
5.78798e-31
4.92288e-31
3.83152e-31
2.76962e-31
2.15315e-31
2.19896e-31
2.7253e-31
3.49117e-31
4.00333e-31
3.89337e-31
3.10794e-31
1.84844e-31
6.17411e-32
-3.46066e-33
1.39449e-32
1.05841e-31
2.25207e-31
3.06906e-31
3.11718e-31
2.30254e-31
1.01048e-31
-1.82241e-32
-7.96312e-32
-6.22828e-32
1.10711e-32
1.02948e-31
1.65267e-31
1.78227e-31
1.42583e-31
7.66483e-32
1.66096e-32
-2.60723e-32
-3.19351e-32
-1.11984e-32
2.13018e-32
5.72012e-32
6.7379e-32
6.23166e-32
3.54431e-32
3.42812e-33
-7.95988e-33
-8.39585e-33
1.9819e-32
4.47908e-32
5.04255e-32
3.81522e-32
-7.79701e-33
-4.39357e-32
-6.11992e-32
-4.76796e-32
3.51106e-33
4.83922e-32
7.9799e-32
7.55852e-32
3.69207e-32
-2.60602e-33
-3.83636e-32
-4.9302e-32
-4.34688e-32
-4.09599e-32
-3.73803e-32
-3.9471e-32
-2.64336e-32
1.50917e-32
6.84203e-32
1.18998e-31
1.2238e-31
5.99867e-32
-4.70604e-32
-1.66616e-31
-2.24791e-31
-1.88251e-31
-6.56588e-32
1.04968e-31
2.27172e-31
2.50589e-31
1.55369e-31
-2.77061e-32
-1.97376e-31
-2.90742e-31
-2.53292e-31
-9.97797e-32
8.37911e-32
2.2995e-31
2.55784e-31
1.57991e-31
-6.91454e-33
-1.75188e-31
-2.51131e-31
-2.17398e-31
-9.6374e-32
5.9035e-32
1.59765e-31
1.8241e-31
1.19658e-31
8.74192e-33
-8.56708e-32
-1.43726e-31
-1.40027e-31
-9.56525e-32
-4.01143e-32
1.73706e-32
4.98214e-32
6.73203e-32
6.64596e-32
4.58057e-32
1.8097e-32
-2.31345e-32
-5.89613e-32
-8.48244e-32
-9.39444e-32
-8.02139e-32
-5.3923e-32
-1.45566e-32
2.28554e-32
5.52896e-32
7.0647e-32
6.27327e-32
3.51377e-32
-1.52087e-32
-6.11979e-32
-9.81923e-32
-1.07894e-31
-8.4027e-32
-4.84078e-32
2.91748e-33
3.83343e-32
5.59046e-32
5.8121e-32
3.24105e-32
4.83739e-33
-3.28085e-32
-6.62349e-32
-8.07536e-32
-8.40021e-32
-5.82048e-32
-2.12373e-32
1.78991e-32
4.94227e-32
5.26035e-32
3.6761e-32
1.49711e-33
-3.72953e-32
-6.39029e-32
-7.50691e-32
-6.32176e-32
-3.72186e-32
-4.78295e-33
2.29848e-32
3.62932e-32
3.05017e-32
1.02646e-32
-1.45332e-32
-3.35548e-32
-3.37384e-32
-2.51396e-32
-1.13239e-32
-6.88031e-33
-1.98296e-32
-3.08465e-32
-3.7673e-32
-1.74838e-32
2.19661e-32
5.53765e-32
6.95742e-32
3.50399e-32
-2.62894e-32
-8.84724e-32
-1.18532e-31
-8.62952e-32
-1.53698e-32
6.9487e-32
1.17971e-31
1.03832e-31
3.96621e-32
-4.97567e-32
-1.08316e-31
-1.13641e-31
-6.32187e-32
1.7064e-32
7.67701e-32
9.46895e-32
5.73394e-32
-8.70581e-33
-6.35196e-32
-8.4062e-32
-5.19414e-32
7.35932e-33
6.2856e-32
8.75383e-32
6.03388e-32
2.33669e-33
-6.18424e-32
-1.01254e-31
-9.01877e-32
-4.07438e-32
3.06644e-32
9.32586e-32
1.15703e-31
9.79772e-32
4.19462e-32
-2.97127e-32
-8.58619e-32
-1.16928e-31
-1.05849e-31
-5.99032e-32
2.72042e-33
7.19636e-32
1.17198e-31
1.29364e-31
1.0207e-31
3.50053e-32
-4.31529e-32
-1.13568e-31
-1.44598e-31
-1.19165e-31
-4.78052e-32
5.0843e-32
1.31702e-31
1.6173e-31
1.27506e-31
3.89026e-32
-6.09993e-32
-1.2954e-31
-1.35482e-31
-7.52896e-32
1.88804e-32
1.03336e-31
1.39177e-31
1.08653e-31
3.27814e-32
-5.18948e-32
-1.04607e-31
-9.57924e-32
-3.86141e-32
4.3763e-32
1.0901e-31
1.21102e-31
8.6873e-32
1.28624e-32
-5.56318e-32
-8.41549e-32
-7.15137e-32
-9.21136e-33
5.57883e-32
9.86919e-32
1.07258e-31
6.48696e-32
1.37418e-32
-3.45248e-32
-5.68653e-32
-3.72306e-32
-4.06477e-33
4.10885e-32
7.19109e-32
7.75736e-32
6.95366e-32
4.52302e-32
2.33265e-32
1.03549e-32
3.23195e-33
5.38715e-33
7.95297e-33
6.27733e-33
7.5905e-33
7.85117e-33
1.78149e-32
4.08094e-32
6.49038e-32
9.42517e-32
1.03018e-31
8.92562e-32
5.43496e-32
-3.49507e-33
-4.6916e-32
-7.24909e-32
-5.73845e-32
-3.63444e-33
6.07789e-32
1.24354e-31
1.48188e-31
1.3328e-31
8.17587e-32
1.84039e-32
-3.03129e-32
-5.05293e-32
-2.89371e-32
2.08392e-33
5.11876e-32
7.19184e-32
7.29025e-32
6.62309e-32
2.17639e-32
1.27179e-32
-1.94045e-32
-2.52585e-32
-4.98294e-33
)
;

boundaryField
{
    left
    {
        type            calculated;
        value           uniform 0;
    }
    right
    {
        type            calculated;
        value           uniform 0;
    }
    empty
    {
        type            empty;
        value           nonuniform List<scalar> 0();
    }
}


// ************************************************************************* //
