/*--------------------------------*- C++ -*----------------------------------*\
| =========                 |                                                 |
| \\      /  F ield         | OpenFOAM: The Open Source CFD Toolbox           |
|  \\    /   O peration     | Version:  2106                                  |
|   \\  /    A nd           | Website:  www.openfoam.com                      |
|    \\/     M anipulation  |                                                 |
\*---------------------------------------------------------------------------*/
FoamFile
{
    version     2.0;
    format      ascii;
    arch        "LSB;label=32;scalar=64";
    class       surfaceScalarField;
    location    "0.051";
    object      phi;
}
// * * * * * * * * * * * * * * * * * * * * * * * * * * * * * * * * * * * * * //

dimensions      [0 3 -1 0 0 0 0];

oriented        oriented;

internalField   nonuniform List<scalar> 
799
(
1.85724e-32
4.71343e-32
6.1058e-32
5.09439e-32
2.64215e-32
-3.96787e-32
-9.85279e-32
-1.43876e-31
-1.53399e-31
-1.15119e-31
-5.8812e-32
3.96631e-33
4.29331e-32
5.31577e-32
3.20394e-32
-6.73483e-33
-5.71881e-32
-1.09119e-31
-1.48685e-31
-1.75913e-31
-1.67011e-31
-1.30155e-31
-6.82306e-32
3.2801e-33
4.45988e-32
5.44103e-32
1.34428e-32
-5.6502e-32
-1.22142e-31
-1.74103e-31
-1.76338e-31
-1.48453e-31
-1.01554e-31
-4.59609e-32
-2.05514e-32
-8.9725e-33
-2.56929e-32
-6.31353e-32
-9.25816e-32
-1.28864e-31
-1.37437e-31
-1.24577e-31
-1.00748e-31
-5.36883e-32
-2.81144e-32
-1.74936e-32
-3.30876e-32
-8.17467e-32
-1.21412e-31
-1.57425e-31
-1.59094e-31
-1.24997e-31
-8.15745e-32
-2.70349e-32
-2.39133e-33
-8.32617e-33
-4.12134e-32
-1.00096e-31
-1.45304e-31
-1.70264e-31
-1.56914e-31
-1.03591e-31
-4.13238e-32
1.37649e-32
2.67268e-32
-1.38765e-32
-8.7538e-32
-1.70928e-31
-2.16234e-31
-1.98599e-31
-1.27106e-31
-2.5244e-32
5.13121e-32
6.79597e-32
2.10032e-32
-7.26485e-32
-1.59028e-31
-2.03529e-31
-1.91881e-31
-1.32486e-31
-6.60981e-32
-1.69433e-32
-1.42865e-33
-1.62831e-32
-4.02511e-32
-6.60428e-32
-8.54707e-32
-1.03462e-31
-1.23621e-31
-1.35739e-31
-1.33627e-31
-1.02366e-31
-4.96764e-32
3.85637e-33
3.66378e-32
1.7863e-32
-4.06202e-32
-1.22293e-31
-1.91553e-31
-2.04817e-31
-1.69436e-31
-8.35673e-32
7.3569e-33
6.06848e-32
6.98082e-32
1.19483e-32
-6.72292e-32
-1.40928e-31
-1.84771e-31
-1.6769e-31
-1.23769e-31
-6.09337e-32
-1.42218e-32
-5.57015e-33
-1.6944e-32
-4.75013e-32
-6.42854e-32
-6.17324e-32
-4.89418e-32
-3.50009e-32
-4.48743e-32
-7.53225e-32
-1.16811e-31
-1.47589e-31
-1.46125e-31
-1.11414e-31
-5.20031e-32
7.49759e-33
4.53477e-32
5.0743e-32
2.08299e-32
-3.1516e-32
-9.24507e-32
-1.4775e-31
-1.79594e-31
-1.82312e-31
-1.48578e-31
-8.44211e-32
-1.06642e-32
5.41286e-32
7.94289e-32
5.68758e-32
-6.32313e-33
-9.05121e-32
-1.5535e-31
-1.81845e-31
-1.58354e-31
-9.81141e-32
-3.53965e-32
7.89782e-33
8.66421e-33
-2.59293e-32
-7.29576e-32
-1.10079e-31
-1.10635e-31
-7.77684e-32
-2.69991e-32
1.46897e-32
1.74718e-32
-2.25996e-32
-9.37454e-32
-1.60618e-31
-1.87589e-31
-1.56718e-31
-7.65659e-32
1.27496e-32
7.07952e-32
6.28335e-32
-3.71945e-33
-9.37296e-32
-1.64553e-31
-1.71506e-31
-1.25176e-31
-4.77711e-32
1.48447e-32
2.11912e-32
-1.48481e-32
-8.37975e-32
-1.33479e-31
-1.35724e-31
-9.95728e-32
-2.87058e-32
2.06436e-32
3.39642e-32
4.76367e-33
-6.27372e-32
-1.1884e-31
-1.55442e-31
-1.47917e-31
-1.01024e-31
-4.58702e-32
9.85391e-33
3.26475e-32
2.38529e-32
-7.97681e-33
-5.68322e-32
-9.47747e-32
-1.19374e-31
-1.23561e-31
-1.06394e-31
-8.04241e-32
-4.55227e-32
-1.24331e-32
9.35581e-33
1.58182e-32
-3.52009e-33
-4.33828e-32
-8.99274e-32
-1.26706e-31
-1.30003e-31
-9.61731e-32
-3.82533e-32
1.87688e-32
3.96185e-32
1.09463e-32
-5.70557e-32
-1.3253e-31
-1.69974e-31
-1.44167e-31
-6.17652e-32
4.09779e-32
1.07557e-31
9.75363e-32
1.08988e-32
-1.183e-31
-2.23137e-31
-2.48186e-31
-1.81284e-31
-4.51785e-32
8.86785e-32
1.56972e-31
1.31764e-31
1.81182e-32
-1.18588e-31
-2.18773e-31
-2.40494e-31
-1.71247e-31
-5.92419e-32
4.96544e-32
1.06893e-31
8.8217e-32
1.82204e-32
-7.40596e-32
-1.43522e-31
-1.61476e-31
-1.307e-31
-6.82426e-32
-8.41917e-33
1.97423e-32
6.80545e-33
-3.29906e-32
-7.55055e-32
-9.02336e-32
-6.64596e-32
-2.30179e-32
1.80755e-32
2.07218e-32
-2.25725e-32
-8.72326e-32
-1.45529e-31
-1.53902e-31
-1.04631e-31
-2.35716e-32
5.66762e-32
8.92669e-32
6.18374e-32
-3.16269e-33
-7.81476e-32
-1.21078e-31
-1.17602e-31
-8.54105e-32
-3.71049e-32
-3.42459e-33
8.76975e-33
1.34713e-32
7.93167e-33
1.03383e-32
1.36997e-32
8.30106e-33
4.32105e-33
-6.08526e-33
-6.51055e-33
4.76517e-33
1.63619e-32
2.73128e-32
2.43038e-32
1.82564e-32
2.55584e-32
5.80051e-32
1.17308e-31
1.79777e-31
2.14249e-31
1.96327e-31
1.33609e-31
5.79459e-32
2.10147e-32
5.77764e-32
1.61789e-31
2.99535e-31
4.04852e-31
4.39479e-31
4.0093e-31
3.21471e-31
2.68595e-31
2.7679e-31
3.57869e-31
4.81215e-31
5.91203e-31
6.61794e-31
6.79197e-31
6.74388e-31
6.86657e-31
7.34014e-31
8.25433e-31
9.29069e-31
1.01978e-30
1.08548e-30
1.12577e-30
1.17463e-30
1.24978e-30
1.36258e-30
1.50703e-30
1.64834e-30
1.77265e-30
1.86562e-30
1.93903e-30
2.02818e-30
2.1477e-30
2.3201e-30
2.52952e-30
2.74409e-30
2.94418e-30
3.09765e-30
3.2225e-30
3.34376e-30
3.4921e-30
3.70999e-30
3.98545e-30
4.30566e-30
4.62718e-30
4.89749e-30
5.10201e-30
5.24367e-30
5.32589e-30
5.56748e-30
5.91791e-30
7.09489e-30
9.33526e-30
1.27683e-29
1.94629e-29
2.19646e-29
2.45713e-29
7.3201e-30
-3.56088e-29
-8.71576e-29
-1.92921e-28
-1.83727e-28
-1.23096e-28
1.64768e-28
8.08848e-28
1.17407e-27
1.81641e-27
1.05468e-27
-7.63324e-28
-3.03874e-27
-7.54525e-27
-7.21576e-27
-5.93353e-27
1.74572e-27
1.68736e-26
2.26652e-26
3.30458e-26
1.66452e-26
-1.36142e-26
-4.10106e-26
-9.0499e-26
-7.13259e-26
-4.21984e-26
3.15665e-26
1.54621e-25
1.62731e-25
1.91994e-25
5.43072e-26
-1.45604e-25
-2.41567e-25
-4.15715e-25
-2.36528e-25
-3.16477e-26
2.19149e-25
5.89191e-25
4.55152e-25
3.8303e-25
-3.70886e-26
-5.44007e-25
-5.80054e-25
-7.54257e-25
-2.54583e-25
2.23623e-25
5.06843e-25
9.15288e-25
5.06854e-25
2.23639e-25
-2.54569e-25
-7.54252e-25
-5.80059e-25
-5.44019e-25
-3.71026e-26
3.83021e-25
4.5515e-25
5.89195e-25
2.19157e-25
-3.16419e-26
-2.36526e-25
-4.15717e-25
-2.41572e-25
-1.45609e-25
5.43036e-26
1.91992e-25
1.62732e-25
1.54621e-25
3.15669e-26
-4.21986e-26
-7.13265e-26
-9.04996e-26
-4.10114e-26
-1.36149e-26
1.66445e-26
3.3045e-26
2.26644e-26
1.68729e-26
1.74513e-27
-5.93404e-27
-7.21617e-27
-7.54561e-27
-3.03912e-27
-7.6372e-28
1.05423e-27
1.81593e-27
1.17358e-27
8.08375e-28
1.64369e-28
-1.23414e-28
-1.83944e-28
-1.93071e-28
-8.73072e-29
-3.58031e-29
7.01952e-30
2.41875e-29
2.15475e-29
1.90859e-29
1.2518e-29
9.22011e-30
7.0983e-30
5.96721e-30
5.57431e-30
5.24615e-30
5.05112e-30
4.83112e-30
4.60845e-30
4.3742e-30
4.14775e-30
3.93811e-30
3.75917e-30
3.60312e-30
3.44636e-30
3.26775e-30
3.05284e-30
2.81055e-30
2.5763e-30
2.37696e-30
2.2391e-30
2.1558e-30
2.09751e-30
2.03835e-30
1.94231e-30
1.81146e-30
1.65337e-30
1.4884e-30
1.34804e-30
1.23819e-30
1.17249e-30
1.13951e-30
1.1194e-30
1.09505e-30
1.03939e-30
9.47664e-31
8.29811e-31
7.08339e-31
6.17507e-31
5.7977e-31
5.88859e-31
6.26154e-31
6.48455e-31
6.20757e-31
5.44069e-31
4.25109e-31
3.15096e-31
2.50248e-31
2.41072e-31
2.92245e-31
3.5187e-31
3.89165e-31
3.76781e-31
3.01694e-31
2.03443e-31
1.0762e-31
5.58411e-32
6.98059e-32
1.31365e-31
2.16426e-31
2.75689e-31
2.72323e-31
2.0101e-31
8.19137e-32
-3.47006e-32
-9.37657e-32
-7.05673e-32
2.68065e-32
1.5134e-31
2.37916e-31
2.47319e-31
1.70188e-31
4.50574e-32
-7.03777e-32
-1.2818e-31
-1.07449e-31
-3.09262e-32
6.39349e-32
1.29051e-31
1.44628e-31
1.11438e-31
4.78029e-32
-1.00916e-32
-5.07697e-32
-5.47573e-32
-3.22717e-32
1.86048e-33
3.92803e-32
5.08761e-32
4.71386e-32
2.14922e-32
-9.38195e-33
-1.97096e-32
-1.91577e-32
9.9697e-33
3.57919e-32
4.22162e-32
3.06704e-32
-1.4601e-32
-5.01093e-32
-6.67929e-32
-5.27404e-32
-1.0555e-33
4.42851e-32
7.61216e-32
7.23051e-32
3.40058e-32
-5.18346e-33
-4.06311e-32
-5.12779e-32
-4.51781e-32
-4.24201e-32
-3.86134e-32
-4.04912e-32
-2.72559e-32
1.44514e-32
6.79477e-32
1.18681e-31
1.22208e-31
5.99461e-32
-4.69776e-32
-1.66422e-31
-2.24494e-31
-1.87856e-31
-6.51792e-32
1.05524e-31
2.278e-31
2.51291e-31
1.5614e-31
-2.6872e-32
-1.9648e-31
-2.89785e-31
-2.52279e-31
-9.87099e-32
8.49102e-32
2.31114e-31
2.5699e-31
1.59237e-31
-5.63146e-33
-1.73872e-31
-2.49787e-31
-2.16029e-31
-9.49735e-32
6.0461e-32
1.61215e-31
1.83887e-31
1.21154e-31
1.02616e-32
-8.4133e-32
-1.42167e-31
-1.38444e-31
-9.40478e-32
-3.8484e-32
1.90197e-32
5.14825e-32
6.89919e-32
6.81388e-32
4.7486e-32
1.97844e-32
-2.14388e-32
-5.72605e-32
-8.31197e-32
-9.22411e-32
-7.85117e-32
-5.22243e-32
-1.28571e-32
2.45601e-32
5.69929e-32
7.2351e-32
6.44344e-32
3.68394e-32
-1.35103e-32
-5.95007e-32
-9.64977e-32
-1.06194e-31
-8.23275e-32
-4.67038e-32
4.63201e-33
4.00531e-32
5.76304e-32
5.98423e-32
3.41273e-32
6.54214e-33
-3.11188e-32
-6.45576e-32
-7.9091e-32
-8.23546e-32
-5.65708e-32
-1.96191e-32
1.95015e-32
5.10101e-32
5.41705e-32
3.83041e-32
3.02356e-33
-3.57877e-32
-6.24186e-32
-7.36006e-32
-6.17678e-32
-3.57892e-32
-3.36977e-33
2.43781e-32
3.7661e-32
3.18439e-32
1.15766e-32
-1.32468e-32
-3.22939e-32
-3.25061e-32
-2.3937e-32
-1.01466e-32
-5.72475e-33
-1.87011e-32
-2.97421e-32
-3.65942e-32
-1.64306e-32
2.29929e-32
5.63726e-32
7.05417e-32
3.59803e-32
-2.5377e-32
-8.75892e-32
-1.17676e-31
-8.54692e-32
-1.45754e-32
7.02453e-32
1.18697e-31
1.04521e-31
4.03151e-32
-4.91368e-32
-1.07729e-31
-1.13087e-31
-6.2698e-32
1.755e-32
7.722e-32
9.51018e-32
5.77101e-32
-8.37479e-33
-6.32292e-32
-8.38117e-32
-5.17308e-32
7.53265e-33
6.29884e-32
8.76292e-32
6.03869e-32
2.3414e-33
-6.18797e-32
-1.01336e-31
-9.03156e-32
-4.09135e-32
3.04508e-32
9.30014e-32
1.15402e-31
9.76326e-32
4.1561e-32
-3.0134e-32
-8.63193e-32
-1.17424e-31
-1.06387e-31
-6.04832e-32
2.09934e-33
7.13015e-32
1.16495e-31
1.28618e-31
1.01284e-31
3.41807e-32
-4.40195e-32
-1.14481e-31
-1.45566e-31
-1.20183e-31
-4.88765e-32
4.97266e-32
1.30542e-31
1.60523e-31
1.26255e-31
3.76068e-32
-6.23399e-32
-1.30924e-31
-1.36913e-31
-7.67652e-32
1.73599e-32
1.0177e-31
1.37566e-31
1.06996e-31
3.10804e-32
-5.36402e-32
-1.06391e-31
-9.76168e-32
-4.04784e-32
4.18611e-32
1.07074e-31
1.19128e-31
8.48598e-32
1.08085e-32
-5.77214e-32
-8.62809e-32
-7.36728e-32
-1.14021e-32
5.35783e-32
9.6456e-32
1.05004e-31
6.25972e-32
1.14548e-32
-3.68286e-32
-5.91847e-32
-3.95628e-32
-6.40898e-33
3.8739e-32
6.95562e-32
7.52151e-32
6.71773e-32
4.28728e-32
2.09755e-32
8.01367e-33
9.04284e-34
3.07716e-33
5.66233e-33
4.00684e-33
5.34439e-33
5.6341e-33
1.56265e-32
3.8654e-32
6.27853e-32
9.21738e-32
1.00979e-31
8.72623e-32
5.24041e-32
-5.38734e-33
-4.87546e-32
-7.42724e-32
-5.91094e-32
-5.29556e-33
5.91817e-32
1.22825e-31
1.4673e-31
1.31893e-31
8.04474e-32
1.71716e-32
-3.14648e-32
-5.15969e-32
-2.99181e-32
1.18866e-33
5.03796e-32
7.11992e-32
7.2272e-32
6.56953e-32
2.1321e-32
1.23658e-32
-1.96663e-32
-2.54306e-32
-5.0672e-33
)
;

boundaryField
{
    left
    {
        type            calculated;
        value           uniform 0;
    }
    right
    {
        type            calculated;
        value           uniform 0;
    }
    empty
    {
        type            empty;
        value           nonuniform List<scalar> 0();
    }
}


// ************************************************************************* //
