/*--------------------------------*- C++ -*----------------------------------*\
| =========                 |                                                 |
| \\      /  F ield         | OpenFOAM: The Open Source CFD Toolbox           |
|  \\    /   O peration     | Version:  2106                                  |
|   \\  /    A nd           | Website:  www.openfoam.com                      |
|    \\/     M anipulation  |                                                 |
\*---------------------------------------------------------------------------*/
FoamFile
{
    version     2.0;
    format      ascii;
    arch        "LSB;label=32;scalar=64";
    class       surfaceScalarField;
    location    "0.123";
    object      phi;
}
// * * * * * * * * * * * * * * * * * * * * * * * * * * * * * * * * * * * * * //

dimensions      [0 3 -1 0 0 0 0];

oriented        oriented;

internalField   nonuniform List<scalar> 
799
(
1.65021e-32
4.29936e-32
5.48514e-32
4.26744e-32
1.60962e-32
-5.20573e-32
-1.12942e-31
-1.60319e-31
-1.71864e-31
-1.35591e-31
-8.12801e-32
-2.04844e-32
1.65087e-32
2.47705e-32
1.70616e-33
-3.89987e-32
-9.13628e-32
-1.45185e-31
-1.86618e-31
-2.15694e-31
-2.0862e-31
-1.7357e-31
-1.13434e-31
-4.36855e-32
-4.10313e-33
3.99781e-33
-3.86566e-32
-1.10266e-31
-1.77532e-31
-2.31094e-31
-2.34902e-31
-2.08553e-31
-1.63171e-31
-1.09064e-31
-8.51095e-32
-7.49551e-32
-9.30691e-32
-1.31874e-31
-1.62649e-31
-2.00231e-31
-2.10071e-31
-1.98448e-31
-1.75824e-31
-1.29938e-31
-1.05503e-31
-9.5985e-32
-1.12653e-31
-1.62353e-31
-2.03029e-31
-2.40022e-31
-2.42633e-31
-2.09452e-31
-1.66912e-31
-1.13226e-31
-8.94045e-32
-9.61317e-32
-1.29781e-31
-1.89396e-31
-2.35305e-31
-2.60939e-31
-2.48233e-31
-1.95523e-31
-1.3384e-31
-7.93099e-32
-6.68794e-32
-1.07986e-31
-1.82128e-31
-2.65971e-31
-3.11704e-31
-2.94472e-31
-2.23355e-31
-1.21849e-31
-4.56246e-32
-2.92847e-32
-7.65286e-32
-1.70444e-31
-2.57067e-31
-3.01787e-31
-2.90346e-31
-2.3114e-31
-1.64917e-31
-1.15911e-31
-1.00526e-31
-1.15495e-31
-1.3956e-31
-1.65431e-31
-1.84922e-31
-2.02958e-31
-2.23152e-31
-2.35293e-31
-2.3319e-31
-2.01925e-31
-1.49213e-31
-9.5651e-32
-6.2829e-32
-8.15541e-32
-1.3997e-31
-2.21567e-31
-2.90742e-31
-3.03912e-31
-2.68434e-31
-1.82456e-31
-9.14125e-32
-3.79604e-32
-2.87076e-32
-8.64259e-32
-1.65454e-31
-2.39001e-31
-2.82683e-31
-2.65432e-31
-2.21347e-31
-1.58338e-31
-1.11439e-31
-1.02607e-31
-1.13798e-31
-1.44166e-31
-1.60758e-31
-1.58011e-31
-1.45022e-31
-1.30878e-31
-1.40545e-31
-1.70785e-31
-2.12061e-31
-2.42622e-31
-2.4094e-31
-2.06005e-31
-1.46376e-31
-8.66548e-32
-4.8579e-32
-4.29552e-32
-7.26382e-32
-1.24751e-31
-1.85451e-31
-2.40516e-31
-2.72125e-31
-2.74603e-31
-2.40628e-31
-1.76229e-31
-1.02226e-31
-3.71862e-32
-1.1636e-32
-3.39363e-32
-9.68787e-32
-1.80809e-31
-2.45385e-31
-2.71617e-31
-2.47855e-31
-1.87345e-31
-1.24346e-31
-8.07657e-32
-7.97095e-32
-1.14005e-31
-1.60728e-31
-1.97537e-31
-1.97776e-31
-1.64593e-31
-1.13501e-31
-7.14776e-32
-6.83525e-32
-1.08069e-31
-1.7885e-31
-2.45345e-31
-2.71926e-31
-2.40652e-31
-1.60079e-31
-7.0329e-32
-1.18369e-32
-1.93338e-32
-8.5403e-32
-1.74914e-31
-2.45216e-31
-2.5163e-31
-2.04733e-31
-1.26737e-31
-6.34985e-32
-5.6508e-32
-9.18687e-32
-1.60106e-31
-2.09047e-31
-2.10521e-31
-1.73557e-31
-1.01835e-31
-5.15893e-32
-3.73241e-32
-6.55358e-32
-1.32003e-31
-1.87015e-31
-2.2247e-31
-2.13739e-31
-1.65573e-31
-1.09077e-31
-5.19419e-32
-2.76642e-32
-3.48951e-32
-6.50784e-32
-1.12197e-31
-1.48307e-31
-1.70977e-31
-1.73132e-31
-1.53821e-31
-1.25593e-31
-8.83099e-32
-5.27067e-32
-2.8272e-32
-1.90201e-32
-3.54175e-32
-7.21794e-32
-1.1546e-31
-1.48796e-31
-1.48465e-31
-1.1081e-31
-4.88622e-32
1.24057e-32
3.77242e-32
1.37588e-32
-4.92888e-32
-1.19542e-31
-1.51489e-31
-1.19898e-31
-3.14047e-32
7.77436e-32
1.51067e-31
1.48131e-31
6.89434e-32
-5.2418e-32
-1.49016e-31
-1.6541e-31
-8.94109e-32
5.62533e-32
2.00151e-31
2.78986e-31
2.64845e-31
1.62817e-31
3.83019e-32
-4.90947e-32
-5.74002e-32
2.59165e-32
1.52673e-31
2.77033e-31
3.50471e-31
3.48767e-31
2.96549e-31
2.22882e-31
1.72902e-31
1.75336e-31
2.27441e-31
3.12214e-31
3.95374e-31
4.47925e-31
4.60482e-31
4.47321e-31
4.3263e-31
4.46959e-31
5.01061e-31
5.76155e-31
6.5028e-31
6.87376e-31
6.80009e-31
6.52797e-31
6.33529e-31
6.65818e-31
7.57443e-31
8.82597e-31
1.00874e-30
1.0891e-30
1.11135e-30
1.09803e-30
1.07676e-30
1.08966e-30
1.15113e-30
1.24355e-30
1.3544e-30
1.45299e-30
1.53254e-30
1.60709e-30
1.67399e-30
1.75147e-30
1.83263e-30
1.90782e-30
1.98727e-30
2.06323e-30
2.15217e-30
2.25588e-30
2.36306e-30
2.4728e-30
2.57186e-30
2.67124e-30
2.78739e-30
2.93218e-30
3.10738e-30
3.28938e-30
3.44707e-30
3.55612e-30
3.6242e-30
3.68321e-30
3.7849e-30
3.96428e-30
4.21496e-30
4.50348e-30
4.76373e-30
4.9575e-30
5.08234e-30
5.17057e-30
5.28971e-30
5.47429e-30
5.73616e-30
6.04471e-30
6.34436e-30
6.60908e-30
6.82508e-30
7.02337e-30
7.24324e-30
7.50269e-30
7.8107e-30
8.1354e-30
8.45165e-30
8.74733e-30
9.02201e-30
9.30963e-30
9.62789e-30
9.98809e-30
1.03842e-29
1.07813e-29
1.11655e-29
1.15225e-29
1.18638e-29
1.22247e-29
1.26198e-29
1.30714e-29
1.35636e-29
1.40644e-29
1.4554e-29
1.50001e-29
1.54207e-29
1.58406e-29
1.62903e-29
1.68121e-29
1.73939e-29
1.80226e-29
1.86548e-29
1.92375e-29
1.97561e-29
2.02134e-29
2.06124e-29
2.11718e-29
2.18408e-29
2.3337e-29
2.58969e-29
2.96496e-29
3.66636e-29
3.94845e-29
4.24096e-29
2.54759e-29
-1.71366e-29
-6.83705e-29
-1.73821e-28
-1.64315e-28
-1.03375e-28
1.84795e-28
8.29178e-28
1.1947e-27
1.83734e-27
1.0759e-27
-7.41812e-28
-3.01694e-27
-7.52317e-27
-7.1934e-27
-5.91091e-27
1.76862e-27
1.68968e-26
2.26886e-26
3.30695e-26
1.66691e-26
-1.35901e-26
-4.09862e-26
-9.04744e-26
-7.13011e-26
-4.21734e-26
3.15917e-26
1.54646e-25
1.62757e-25
1.92019e-25
5.43331e-26
-1.45578e-25
-2.4154e-25
-4.15689e-25
-2.36502e-25
-3.16211e-26
2.19176e-25
5.89218e-25
4.55179e-25
3.83057e-25
-3.70615e-26
-5.43979e-25
-5.80027e-25
-7.54229e-25
-2.54555e-25
2.23651e-25
5.06871e-25
9.15315e-25
5.06881e-25
2.23666e-25
-2.54542e-25
-7.54224e-25
-5.80032e-25
-5.43992e-25
-3.70756e-26
3.83048e-25
4.55177e-25
5.89222e-25
2.19184e-25
-3.16154e-26
-2.365e-25
-4.15691e-25
-2.41546e-25
-1.45583e-25
5.43294e-26
1.92018e-25
1.62757e-25
1.54646e-25
3.15919e-26
-4.21738e-26
-7.13019e-26
-9.04752e-26
-4.09873e-26
-1.3591e-26
1.66682e-26
3.30685e-26
2.26876e-26
1.68958e-26
1.76781e-27
-5.91162e-27
-7.19403e-27
-7.52375e-27
-3.01755e-27
-7.42431e-28
1.07522e-27
1.83664e-27
1.19398e-27
8.28477e-28
1.84166e-28
-1.03924e-28
-1.64763e-28
-1.74201e-28
-6.87505e-29
-1.75608e-29
2.49463e-29
4.17978e-29
3.88406e-29
3.60614e-29
2.91757e-29
2.55601e-29
2.31209e-29
2.16729e-29
2.09639e-29
2.03206e-29
1.98116e-29
1.9279e-29
1.87454e-29
1.8202e-29
1.76685e-29
1.71538e-29
1.66723e-29
1.62161e-29
1.57619e-29
1.52887e-29
1.47822e-29
1.42514e-29
1.37319e-29
1.32507e-29
1.28345e-29
1.24764e-29
1.21471e-29
1.18207e-29
1.14613e-29
1.10711e-29
1.06576e-29
1.02415e-29
9.85407e-30
9.50142e-30
9.1972e-30
8.93005e-30
8.68011e-30
8.43032e-30
8.15363e-30
7.84532e-30
7.51531e-30
7.18614e-30
6.89206e-30
6.65551e-30
6.47024e-30
6.3176e-30
6.15437e-30
5.94553e-30
5.69206e-30
5.40065e-30
5.12249e-30
4.89375e-30
4.7249e-30
4.62057e-30
4.52883e-30
4.41884e-30
4.26319e-30
4.04882e-30
3.81521e-30
3.58789e-30
3.40841e-30
3.29841e-30
3.23969e-30
3.20808e-30
3.15422e-30
3.0412e-30
2.86365e-30
2.64166e-30
2.42542e-30
2.26995e-30
2.19987e-30
2.20702e-30
2.24434e-30
2.24662e-30
2.17459e-30
2.0188e-30
1.81774e-30
1.62901e-30
1.50049e-30
1.45302e-30
1.46379e-30
1.49527e-30
1.4993e-30
1.45605e-30
1.3662e-30
1.24803e-30
1.13765e-30
1.04648e-30
9.93931e-31
9.69726e-31
9.58978e-31
9.53276e-31
9.23447e-31
8.79923e-31
8.1608e-31
7.48547e-31
7.03043e-31
6.69852e-31
6.66625e-31
6.61433e-31
6.38125e-31
5.98095e-31
5.25538e-31
4.63898e-31
4.222e-31
4.12312e-31
4.41089e-31
4.64513e-31
4.75387e-31
4.5153e-31
3.94068e-31
3.36571e-31
2.83634e-31
2.56279e-31
2.46427e-31
2.33955e-31
2.23222e-31
2.07472e-31
2.07474e-31
2.36562e-31
2.78026e-31
3.17288e-31
3.09883e-31
2.37208e-31
1.20365e-31
-8.52149e-33
-7.55852e-32
-4.75043e-32
6.70299e-32
2.29988e-31
3.44896e-31
3.61377e-31
2.59563e-31
7.02154e-32
-1.0541e-31
-2.04437e-31
-1.72362e-31
-2.39507e-32
1.54775e-31
2.96336e-31
3.17805e-31
2.15873e-31
4.70427e-32
-1.24952e-31
-2.04422e-31
-1.74029e-31
-5.61661e-32
9.62495e-32
1.94143e-31
2.14103e-31
1.48805e-31
3.54943e-32
-6.11949e-32
-1.21403e-31
-1.19732e-31
-7.72734e-32
-2.35415e-32
3.22339e-32
6.30712e-32
7.90466e-32
7.67513e-32
5.47468e-32
2.57706e-32
-1.66563e-32
-5.36048e-32
-8.05234e-32
-9.06372e-32
-7.78414e-32
-5.24304e-32
-1.38825e-32
2.27696e-32
5.44933e-32
6.91872e-32
6.06517e-32
3.2479e-32
-1.84045e-32
-6.48933e-32
-1.0235e-31
-1.12474e-31
-8.9002e-32
-5.37417e-32
-2.7437e-33
3.23735e-32
4.96739e-32
5.1648e-32
2.57194e-32
-2.04931e-33
-3.98713e-32
-7.34541e-32
-8.81083e-32
-9.14726e-32
-6.57735e-32
-2.88873e-32
1.01834e-32
4.16588e-32
4.48057e-32
2.89393e-32
-6.3345e-33
-4.51269e-32
-7.1727e-32
-8.28692e-32
-7.09876e-32
-4.49464e-32
-1.24577e-32
1.53683e-32
2.8746e-32
2.30327e-32
2.88288e-33
-2.18157e-32
-4.07364e-32
-4.08071e-32
-3.20861e-32
-1.81381e-32
-1.35562e-32
-2.63657e-32
-3.72351e-32
-4.39052e-32
-2.35505e-32
1.60625e-32
4.96484e-32
6.40296e-32
2.96834e-32
-3.14521e-32
-9.34362e-32
-1.23291e-31
-9.08475e-32
-1.97122e-32
6.53552e-32
1.14053e-31
1.00128e-31
3.61759e-32
-5.30187e-32
-1.1135e-31
-1.16442e-31
-6.5784e-32
1.47394e-32
7.46862e-32
9.28479e-32
5.57367e-32
-1.0066e-32
-6.46375e-32
-8.4936e-32
-5.25689e-32
6.98376e-33
6.27342e-32
8.76713e-32
6.07292e-32
2.98782e-33
-6.09276e-32
-1.00078e-31
-8.8753e-32
-3.90492e-32
3.26174e-32
9.5472e-32
1.18179e-31
1.00716e-31
4.49509e-32
-2.64387e-32
-8.23275e-32
-1.13131e-31
-1.01791e-31
-5.55849e-32
7.29578e-33
7.6795e-32
1.22286e-31
1.34706e-31
1.07667e-31
4.08568e-32
-3.70546e-32
-1.07225e-31
-1.38011e-31
-1.12335e-31
-4.07394e-32
5.81405e-32
1.39227e-31
1.69485e-31
1.3548e-31
4.70908e-32
-5.2602e-32
-1.20936e-31
-1.26678e-31
-6.62903e-32
2.80716e-32
1.12712e-31
1.48733e-31
1.1838e-31
4.26759e-32
-4.18423e-32
-9.43992e-32
-8.54368e-32
-2.81193e-32
5.43902e-32
1.19761e-31
1.31965e-31
9.78418e-32
2.39244e-32
-4.44854e-32
-7.29341e-32
-6.02244e-32
2.13658e-33
6.71946e-32
1.10139e-31
1.18744e-31
7.6377e-32
2.52643e-32
-2.30053e-32
-4.53541e-32
-2.57367e-32
7.39978e-33
5.25094e-32
8.32716e-32
8.88621e-32
8.07416e-32
5.63432e-32
3.43376e-32
2.12544e-32
1.40096e-32
1.60317e-32
1.84589e-32
1.66315e-32
1.77823e-32
1.78705e-32
2.76515e-32
5.04488e-32
7.43401e-32
1.03472e-31
1.12011e-31
9.8012e-32
6.28598e-32
4.76235e-33
-3.89233e-32
-6.47767e-32
-4.99589e-32
3.49752e-33
6.76095e-32
1.30875e-31
1.54393e-31
1.39163e-31
8.73138e-32
2.36257e-32
-2.54342e-32
-4.59989e-32
-2.47602e-32
5.90192e-33
5.46453e-32
7.50074e-32
7.56123e-32
6.85631e-32
2.37187e-32
1.42887e-32
-1.82226e-32
-2.44687e-32
-4.58692e-33
)
;

boundaryField
{
    left
    {
        type            calculated;
        value           uniform 0;
    }
    right
    {
        type            calculated;
        value           uniform 0;
    }
    empty
    {
        type            empty;
        value           nonuniform List<scalar> 0();
    }
}


// ************************************************************************* //
