/*--------------------------------*- C++ -*----------------------------------*\
| =========                 |                                                 |
| \\      /  F ield         | OpenFOAM: The Open Source CFD Toolbox           |
|  \\    /   O peration     | Version:  2106                                  |
|   \\  /    A nd           | Website:  www.openfoam.com                      |
|    \\/     M anipulation  |                                                 |
\*---------------------------------------------------------------------------*/
FoamFile
{
    version     2.0;
    format      ascii;
    arch        "LSB;label=32;scalar=64";
    class       surfaceScalarField;
    location    "0.057";
    object      phi;
}
// * * * * * * * * * * * * * * * * * * * * * * * * * * * * * * * * * * * * * //

dimensions      [0 3 -1 0 0 0 0];

oriented        oriented;

internalField   nonuniform List<scalar> 
799
(
1.8346e-32
4.66867e-32
6.03869e-32
5.00486e-32
2.52996e-32
-4.10343e-32
-1.00113e-31
-1.45691e-31
-1.5544e-31
-1.17379e-31
-6.12886e-32
1.2748e-33
4.00272e-32
5.00383e-32
2.87102e-32
-1.02713e-32
-6.09271e-32
-1.1306e-31
-1.52823e-31
-1.80244e-31
-1.71534e-31
-1.34866e-31
-7.31252e-32
-1.79503e-33
3.93477e-32
4.8986e-32
7.8444e-33
-6.22707e-32
-1.28074e-31
-1.80192e-31
-1.82581e-31
-1.54843e-31
-1.08088e-31
-5.26366e-32
-2.73627e-32
-1.59156e-32
-3.27628e-32
-7.03284e-32
-9.98926e-32
-1.3629e-31
-1.44973e-31
-1.32218e-31
-1.08494e-31
-6.15327e-32
-3.60505e-32
-2.55148e-32
-4.11946e-32
-8.99349e-32
-1.29677e-31
-1.65762e-31
-1.67498e-31
-1.33465e-31
-9.01027e-32
-3.56196e-32
-1.10303e-32
-1.70142e-32
-4.99493e-32
-1.08877e-31
-1.54123e-31
-1.79116e-31
-1.658e-31
-1.12507e-31
-5.02631e-32
4.80335e-33
1.77456e-32
-2.28727e-32
-9.65523e-32
-1.79953e-31
-2.25263e-31
-2.07636e-31
-1.36147e-31
-3.42898e-32
4.22648e-32
5.89124e-32
1.19558e-32
-8.1692e-32
-1.68064e-31
-2.1255e-31
-2.00897e-31
-1.41493e-31
-7.50901e-32
-2.59211e-32
-1.03904e-32
-2.52282e-32
-4.91789e-32
-7.49548e-32
-9.436e-32
-1.12329e-31
-1.32463e-31
-1.44559e-31
-1.42428e-31
-1.11143e-31
-5.84321e-32
-4.87351e-33
2.79365e-32
9.18729e-33
-4.92683e-32
-1.30913e-31
-2.00146e-31
-2.13379e-31
-1.77976e-31
-9.2082e-32
-1.13224e-33
5.2219e-32
6.13702e-32
3.54153e-33
-7.5607e-32
-1.49281e-31
-1.93101e-31
-1.75988e-31
-1.32039e-31
-6.91724e-32
-2.2425e-32
-1.37463e-32
-2.50967e-32
-5.56293e-32
-7.23864e-32
-6.9811e-32
-5.69964e-32
-4.30309e-32
-5.28806e-32
-8.33046e-32
-1.2477e-31
-1.55523e-31
-1.54037e-31
-1.19299e-31
-5.98671e-32
-3.46066e-34
3.75266e-32
4.29443e-32
1.30539e-32
-3.92679e-32
-1.00181e-31
-1.55459e-31
-1.87283e-31
-1.89983e-31
-1.56231e-31
-9.20567e-32
-1.82813e-32
4.65295e-32
7.18471e-32
4.93121e-32
-1.38683e-32
-9.80402e-32
-1.62861e-31
-1.89338e-31
-1.65832e-31
-1.05577e-31
-4.28439e-32
4.67941e-34
1.24697e-33
-3.33306e-32
-8.03441e-32
-1.17452e-31
-1.17992e-31
-8.51111e-32
-3.43274e-32
7.37872e-33
1.01743e-32
-2.9882e-32
-1.01012e-31
-1.67869e-31
-1.94827e-31
-1.6394e-31
-8.37689e-32
5.56347e-33
6.36226e-32
5.56789e-32
-1.08574e-32
-1.00857e-31
-1.71664e-31
-1.78601e-31
-1.32256e-31
-5.4832e-32
7.80303e-33
1.41646e-32
-2.18563e-32
-9.0791e-32
-1.40458e-31
-1.4269e-31
-1.06525e-31
-3.56397e-32
1.37268e-32
2.70657e-32
-2.11852e-33
-6.96073e-32
-1.25697e-31
-1.62284e-31
-1.54739e-31
-1.07834e-31
-5.26591e-32
3.08184e-33
2.58932e-32
1.71148e-32
-1.46988e-32
-6.35369e-32
-1.01462e-31
-1.26042e-31
-1.30212e-31
-1.13027e-31
-8.70445e-32
-5.21288e-32
-1.9015e-32
2.79335e-33
9.27305e-33
-1.00459e-32
-4.98888e-32
-9.64184e-32
-1.33177e-31
-1.36452e-31
-1.02601e-31
-4.46618e-32
1.23816e-32
3.32539e-32
4.60041e-33
-6.33796e-32
-1.38826e-31
-1.76245e-31
-1.5041e-31
-6.79763e-32
3.47976e-32
1.01414e-31
9.14275e-32
4.83175e-33
-1.24327e-31
-2.29116e-31
-2.54117e-31
-1.87164e-31
-5.09995e-32
8.29203e-32
1.51282e-31
1.26152e-31
1.25903e-32
-1.24023e-31
-2.24109e-31
-2.45722e-31
-1.76354e-31
-6.42177e-32
4.4823e-32
1.02218e-31
8.37144e-32
1.39073e-32
-7.81654e-32
-1.47403e-31
-1.65111e-31
-1.34068e-31
-7.13166e-32
-1.11689e-32
1.73409e-32
4.78774e-33
-3.45945e-32
-7.6661e-32
-9.09004e-32
-6.66041e-32
-2.25936e-32
1.9116e-32
2.24281e-32
-2.01455e-32
-8.40307e-32
-1.41484e-31
-1.48944e-31
-9.86843e-32
-1.6563e-32
6.48278e-32
9.86528e-32
7.25504e-32
8.97669e-33
-6.44735e-32
-1.05758e-31
-1.00526e-31
-6.64446e-32
-1.61143e-32
1.97299e-32
3.42357e-32
4.14033e-32
3.84998e-32
4.37148e-32
5.00682e-32
4.78548e-32
4.726e-32
4.04563e-32
4.3857e-32
5.91968e-32
7.51022e-32
9.06218e-32
9.24505e-32
9.15235e-32
1.0424e-31
1.42406e-31
2.07753e-31
2.76596e-31
3.17789e-31
3.06948e-31
2.51683e-31
1.83861e-31
1.55171e-31
2.0059e-31
3.13686e-31
4.60962e-31
5.76261e-31
6.21344e-31
5.93737e-31
5.25725e-31
4.84802e-31
5.05474e-31
5.99572e-31
7.36485e-31
8.60611e-31
9.45915e-31
9.7862e-31
9.89716e-31
1.0185e-30
1.083e-30
1.19218e-30
1.31423e-30
1.424e-30
1.50942e-30
1.5701e-30
1.64001e-30
1.73689e-30
1.8721e-30
2.03965e-30
2.20474e-30
2.35352e-30
2.47164e-30
2.5709e-30
2.68657e-30
2.83329e-30
3.03358e-30
3.27154e-30
3.51532e-30
3.74527e-30
3.92924e-30
4.08523e-30
4.23824e-30
4.41893e-30
4.66975e-30
4.97871e-30
5.33297e-30
5.68906e-30
5.99446e-30
6.23455e-30
6.41225e-30
6.53093e-30
6.80938e-30
7.19704e-30
8.4116e-30
1.06899e-29
1.41611e-29
2.08941e-29
2.34344e-29
2.60799e-29
8.86761e-30
-3.40223e-29
-8.5532e-29
-1.91256e-28
-1.82023e-28
-1.21353e-28
1.66549e-28
8.10668e-28
1.17593e-27
1.81831e-27
1.05661e-27
-7.61351e-28
-3.03673e-27
-7.5432e-27
-7.21367e-27
-5.93142e-27
1.74788e-27
1.68758e-26
2.26674e-26
3.30481e-26
1.66475e-26
-1.36119e-26
-4.10083e-26
-9.04966e-26
-7.13235e-26
-4.2196e-26
3.15689e-26
1.54623e-25
1.62734e-25
1.91996e-25
5.43097e-26
-1.45602e-25
-2.41564e-25
-4.15713e-25
-2.36525e-25
-3.1645e-26
2.19152e-25
5.89194e-25
4.55154e-25
3.83033e-25
-3.70859e-26
-5.44004e-25
-5.80051e-25
-7.54254e-25
-2.5458e-25
2.23626e-25
5.06846e-25
9.15291e-25
5.06857e-25
2.23642e-25
-2.54566e-25
-7.54249e-25
-5.80057e-25
-5.44016e-25
-3.70999e-26
3.83023e-25
4.55153e-25
5.89198e-25
2.1916e-25
-3.16392e-26
-2.36523e-25
-4.15714e-25
-2.41569e-25
-1.45606e-25
5.43062e-26
1.91995e-25
1.62734e-25
1.54624e-25
3.15693e-26
-4.21962e-26
-7.13241e-26
-9.04972e-26
-4.10091e-26
-1.36126e-26
1.66467e-26
3.30472e-26
2.26666e-26
1.6875e-26
1.74725e-27
-5.93195e-27
-7.21412e-27
-7.54359e-27
-3.03714e-27
-7.6178e-28
1.05613e-27
1.8178e-27
1.17541e-27
8.10163e-28
1.66118e-28
-1.21703e-28
-1.82272e-28
-1.91438e-28
-8.57128e-29
-3.42474e-29
8.53658e-30
2.56661e-29
2.29877e-29
2.0488e-29
1.38822e-29
1.05467e-29
8.38756e-30
7.21949e-30
6.78998e-30
6.42559e-30
6.19476e-30
5.93941e-30
5.68186e-30
5.41324e-30
5.15293e-30
4.90996e-30
4.69825e-30
4.51e-30
4.32164e-30
4.11203e-30
3.86674e-30
3.5947e-30
3.33134e-30
3.10355e-30
2.93789e-30
2.82744e-30
2.74268e-30
2.65772e-30
2.53656e-30
2.38126e-30
2.1994e-30
2.01133e-30
1.84854e-30
1.71694e-30
1.63015e-30
1.57676e-30
1.53689e-30
1.49342e-30
1.41928e-30
1.30972e-30
1.17466e-30
1.03659e-30
9.29759e-31
8.76625e-31
8.70903e-31
8.93962e-31
9.02587e-31
8.61756e-31
7.72474e-31
6.41442e-31
5.19867e-31
4.43952e-31
4.24192e-31
4.65251e-31
5.15219e-31
5.43304e-31
5.22133e-31
4.38674e-31
3.3245e-31
2.29042e-31
1.7005e-31
1.77158e-31
2.32214e-31
3.11107e-31
3.64518e-31
3.55606e-31
2.79046e-31
1.54986e-31
3.36803e-32
-2.98188e-32
-1.08033e-32
8.26194e-32
2.03428e-31
2.865e-31
2.92603e-31
2.12362e-31
8.43144e-32
-3.38633e-32
-9.42412e-32
-7.59238e-32
-1.6551e-33
9.10799e-32
1.54208e-31
1.67928e-31
1.33001e-31
6.77423e-32
8.33266e-33
-3.37564e-32
-3.90633e-32
-1.78056e-32
1.51817e-32
5.15389e-32
6.21398e-32
5.74762e-32
3.09729e-32
-6.95893e-34
-1.17598e-32
-1.18919e-32
1.66051e-32
4.18393e-32
4.77187e-32
3.56666e-32
-1.00728e-32
-4.60156e-32
-6.30987e-32
-4.94121e-32
1.93421e-33
4.6962e-32
7.85074e-32
7.44229e-32
3.58738e-32
-3.54491e-33
-3.92047e-32
-5.00513e-32
-4.41339e-32
-4.15452e-32
-3.78942e-32
-3.99194e-32
-2.68175e-32
1.47651e-32
6.81471e-32
1.18773e-31
1.222e-31
5.98498e-32
-4.71582e-32
-1.66677e-31
-2.24816e-31
-1.88245e-31
-6.56257e-32
1.05025e-31
2.27249e-31
2.5069e-31
1.55492e-31
-2.75652e-32
-1.97219e-31
-2.90567e-31
-2.53102e-31
-9.95721e-32
8.40146e-32
2.30188e-31
2.56035e-31
1.58257e-31
-6.6328e-33
-1.74892e-31
-2.50822e-31
-2.17085e-31
-9.60452e-32
5.93717e-32
1.60108e-31
1.82762e-31
1.20017e-31
9.11206e-33
-8.52916e-32
-1.43341e-31
-1.39634e-31
-9.525e-32
-3.96997e-32
1.77919e-32
5.02442e-32
6.77476e-32
6.68839e-32
4.62246e-32
1.8519e-32
-2.27087e-32
-5.85328e-32
-8.43956e-32
-9.35178e-32
-7.97895e-32
-5.35047e-32
-1.41428e-32
2.32722e-32
5.57075e-32
7.10627e-32
6.31434e-32
3.55485e-32
-1.48e-32
-6.07887e-32
-9.77846e-32
-1.07485e-31
-8.36162e-32
-4.7994e-32
3.33652e-33
3.87556e-32
5.63274e-32
5.85423e-32
3.28371e-32
5.25869e-33
-3.23902e-32
-6.58196e-32
-8.03429e-32
-8.35929e-32
-5.78005e-32
-2.0835e-32
1.82963e-32
4.98154e-32
5.29864e-32
3.71341e-32
1.87026e-33
-3.69237e-32
-6.35393e-32
-7.47095e-32
-6.28626e-32
-3.68665e-32
-4.43387e-33
2.33308e-32
3.66348e-32
3.08376e-32
1.05956e-32
-1.42082e-32
-3.32313e-32
-3.34194e-32
-2.48217e-32
-1.10097e-32
-6.57224e-33
-1.95271e-32
-3.05471e-32
-3.73796e-32
-1.71949e-32
2.22441e-32
5.56458e-32
6.98345e-32
3.52927e-32
-2.60463e-32
-8.82392e-32
-1.18306e-31
-8.6083e-32
-1.51712e-32
6.96705e-32
1.18148e-31
1.03996e-31
3.98141e-32
-4.96123e-32
-1.08182e-31
-1.13515e-31
-6.31013e-32
1.71731e-32
7.68724e-32
9.47843e-32
5.74249e-32
-8.62756e-33
-6.34534e-32
-8.40073e-32
-5.18978e-32
7.39302e-33
6.28786e-32
8.75521e-32
6.0344e-32
2.3318e-33
-6.18568e-32
-1.01278e-31
-9.02215e-32
-4.07853e-32
3.06148e-32
9.3197e-32
1.15632e-31
9.78952e-32
4.18544e-32
-2.98105e-32
-8.59687e-32
-1.17048e-31
-1.05983e-31
-6.00522e-32
2.55552e-33
7.1783e-32
1.17002e-31
1.29151e-31
1.01847e-31
3.47781e-32
-4.33861e-32
-1.13809e-31
-1.44851e-31
-1.19431e-31
-4.80851e-32
5.05542e-32
1.31409e-31
1.61429e-31
1.27196e-31
3.85803e-32
-6.13288e-32
-1.29877e-31
-1.35831e-31
-7.56518e-32
1.85068e-32
1.0295e-31
1.38781e-31
1.08245e-31
3.23639e-32
-5.23221e-32
-1.05041e-31
-9.62363e-32
-3.90655e-32
4.33071e-32
1.08545e-31
1.20632e-31
8.63915e-32
1.23711e-32
-5.61349e-32
-8.46679e-32
-7.20358e-32
-9.74099e-33
5.52587e-32
9.81502e-32
1.06716e-31
6.43246e-32
1.31926e-32
-3.50785e-32
-5.74198e-32
-3.77843e-32
-4.61546e-33
4.05431e-32
7.13647e-32
7.70237e-32
6.89814e-32
4.46712e-32
2.27655e-32
9.79365e-33
2.67524e-33
4.83476e-33
7.40771e-33
5.73867e-33
7.05786e-33
7.3253e-33
1.72948e-32
4.03008e-32
6.44103e-32
9.37702e-32
1.02545e-31
8.87931e-32
5.38967e-32
-3.93556e-33
-4.73388e-32
-7.29002e-32
-5.77793e-32
-4.0121e-33
6.04166e-32
1.24009e-31
1.47862e-31
1.32973e-31
8.14698e-32
1.81368e-32
-3.05596e-32
-5.07558e-32
-2.91432e-32
1.89885e-33
5.10236e-32
7.17755e-32
7.27791e-32
6.61286e-32
2.16797e-32
1.26517e-32
-1.94526e-32
-2.52897e-32
-4.99858e-33
)
;

boundaryField
{
    left
    {
        type            calculated;
        value           uniform 0;
    }
    right
    {
        type            calculated;
        value           uniform 0;
    }
    empty
    {
        type            empty;
        value           nonuniform List<scalar> 0();
    }
}


// ************************************************************************* //
