/*--------------------------------*- C++ -*----------------------------------*\
| =========                 |                                                 |
| \\      /  F ield         | OpenFOAM: The Open Source CFD Toolbox           |
|  \\    /   O peration     | Version:  2106                                  |
|   \\  /    A nd           | Website:  www.openfoam.com                      |
|    \\/     M anipulation  |                                                 |
\*---------------------------------------------------------------------------*/
FoamFile
{
    version     2.0;
    format      ascii;
    arch        "LSB;label=32;scalar=64";
    class       surfaceScalarField;
    location    "0.106";
    object      phi;
}
// * * * * * * * * * * * * * * * * * * * * * * * * * * * * * * * * * * * * * //

dimensions      [0 3 -1 0 0 0 0];

oriented        oriented;

internalField   nonuniform List<scalar> 
799
(
1.68963e-32
4.37858e-32
5.6034e-32
4.42467e-32
1.80631e-32
-4.9701e-32
-1.102e-31
-1.57195e-31
-1.68354e-31
-1.31694e-31
-7.69979e-32
-1.58206e-32
2.15537e-32
3.01941e-32
7.50605e-33
-3.2823e-32
-8.48146e-32
-1.3827e-31
-1.79339e-31
-2.08055e-31
-2.00622e-31
-1.65208e-31
-1.0471e-31
-3.4605e-32
5.32941e-33
1.37766e-32
-2.85376e-32
-9.98068e-32
-1.66749e-31
-2.19982e-31
-2.23467e-31
-1.96801e-31
-1.51099e-31
-9.66798e-32
-7.24163e-32
-6.19594e-32
-7.97747e-32
-1.18286e-31
-1.48773e-31
-1.86069e-31
-1.95629e-31
-1.83729e-31
-1.60835e-31
-1.14677e-31
-8.99801e-32
-8.02067e-32
-9.66286e-32
-1.46085e-31
-1.86519e-31
-2.23275e-31
-2.25662e-31
-1.92256e-31
-1.49497e-31
-9.55966e-32
-7.15658e-32
-7.80885e-32
-1.11537e-31
-1.70958e-31
-2.16676e-31
-2.4212e-31
-2.29235e-31
-1.76355e-31
-1.14506e-31
-5.9814e-32
-4.72259e-32
-8.81813e-32
-1.62174e-31
-2.45874e-31
-2.91465e-31
-2.74102e-31
-2.02856e-31
-1.01222e-31
-2.48795e-32
-8.42444e-33
-5.55571e-32
-1.4937e-31
-2.35893e-31
-2.80518e-31
-2.68978e-31
-2.09678e-31
-1.43372e-31
-9.42859e-32
-7.88255e-32
-9.37228e-32
-1.17719e-31
-1.43525e-31
-1.62956e-31
-1.8094e-31
-2.01079e-31
-2.13172e-31
-2.11024e-31
-1.79716e-31
-1.26969e-31
-7.33704e-32
-4.05168e-32
-5.92118e-32
-1.17603e-31
-1.99177e-31
-2.68332e-31
-2.81485e-31
-2.45993e-31
-1.60003e-31
-6.89562e-32
-1.55015e-32
-6.24648e-33
-6.39648e-32
-1.42998e-31
-2.16547e-31
-2.60236e-31
-2.42998e-31
-1.98922e-31
-1.35925e-31
-8.90457e-32
-8.0227e-32
-9.14365e-32
-1.21824e-31
-1.38438e-31
-1.35714e-31
-1.22751e-31
-1.08635e-31
-1.18333e-31
-1.48604e-31
-1.89914e-31
-2.20513e-31
-2.18871e-31
-1.83977e-31
-1.24388e-31
-6.47112e-32
-2.66844e-32
-2.11117e-32
-5.08469e-32
-1.03013e-31
-1.63766e-31
-2.18887e-31
-2.5055e-31
-2.53089e-31
-2.1918e-31
-1.54848e-31
-8.09151e-32
-1.59465e-32
9.52988e-33
-1.28464e-32
-7.58672e-32
-1.59879e-31
-2.24541e-31
-2.50859e-31
-2.27188e-31
-1.6677e-31
-1.03872e-31
-6.03945e-32
-5.94487e-32
-9.3859e-32
-1.40702e-31
-1.77634e-31
-1.78003e-31
-1.44952e-31
-9.39974e-32
-5.21205e-32
-4.91488e-32
-8.90276e-32
-1.59974e-31
-2.26645e-31
-2.53412e-31
-2.22329e-31
-1.41961e-31
-5.24262e-32
5.84098e-33
-1.89057e-33
-6.8211e-32
-1.57982e-31
-2.28556e-31
-2.35256e-31
-1.88664e-31
-1.10985e-31
-4.80851e-32
-4.14451e-32
-7.71809e-32
-1.45817e-31
-1.9517e-31
-1.97074e-31
-1.60568e-31
-8.93284e-32
-3.95899e-32
-2.58625e-32
-5.46347e-32
-1.2169e-31
-1.77327e-31
-2.1344e-31
-2.05397e-31
-1.57965e-31
-1.02237e-31
-4.5909e-32
-2.24792e-32
-3.06076e-32
-6.17313e-32
-1.09839e-31
-1.46989e-31
-1.70754e-31
-1.7406e-31
-1.5596e-31
-1.29005e-31
-9.30593e-32
-5.886e-32
-3.58975e-32
-2.81953e-32
-4.62172e-32
-8.46868e-32
-1.29758e-31
-1.64972e-31
-1.66605e-31
-1.31011e-31
-7.12246e-32
-1.22206e-32
1.0725e-32
-1.57272e-32
-8.13751e-32
-1.54351e-31
-1.8915e-31
-1.6054e-31
-7.51624e-32
3.07254e-32
1.0064e-31
9.41509e-32
1.12543e-32
-1.13985e-31
-2.1463e-31
-2.35246e-31
-1.63658e-31
-2.25909e-32
1.1651e-31
1.9035e-31
1.71007e-31
6.35582e-32
-6.66e-32
-1.59872e-31
-1.74292e-31
-9.73377e-32
2.28005e-32
1.4028e-31
2.06571e-31
1.97442e-31
1.37509e-31
5.58335e-32
-2.45716e-33
-8.64712e-33
3.45137e-32
1.1001e-31
1.83554e-31
2.2614e-31
2.28376e-31
2.04525e-31
1.78768e-31
1.81645e-31
2.23898e-31
2.86738e-31
3.48195e-31
3.72198e-31
3.51296e-31
3.10114e-31
2.76415e-31
2.93812e-31
3.70067e-31
4.79371e-31
5.89177e-31
6.52683e-31
6.57585e-31
6.26372e-31
5.86695e-31
5.80641e-31
6.22613e-31
6.94982e-31
7.85204e-31
8.62595e-31
9.20356e-31
9.72531e-31
1.01644e-30
1.07034e-30
1.12729e-30
1.17764e-30
1.23164e-30
1.2815e-30
1.3437e-30
1.42002e-30
1.49914e-30
1.58018e-30
1.64986e-30
1.71918e-30
1.80461e-30
1.91798e-30
2.0611e-30
2.21031e-30
2.33454e-30
2.40944e-30
2.44267e-30
2.46614e-30
2.53159e-30
2.67405e-30
2.88711e-30
3.13733e-30
3.35859e-30
3.51268e-30
3.59716e-30
3.64436e-30
3.72179e-30
3.86399e-30
4.08281e-30
4.34768e-30
4.60298e-30
4.82272e-30
4.99312e-30
5.14519e-30
5.31822e-30
5.53024e-30
5.79023e-30
6.06635e-30
6.33345e-30
6.57944e-30
6.8039e-30
7.0408e-30
7.30783e-30
7.61633e-30
7.96026e-30
8.30477e-30
8.63598e-30
8.93949e-30
9.22702e-30
9.53379e-30
9.87436e-30
1.02712e-29
1.07083e-29
1.11537e-29
1.15877e-29
1.19781e-29
1.23427e-29
1.27065e-29
1.31e-29
1.35654e-29
1.40908e-29
1.46632e-29
1.52388e-29
1.57652e-29
1.62275e-29
1.66284e-29
1.69713e-29
1.74748e-29
1.8088e-29
1.95286e-29
2.20332e-29
2.57309e-29
3.26902e-29
3.54567e-29
3.83279e-29
2.13407e-29
-2.13248e-29
-7.26113e-29
-1.78113e-28
-1.6866e-28
-1.0777e-28
1.8035e-28
8.24684e-28
1.19015e-27
1.83275e-27
1.07126e-27
-7.46497e-28
-3.02167e-27
-7.52795e-27
-7.19822e-27
-5.91577e-27
1.76371e-27
1.68918e-26
2.26836e-26
3.30645e-26
1.66641e-26
-1.35952e-26
-4.09914e-26
-9.04796e-26
-7.13063e-26
-4.21787e-26
3.15864e-26
1.54641e-25
1.62752e-25
1.92014e-25
5.43277e-26
-1.45584e-25
-2.41546e-25
-4.15694e-25
-2.36507e-25
-3.16265e-26
2.19171e-25
5.89212e-25
4.55173e-25
3.83051e-25
-3.70671e-26
-5.43985e-25
-5.80032e-25
-7.54235e-25
-2.54561e-25
2.23645e-25
5.06865e-25
9.1531e-25
5.06876e-25
2.23661e-25
-2.54547e-25
-7.5423e-25
-5.80038e-25
-5.43997e-25
-3.70812e-26
3.83042e-25
4.55171e-25
5.89216e-25
2.19178e-25
-3.16208e-26
-2.36505e-25
-4.15696e-25
-2.41551e-25
-1.45588e-25
5.4324e-26
1.92012e-25
1.62752e-25
1.54641e-25
3.15867e-26
-4.2179e-26
-7.1307e-26
-9.04803e-26
-4.09924e-26
-1.3596e-26
1.66631e-26
3.30635e-26
2.26826e-26
1.68909e-26
1.76293e-27
-5.91646e-27
-7.19882e-27
-7.52849e-27
-3.02225e-27
-7.47085e-28
1.07062e-27
1.83208e-27
1.18947e-27
8.24015e-28
1.79754e-28
-1.08285e-28
-1.69073e-28
-1.7846e-28
-7.29567e-29
-2.17143e-29
2.08459e-29
3.7751e-29
3.48478e-29
3.2123e-29
2.52921e-29
2.17315e-29
1.93475e-29
1.79551e-29
1.73018e-29
1.67143e-29
1.62613e-29
1.57849e-29
1.53074e-29
1.48202e-29
1.43428e-29
1.38844e-29
1.34589e-29
1.30588e-29
1.26605e-29
1.22431e-29
1.17921e-29
1.13167e-29
1.08524e-29
1.04261e-29
1.00645e-29
9.76072e-30
9.48537e-30
9.21261e-30
8.90649e-30
8.56914e-30
8.20819e-30
7.84405e-30
7.50825e-30
7.20672e-30
6.95313e-30
6.73609e-30
6.53576e-30
6.33504e-30
6.10687e-30
5.84651e-30
5.56387e-30
5.28148e-30
5.03357e-30
4.8426e-30
4.70227e-30
4.59394e-30
4.47439e-30
4.30857e-30
4.09747e-30
3.84777e-30
3.61064e-30
3.42228e-30
3.29312e-30
3.22781e-30
3.17441e-30
3.10207e-30
2.98339e-30
2.8053e-30
2.60728e-30
2.41486e-30
2.2696e-30
2.19313e-30
2.16725e-30
2.16781e-30
2.14543e-30
2.06323e-30
1.91582e-30
1.7233e-30
1.53587e-30
1.40853e-30
1.36595e-30
1.39995e-30
1.46348e-30
1.49133e-30
1.44424e-30
1.31277e-30
1.13541e-30
9.69778e-31
8.6376e-31
8.38204e-31
8.70301e-31
9.22526e-31
9.46747e-31
9.23118e-31
8.5235e-31
7.52715e-31
6.60349e-31
5.86667e-31
5.51095e-31
5.43363e-31
5.48594e-31
5.58388e-31
5.43582e-31
5.1462e-31
4.64883e-31
4.11012e-31
3.78736e-31
3.58349e-31
3.6751e-31
3.74291e-31
3.62565e-31
3.33731e-31
2.71993e-31
2.20803e-31
1.89196e-31
1.89048e-31
2.27223e-31
2.59714e-31
2.79331e-31
2.63901e-31
2.14565e-31
1.64897e-31
1.19498e-31
9.94002e-32
9.65327e-32
9.07805e-32
8.65179e-32
7.69845e-32
8.29653e-32
1.17797e-31
1.64778e-31
2.09341e-31
2.07024e-31
1.39233e-31
2.70744e-32
-9.73219e-32
-1.60073e-31
-1.27867e-31
-9.37781e-33
1.57373e-31
2.75912e-31
2.95869e-31
1.97378e-31
1.12144e-32
-1.61372e-31
-2.57495e-31
-2.22641e-31
-7.15694e-32
1.09697e-31
2.53681e-31
2.77465e-31
1.77741e-31
1.10158e-32
-1.58967e-31
-2.36521e-31
-2.04305e-31
-8.47048e-32
6.93636e-32
1.68832e-31
1.90291e-31
1.26421e-31
1.44565e-32
-8.09447e-32
-1.39926e-31
-1.37095e-31
-9.35362e-32
-3.87586e-32
1.80135e-32
4.97973e-32
6.66748e-32
6.52318e-32
4.40338e-32
1.58182e-32
-2.58849e-32
-6.21499e-32
-8.8419e-32
-9.79151e-32
-8.45333e-32
-5.85693e-32
-1.95015e-32
1.76388e-32
4.98206e-32
6.49478e-32
5.68225e-32
2.90364e-32
-2.14854e-32
-6.76302e-32
-1.04765e-31
-1.14587e-31
-9.08324e-32
-5.53148e-32
-4.07605e-33
3.12663e-32
4.87742e-32
5.09348e-32
2.51845e-32
-2.42547e-33
-4.00939e-32
-7.35306e-32
-8.80541e-32
-9.12981e-32
-6.54912e-32
-2.85049e-32
1.06573e-32
4.22125e-32
4.54294e-32
2.96302e-32
-5.57843e-33
-4.43099e-32
-7.08565e-32
-8.19528e-32
-7.00252e-32
-4.39473e-32
-1.14274e-32
1.64276e-32
2.98324e-32
2.41437e-32
4.01135e-33
-2.06797e-32
-3.95884e-32
-3.96546e-32
-3.09319e-32
-1.69861e-32
-1.24113e-32
-2.52327e-32
-3.61127e-32
-4.28023e-32
-2.24732e-32
1.71223e-32
5.06821e-32
6.50287e-32
3.06464e-32
-3.05264e-32
-9.25515e-32
-1.22447e-31
-9.0047e-32
-1.89554e-32
6.60684e-32
1.1473e-31
1.00767e-31
3.67762e-32
-5.24575e-32
-1.1083e-31
-1.15966e-31
-6.53552e-32
1.51186e-32
7.5015e-32
9.31277e-32
5.59684e-32
-9.88243e-33
-6.45021e-32
-8.48505e-32
-5.25343e-32
6.96691e-33
6.26619e-32
8.75437e-32
6.05434e-32
2.74464e-33
-6.12249e-32
-1.00427e-31
-8.91525e-32
-3.95e-32
3.21164e-32
9.49183e-32
1.17564e-31
1.00043e-31
4.42189e-32
-2.72248e-32
-8.3158e-32
-1.1401e-31
-1.0272e-31
-5.65622e-32
6.27136e-33
7.57199e-32
1.21159e-31
1.33527e-31
1.06436e-31
3.95756e-32
-3.83817e-32
-1.08599e-31
-1.39436e-31
-1.13816e-31
-4.22681e-32
5.65682e-32
1.37618e-31
1.67836e-31
1.33793e-31
4.53725e-32
-5.43518e-32
-1.22715e-31
-1.28491e-31
-6.81378e-32
2.61899e-32
1.10798e-31
1.46788e-31
1.16406e-31
4.0674e-32
-4.38676e-32
-9.64455e-32
-8.75072e-32
-3.02085e-32
5.2283e-32
1.17638e-31
1.29829e-31
9.56931e-32
2.17653e-32
-4.66545e-32
-7.51052e-32
-6.24001e-32
-4.21297e-35
6.50111e-32
1.07954e-31
1.16558e-31
7.41983e-32
2.30871e-32
-2.51671e-32
-4.75013e-32
-2.78733e-32
5.28126e-33
5.04112e-32
8.11937e-32
8.68045e-32
7.87043e-32
5.43291e-32
3.23436e-32
1.92804e-32
1.20626e-32
1.41118e-32
1.65643e-32
1.47635e-32
1.59436e-32
1.60605e-32
2.58737e-32
4.87117e-32
7.26452e-32
1.0182e-31
1.10399e-31
9.64451e-32
6.13371e-32
3.28668e-33
-4.03527e-32
-6.61549e-32
-5.12841e-32
2.22309e-33
6.63874e-32
1.29704e-31
1.53272e-31
1.38095e-31
8.63012e-32
2.26726e-32
-2.6331e-32
-4.68392e-32
-2.55404e-32
5.18496e-33
5.39937e-32
7.44237e-32
7.51022e-32
6.81268e-32
2.3348e-32
1.39923e-32
-1.84445e-32
-2.46156e-32
-4.66154e-33
)
;

boundaryField
{
    left
    {
        type            calculated;
        value           uniform 0;
    }
    right
    {
        type            calculated;
        value           uniform 0;
    }
    empty
    {
        type            empty;
        value           nonuniform List<scalar> 0();
    }
}


// ************************************************************************* //
