/*--------------------------------*- C++ -*----------------------------------*\
| =========                 |                                                 |
| \\      /  F ield         | OpenFOAM: The Open Source CFD Toolbox           |
|  \\    /   O peration     | Version:  2106                                  |
|   \\  /    A nd           | Website:  www.openfoam.com                      |
|    \\/     M anipulation  |                                                 |
\*---------------------------------------------------------------------------*/
FoamFile
{
    version     2.0;
    format      ascii;
    arch        "LSB;label=32;scalar=64";
    class       surfaceScalarField;
    location    "0.079";
    object      phi;
}
// * * * * * * * * * * * * * * * * * * * * * * * * * * * * * * * * * * * * * //

dimensions      [0 3 -1 0 0 0 0];

oriented        oriented;

internalField   nonuniform List<scalar> 
799
(
1.76215e-32
4.52325e-32
5.82052e-32
4.71379e-32
2.16645e-32
-4.53872e-32
-1.05172e-31
-1.51453e-31
-1.61904e-31
-1.24543e-31
-6.91448e-32
-7.2701e-33
3.07987e-32
4.01303e-32
1.81291e-32
-2.15187e-32
-7.28348e-32
-1.25619e-31
-1.66023e-31
-1.94081e-31
-1.86e-31
-1.49949e-31
-8.88215e-32
-1.80902e-32
2.24612e-32
3.15209e-32
-1.01879e-32
-8.08605e-32
-1.47213e-31
-1.99868e-31
-2.02782e-31
-1.75553e-31
-1.29295e-31
-7.43326e-32
-4.95343e-32
-3.85523e-32
-5.58519e-32
-9.38577e-32
-1.23849e-31
-1.60663e-31
-1.69752e-31
-1.5739e-31
-1.34045e-31
-8.74493e-32
-6.23238e-32
-5.21288e-32
-6.8138e-32
-1.17194e-31
-1.5724e-31
-1.93619e-31
-1.95637e-31
-1.61874e-31
-1.18769e-31
-6.45324e-32
-4.01773e-32
-4.63856e-32
-7.95319e-32
-1.38656e-31
-1.84091e-31
-2.09264e-31
-1.96114e-31
-1.42979e-31
-8.08849e-32
-2.59581e-32
-1.31445e-32
-5.38839e-32
-1.27671e-31
-2.11177e-31
-2.56585e-31
-2.39044e-31
-1.67628e-31
-6.58352e-32
1.06573e-32
2.72534e-32
-1.97483e-32
-1.13434e-31
-1.99839e-31
-2.44352e-31
-2.32713e-31
-1.73319e-31
-1.06922e-31
-5.77533e-32
-4.22164e-32
-5.70429e-32
-8.0976e-32
-1.0673e-31
-1.26111e-31
-1.44053e-31
-1.64155e-31
-1.76215e-31
-1.74042e-31
-1.42714e-31
-8.99487e-32
-3.63384e-32
-3.47871e-33
-2.21723e-32
-8.05697e-32
-1.62154e-31
-2.31324e-31
-2.44492e-31
-2.09021e-31
-1.23056e-31
-3.20355e-32
2.13891e-32
3.06133e-32
-2.71409e-32
-1.06212e-31
-1.79805e-31
-2.23535e-31
-2.06342e-31
-1.6232e-31
-9.93788e-32
-5.25598e-32
-4.37999e-32
-5.5066e-32
-8.55173e-32
-1.02196e-31
-9.95381e-32
-8.66418e-32
-7.25959e-32
-8.23639e-32
-1.12707e-31
-1.54091e-31
-1.84764e-31
-1.832e-31
-1.48385e-31
-8.88719e-32
-2.92711e-32
8.67891e-33
1.41727e-32
-1.56421e-32
-6.78905e-32
-1.28727e-31
-1.83932e-31
-2.15682e-31
-2.18305e-31
-1.84482e-31
-1.20235e-31
-4.63884e-32
1.84934e-32
4.38813e-32
2.14155e-32
-4.16968e-32
-1.258e-31
-1.90554e-31
-2.16967e-31
-1.93396e-31
-1.33076e-31
-7.02709e-32
-2.68923e-32
-2.60459e-32
-6.056e-32
-1.07508e-31
-1.44553e-31
-1.45026e-31
-1.1208e-31
-6.12291e-32
-1.94609e-32
-1.66006e-32
-5.65968e-32
-1.27666e-31
-1.94463e-31
-2.2136e-31
-1.90417e-31
-1.10183e-31
-2.07832e-32
3.73435e-32
2.94585e-32
-3.7014e-32
-1.26952e-31
-1.97699e-31
-2.04574e-31
-1.58162e-31
-8.06756e-32
-1.79774e-32
-1.15481e-32
-4.75046e-32
-1.16371e-31
-1.65968e-31
-1.68129e-31
-1.31893e-31
-6.09356e-32
-1.14984e-32
1.91549e-33
-2.71932e-32
-9.45993e-32
-1.50608e-31
-1.87112e-31
-1.79482e-31
-1.32486e-31
-7.72268e-32
-2.13943e-32
1.51667e-33
-7.15791e-33
-3.88639e-32
-8.75907e-32
-1.25399e-31
-1.49859e-31
-1.53904e-31
-1.36587e-31
-1.1046e-31
-7.53941e-32
-4.21261e-32
-2.01478e-32
-1.34913e-32
-3.26221e-32
-7.22642e-32
-1.18577e-31
-1.55108e-31
-1.58137e-31
-1.24024e-31
-6.58092e-32
-8.46958e-33
1.27202e-32
-1.55857e-32
-8.31972e-32
-1.58249e-31
-1.95246e-31
-1.68956e-31
-8.60349e-32
1.72611e-32
8.44355e-32
7.50571e-32
-1.0892e-32
-1.39352e-31
-2.43392e-31
-2.67587e-31
-1.99772e-31
-6.26841e-32
7.22284e-32
1.41655e-31
1.17666e-31
5.32922e-33
-1.29972e-31
-2.28649e-31
-2.48753e-31
-1.77769e-31
-6.38987e-32
4.69957e-32
1.06374e-31
8.99913e-32
2.24499e-32
-6.72033e-32
-1.33854e-31
-1.48803e-31
-1.14817e-31
-4.89276e-32
1.45618e-32
4.66331e-32
3.78731e-32
2.52628e-33
-3.52415e-32
-4.49115e-32
-1.57595e-32
3.34059e-32
8.05934e-32
8.97182e-32
5.33069e-32
-4.03693e-33
-5.45723e-32
-5.47069e-32
3.30869e-33
9.36288e-32
1.83683e-31
2.26661e-31
2.10227e-31
1.56863e-31
9.4175e-32
6.42418e-32
8.14398e-32
1.28115e-31
1.917e-31
2.41493e-31
2.70662e-31
2.93239e-31
3.06519e-31
3.28722e-31
3.529e-31
3.69375e-31
3.88365e-31
4.02073e-31
4.26944e-31
4.64749e-31
5.04146e-31
5.44214e-31
5.71686e-31
5.97524e-31
6.38162e-31
7.05443e-31
8.01125e-31
9.01567e-31
9.75651e-31
9.99027e-31
9.7934e-31
9.48488e-31
9.58194e-31
1.04347e-30
1.1979e-30
1.38803e-30
1.54774e-30
1.63881e-30
1.6588e-30
1.64e-30
1.64996e-30
1.72321e-30
1.87159e-30
2.06452e-30
2.2464e-30
2.39123e-30
2.48526e-30
2.55948e-30
2.65321e-30
2.78447e-30
2.96227e-30
3.15478e-30
3.33687e-30
3.49645e-30
3.63315e-30
3.78094e-30
3.95755e-30
4.17432e-30
4.42527e-30
4.67557e-30
4.91137e-30
5.11829e-30
5.30811e-30
5.51607e-30
5.7568e-30
6.05275e-30
6.38803e-30
6.73072e-30
7.06114e-30
7.3471e-30
7.60654e-30
7.86442e-30
8.15133e-30
8.50968e-30
8.92741e-30
9.39162e-30
9.85875e-30
1.02762e-29
1.06293e-29
1.0921e-29
1.11544e-29
1.15482e-29
1.2052e-29
1.33831e-29
1.57784e-29
1.93671e-29
2.62177e-29
2.88758e-29
3.16391e-29
1.45447e-29
-2.82275e-29
-7.96199e-29
-1.85227e-28
-1.75878e-28
-1.15091e-28
1.72926e-28
8.17159e-28
1.18253e-27
1.82503e-27
1.06344e-27
-7.54413e-28
-3.02968e-27
-7.53605e-27
-7.20641e-27
-5.92405e-27
1.75534e-27
1.68834e-26
2.2675e-26
3.30559e-26
1.66554e-26
-1.3604e-26
-4.10002e-26
-9.04885e-26
-7.13153e-26
-4.21877e-26
3.15773e-26
1.54632e-25
1.62742e-25
1.92005e-25
5.43184e-26
-1.45593e-25
-2.41555e-25
-4.15704e-25
-2.36517e-25
-3.16361e-26
2.19161e-25
5.89203e-25
4.55163e-25
3.83042e-25
-3.70768e-26
-5.43995e-25
-5.80042e-25
-7.54245e-25
-2.54571e-25
2.23635e-25
5.06855e-25
9.153e-25
5.06866e-25
2.23651e-25
-2.54557e-25
-7.5424e-25
-5.80048e-25
-5.44007e-25
-3.70909e-26
3.83032e-25
4.55162e-25
5.89207e-25
2.19169e-25
-3.16304e-26
-2.36515e-25
-4.15706e-25
-2.4156e-25
-1.45598e-25
5.43147e-26
1.92003e-25
1.62742e-25
1.54632e-25
3.15776e-26
-4.2188e-26
-7.1316e-26
-9.04892e-26
-4.10012e-26
-1.36047e-26
1.66545e-26
3.30549e-26
2.26742e-26
1.68825e-26
1.75463e-27
-5.92467e-27
-7.20695e-27
-7.53653e-27
-3.03019e-27
-7.54931e-28
1.06287e-27
1.82442e-27
1.18192e-27
8.16564e-28
1.72404e-28
-1.15532e-28
-1.76217e-28
-1.85499e-28
-7.98905e-29
-2.85421e-29
1.41249e-29
3.11372e-29
2.83418e-29
2.57251e-29
1.90027e-29
1.55508e-29
1.32757e-29
1.19922e-29
1.14479e-29
1.09695e-29
1.06253e-29
1.02575e-29
9.88846e-30
9.50933e-30
9.13961e-30
8.78838e-30
8.46962e-30
8.17561e-30
7.88281e-30
7.57016e-30
7.22326e-30
6.85112e-30
6.48918e-30
6.16438e-30
5.90333e-30
5.69915e-30
5.52233e-30
5.34703e-30
5.13726e-30
4.89511e-30
4.62817e-30
4.35682e-30
4.11256e-30
3.9013e-30
3.73668e-30
3.60728e-30
3.49324e-30
3.37744e-30
3.23279e-30
3.05456e-30
2.85263e-30
2.64952e-30
2.47945e-30
2.36485e-30
2.29944e-30
2.26455e-30
2.21698e-30
2.12166e-30
1.97958e-30
1.79743e-30
1.62638e-30
1.50262e-30
1.4366e-30
1.43297e-30
1.43979e-30
1.42623e-30
1.3649e-30
1.24272e-30
1.09921e-30
9.59894e-31
8.66349e-31
8.40229e-31
8.63338e-31
9.11546e-31
9.35492e-31
8.98306e-31
7.94627e-31
6.4457e-31
4.98356e-31
4.11008e-31
4.07205e-31
4.78794e-31
5.78739e-31
6.41867e-31
6.2893e-31
5.30518e-31
3.85131e-31
2.50425e-31
1.74294e-31
1.77608e-31
2.37588e-31
3.16742e-31
3.66951e-31
3.68393e-31
3.218e-31
2.45464e-31
1.75539e-31
1.23474e-31
1.08711e-31
1.21012e-31
1.45515e-31
1.7384e-31
1.76844e-31
1.64993e-31
1.31696e-31
9.36049e-32
7.64771e-32
7.06192e-32
9.37168e-32
1.13859e-31
1.14936e-31
9.83631e-32
4.83634e-32
8.4124e-33
-1.24382e-32
-2.29908e-33
4.57107e-32
8.7604e-32
1.16204e-31
1.09353e-31
6.82099e-32
2.63597e-32
-1.15827e-32
-2.45688e-32
-2.06571e-32
-1.99484e-32
-1.80548e-32
-2.17254e-32
-1.01666e-32
2.9975e-32
8.20086e-32
1.31374e-31
1.33623e-31
7.01701e-32
-3.78656e-32
-1.58348e-31
-2.17382e-31
-1.81651e-31
-5.98137e-32
1.10111e-31
2.31655e-31
2.54461e-31
1.58672e-31
-2.49329e-32
-1.951e-31
-2.8893e-31
-2.51911e-31
-9.87972e-32
8.43997e-32
2.3021e-31
2.55716e-31
1.57623e-31
-7.55739e-33
-1.76083e-31
-2.52262e-31
-2.18753e-31
-9.79317e-32
5.72851e-32
1.57836e-31
1.80315e-31
1.1741e-31
6.35256e-33
-8.81956e-32
-1.4638e-31
-1.42797e-31
-9.85316e-32
-4.30919e-32
1.42987e-32
4.66602e-32
6.40763e-32
6.31344e-32
4.24064e-32
1.46303e-32
-2.66591e-32
-6.254e-32
-8.84498e-32
-9.76161e-32
-8.39265e-32
-5.76771e-32
-1.83362e-32
1.90517e-32
5.14682e-32
6.68106e-32
5.88808e-32
3.12753e-32
-1.90804e-32
-6.50739e-32
-1.0207e-31
-1.1177e-31
-8.79052e-32
-5.22845e-32
-9.52433e-34
3.44715e-32
5.20513e-32
5.42811e-32
2.85903e-32
1.0397e-33
-3.65882e-32
-6.99899e-32
-8.44851e-32
-8.7705e-32
-6.18771e-32
-2.4878e-32
1.42895e-32
4.58477e-32
4.90593e-32
3.32485e-32
-1.97408e-33
-4.07274e-32
-6.72996e-32
-7.842e-32
-6.65248e-32
-4.04776e-32
-7.992e-33
1.9825e-32
3.31847e-32
2.74419e-32
7.25233e-33
-1.74899e-32
-3.64512e-32
-3.65746e-32
-2.79153e-32
-1.40382e-32
-9.52978e-33
-2.24175e-32
-3.33697e-32
-4.01301e-32
-1.98672e-32
1.9655e-32
5.31421e-32
6.74136e-32
3.2956e-32
-2.82948e-32
-9.03953e-32
-1.20369e-31
-8.80534e-32
-1.70475e-32
6.7886e-32
1.16453e-31
1.0239e-31
3.82974e-32
-5.10402e-32
-1.0952e-31
-1.14763e-31
-6.42584e-32
1.61109e-32
7.59035e-32
9.39101e-32
5.66455e-32
-9.31217e-33
-6.40372e-32
-8.44869e-32
-5.22724e-32
7.11978e-33
6.27041e-32
8.74751e-32
6.03651e-32
2.45462e-33
-6.16269e-32
-1.0094e-31
-8.97762e-32
-4.02367e-32
3.12678e-32
9.39568e-32
1.16495e-31
9.88642e-32
4.29309e-32
-2.86219e-32
-8.46687e-32
-1.15632e-31
-1.04451e-31
-5.84038e-32
4.32257e-33
7.36691e-32
1.19005e-31
1.31272e-31
1.04081e-31
3.71223e-32
-4.0938e-32
-1.1125e-31
-1.42186e-31
-1.16659e-31
-4.52052e-32
5.35348e-32
1.34493e-31
1.64622e-31
1.30491e-31
4.19795e-32
-5.78321e-32
-1.26281e-31
-1.32138e-31
-7.18636e-32
2.23886e-32
1.06924e-31
1.42845e-31
1.12396e-31
3.66009e-32
-4.80038e-32
-1.00642e-31
-9.17578e-32
-3.4508e-32
4.79384e-32
1.13254e-31
1.25405e-31
9.12274e-32
1.72679e-32
-5.11829e-32
-7.9665e-32
-6.69817e-32
-4.64029e-33
6.03961e-32
1.03323e-31
1.11916e-31
6.9552e-32
1.84408e-32
-2.9811e-32
-5.21393e-32
-3.25031e-32
6.63543e-34
4.58131e-32
7.66279e-32
8.22763e-32
7.42175e-32
4.9885e-32
2.79489e-32
1.4941e-32
7.77745e-33
9.88788e-33
1.24055e-32
1.06754e-32
1.19268e-32
1.21206e-32
2.2011e-32
4.49298e-32
6.8946e-32
9.82089e-32
1.0688e-31
9.30208e-32
5.80126e-32
6.31946e-35
-4.34688e-32
-6.91593e-32
-5.41742e-32
-5.45429e-34
6.37434e-32
1.2719e-31
1.50889e-31
1.3585e-31
8.41947e-32
2.07007e-32
-2.81594e-32
-4.85244e-32
-2.70834e-32
3.7834e-33
5.27329e-32
7.33042e-32
7.41212e-32
6.72842e-32
2.26522e-32
1.34349e-32
-1.88621e-32
-2.48936e-32
-4.80117e-33
)
;

boundaryField
{
    left
    {
        type            calculated;
        value           uniform 0;
    }
    right
    {
        type            calculated;
        value           uniform 0;
    }
    empty
    {
        type            empty;
        value           nonuniform List<scalar> 0();
    }
}


// ************************************************************************* //
