/*--------------------------------*- C++ -*----------------------------------*\
| =========                 |                                                 |
| \\      /  F ield         | OpenFOAM: The Open Source CFD Toolbox           |
|  \\    /   O peration     | Version:  2106                                  |
|   \\  /    A nd           | Website:  www.openfoam.com                      |
|    \\/     M anipulation  |                                                 |
\*---------------------------------------------------------------------------*/
FoamFile
{
    version     2.0;
    format      ascii;
    arch        "LSB;label=32;scalar=64";
    class       surfaceScalarField;
    location    "0.083";
    object      phi;
}
// * * * * * * * * * * * * * * * * * * * * * * * * * * * * * * * * * * * * * //

dimensions      [0 3 -1 0 0 0 0];

oriented        oriented;

internalField   nonuniform List<scalar> 
799
(
1.75011e-32
4.49942e-32
5.78516e-32
4.66752e-32
2.10987e-32
-4.60658e-32
-1.05969e-31
-1.52368e-31
-1.62932e-31
-1.25683e-31
-7.03993e-32
-8.63781e-33
2.93166e-32
3.85344e-32
1.64195e-32
-2.33411e-32
-7.47697e-32
-1.27661e-31
-1.68173e-31
-1.96335e-31
-1.88356e-31
-1.52406e-31
-9.13748e-32
-2.07429e-32
1.97152e-32
2.86824e-32
-1.31178e-32
-8.38818e-32
-1.50321e-31
-2.03067e-31
-2.06082e-31
-1.78944e-31
-1.32776e-31
-7.78975e-32
-5.31825e-32
-4.22826e-32
-5.96628e-32
-9.77483e-32
-1.27816e-31
-1.64704e-31
-1.73862e-31
-1.61568e-31
-1.3829e-31
-9.176e-32
-6.66957e-32
-5.65659e-32
-7.26361e-32
-1.21751e-31
-1.61855e-31
-1.9829e-31
-2.0036e-31
-1.66651e-31
-1.23595e-31
-6.94071e-32
-4.50977e-32
-5.13499e-32
-8.45378e-32
-1.43704e-31
-1.89177e-31
-2.14389e-31
-2.01278e-31
-1.48175e-31
-8.6115e-32
-3.12204e-32
-1.84378e-32
-5.92081e-32
-1.3302e-31
-2.1655e-31
-2.61981e-31
-2.44461e-31
-1.7307e-31
-7.12963e-32
5.18083e-33
2.176e-32
-2.52553e-32
-1.18954e-31
-2.0537e-31
-2.49895e-31
-2.38268e-31
-1.78884e-31
-1.12498e-31
-6.33381e-32
-4.7809e-32
-6.26431e-32
-8.65805e-32
-1.12337e-31
-1.31723e-31
-1.49664e-31
-1.69763e-31
-1.81821e-31
-1.79646e-31
-1.48316e-31
-9.55544e-32
-4.19446e-32
-9.07895e-33
-2.77665e-32
-8.61588e-32
-1.67736e-31
-2.36897e-31
-2.50061e-31
-2.14585e-31
-1.28608e-31
-3.75808e-32
1.58573e-32
2.50905e-32
-3.26539e-32
-1.11718e-31
-1.85306e-31
-2.29034e-31
-2.11837e-31
-1.67802e-31
-1.04844e-31
-5.80066e-32
-4.92376e-32
-6.04966e-32
-9.0937e-32
-1.07602e-31
-1.04932e-31
-9.20247e-32
-7.79658e-32
-8.77215e-32
-1.18053e-31
-1.59424e-31
-1.90084e-31
-1.88506e-31
-1.53676e-31
-9.41547e-32
-3.45419e-32
3.42144e-33
8.92906e-33
-2.08728e-32
-7.31086e-32
-1.33933e-31
-1.89122e-31
-2.20858e-31
-2.23467e-31
-1.89632e-31
-1.25373e-31
-5.15148e-32
1.33792e-32
3.87803e-32
1.63274e-32
-4.67722e-32
-1.30862e-31
-1.95602e-31
-2.22003e-31
-1.98419e-31
-1.38083e-31
-7.52687e-32
-3.18787e-32
-3.10196e-32
-6.55192e-32
-1.12454e-31
-1.49482e-31
-1.49945e-31
-1.16987e-31
-6.61222e-32
-2.43435e-32
-2.14711e-32
-6.14537e-32
-1.32509e-31
-1.99292e-31
-2.26178e-31
-1.95217e-31
-1.1497e-31
-2.55595e-32
3.25768e-32
2.47061e-32
-4.17566e-32
-1.31675e-31
-2.02406e-31
-2.0927e-31
-1.62846e-31
-8.53436e-32
-2.26297e-32
-1.61823e-32
-5.21224e-32
-1.20969e-31
-1.70549e-31
-1.7269e-31
-1.36431e-31
-6.54534e-32
-1.59927e-32
-2.55505e-33
-3.16394e-32
-9.90214e-32
-1.55006e-31
-1.91484e-31
-1.83827e-31
-1.36798e-31
-8.15029e-32
-2.56338e-32
-2.68577e-33
-1.13242e-32
-4.29926e-32
-9.16773e-32
-1.29439e-31
-1.5385e-31
-1.57842e-31
-1.40469e-31
-1.14286e-31
-7.91565e-32
-4.58215e-32
-2.37747e-32
-1.70385e-32
-3.60886e-32
-7.56451e-32
-1.21869e-31
-1.58301e-31
-1.61224e-31
-1.26997e-31
-6.86602e-32
-1.11869e-32
1.01397e-32
-1.80208e-32
-8.54752e-32
-1.60362e-31
-1.97179e-31
-1.70698e-31
-8.75711e-32
1.59453e-32
8.33552e-32
7.42205e-32
-1.14709e-32
-1.39657e-31
-2.43404e-31
-2.67289e-31
-1.99137e-31
-6.16899e-32
7.36006e-32
1.43429e-31
1.19868e-31
7.98405e-33
-1.26835e-31
-2.25003e-31
-2.44568e-31
-1.73012e-31
-5.85362e-32
5.29992e-32
1.13059e-31
9.73964e-32
3.0617e-32
-5.82297e-32
-1.2403e-31
-1.38078e-31
-1.03141e-31
-3.62481e-32
2.83006e-32
6.14868e-32
5.39035e-32
1.9798e-32
-1.66683e-32
-2.49661e-32
5.63335e-33
5.63199e-32
1.05105e-31
1.15911e-31
8.12615e-32
2.57623e-32
-2.2829e-32
-2.09272e-32
3.92122e-32
1.31767e-31
2.24161e-31
2.69585e-31
2.55712e-31
2.05024e-31
1.4514e-31
1.18129e-31
1.38372e-31
1.88231e-31
2.5514e-31
3.08394e-31
3.41175e-31
3.67511e-31
3.84705e-31
4.10979e-31
4.3939e-31
4.60269e-31
4.83834e-31
5.02293e-31
5.32097e-31
5.75018e-31
6.19718e-31
6.65283e-31
6.98448e-31
7.30182e-31
7.76925e-31
8.5052e-31
9.52735e-31
1.05993e-30
1.14098e-30
1.17155e-30
1.15929e-30
1.1361e-30
1.1537e-30
1.2471e-30
1.40992e-30
1.60867e-30
1.77725e-30
1.87745e-30
1.90681e-30
1.89765e-30
1.91751e-30
2.00091e-30
2.15969e-30
2.36329e-30
2.55612e-30
2.71215e-30
2.81764e-30
2.90358e-30
3.0093e-30
3.15282e-30
3.34314e-30
3.54842e-30
3.74354e-30
3.91642e-30
4.06666e-30
4.22825e-30
4.41891e-30
4.64998e-30
4.91547e-30
5.18054e-30
5.43135e-30
5.65351e-30
5.8588e-30
6.08244e-30
6.33906e-30
6.65111e-30
7.00268e-30
7.36186e-30
7.70896e-30
8.01176e-30
8.28821e-30
8.56326e-30
8.86749e-30
9.24329e-30
9.6786e-30
1.01605e-29
1.06454e-29
1.10808e-29
1.14519e-29
1.17616e-29
1.20131e-29
1.24252e-29
1.29471e-29
1.42965e-29
1.671e-29
2.03169e-29
2.71857e-29
2.9862e-29
3.26435e-29
1.55671e-29
-2.71872e-29
-7.85617e-29
-1.84151e-28
-1.74784e-28
-1.1398e-28
1.74055e-28
8.18305e-28
1.18369e-27
1.82621e-27
1.06463e-27
-7.53201e-28
-3.02845e-27
-7.53481e-27
-7.20515e-27
-5.92278e-27
1.75663e-27
1.68847e-26
2.26764e-26
3.30572e-26
1.66567e-26
-1.36026e-26
-4.09989e-26
-9.04871e-26
-7.13139e-26
-4.21863e-26
3.15787e-26
1.54633e-25
1.62744e-25
1.92006e-25
5.43198e-26
-1.45592e-25
-2.41554e-25
-4.15702e-25
-2.36515e-25
-3.16346e-26
2.19163e-25
5.89204e-25
4.55165e-25
3.83043e-25
-3.70753e-26
-5.43993e-25
-5.8004e-25
-7.54243e-25
-2.54569e-25
2.23637e-25
5.06857e-25
9.15301e-25
5.06867e-25
2.23652e-25
-2.54556e-25
-7.54238e-25
-5.80046e-25
-5.44005e-25
-3.70894e-26
3.83034e-25
4.55163e-25
5.89208e-25
2.1917e-25
-3.16289e-26
-2.36513e-25
-4.15704e-25
-2.41559e-25
-1.45596e-25
5.43162e-26
1.92005e-25
1.62744e-25
1.54633e-25
3.1579e-26
-4.21866e-26
-7.13146e-26
-9.04878e-26
-4.09998e-26
-1.36034e-26
1.66558e-26
3.30562e-26
2.26755e-26
1.68838e-26
1.75591e-27
-5.92341e-27
-7.2057e-27
-7.53529e-27
-3.02897e-27
-7.53731e-28
1.06405e-27
1.82559e-27
1.18307e-27
8.17697e-28
1.7352e-28
-1.14434e-28
-1.75136e-28
-1.84436e-28
-7.88454e-29
-2.75148e-29
1.51342e-29
3.21285e-29
2.9315e-29
2.66803e-29
1.99397e-29
1.64696e-29
1.41764e-29
1.28749e-29
1.23125e-29
1.1816e-29
1.14539e-29
1.10682e-29
1.06813e-29
1.02844e-29
9.89708e-30
9.52834e-30
9.1922e-30
8.88094e-30
8.57104e-30
8.24144e-30
7.87775e-30
7.48899e-30
7.11063e-30
6.76958e-30
6.49249e-30
6.27246e-30
6.08e-30
5.88927e-30
5.6643e-30
5.40717e-30
5.12548e-30
4.83962e-30
4.58109e-30
4.3558e-30
4.1774e-30
4.03447e-30
3.90715e-30
3.77833e-30
3.62091e-30
3.43016e-30
3.21598e-30
3.00087e-30
2.81907e-30
2.693e-30
2.61638e-30
2.57055e-30
2.51228e-30
2.40654e-30
2.25429e-30
2.06223e-30
1.88152e-30
1.74835e-30
1.67319e-30
1.66066e-30
1.65882e-30
1.63684e-30
1.56734e-30
1.43724e-30
1.28603e-30
1.13925e-30
1.03847e-30
1.00534e-30
1.02166e-30
1.06329e-30
1.08088e-30
1.03754e-30
9.27919e-31
7.72117e-31
6.20353e-31
5.27654e-31
5.1868e-31
5.85297e-31
6.80444e-31
7.38952e-31
7.21565e-31
6.18863e-31
4.69351e-31
3.30682e-31
2.5074e-31
2.50395e-31
3.06864e-31
3.82645e-31
4.29612e-31
4.27945e-31
3.78374e-31
2.99186e-31
2.26541e-31
1.71865e-31
1.54607e-31
1.6452e-31
1.86738e-31
2.12884e-31
2.13804e-31
1.99966e-31
1.64774e-31
1.24879e-31
1.0603e-31
9.85331e-32
1.20068e-31
1.38726e-31
1.38386e-31
1.20468e-31
6.91913e-32
2.80232e-32
6.01326e-33
1.50576e-32
6.203e-32
1.02939e-31
1.30605e-31
1.22866e-31
8.08812e-32
3.82327e-32
-4.63427e-34
-1.41598e-32
-1.09161e-32
-1.08431e-32
-9.55442e-33
-1.3793e-32
-2.77003e-33
3.68655e-32
8.84206e-32
1.37335e-31
1.39159e-31
7.53024e-32
-3.31079e-32
-1.53941e-31
-2.13312e-31
-1.77893e-31
-5.63524e-32
1.1329e-31
2.34571e-31
2.57132e-31
1.61112e-31
-2.27143e-32
-1.93087e-31
-2.87108e-31
-2.50269e-31
-9.73166e-32
8.57287e-32
2.31395e-31
2.56767e-31
1.58545e-31
-6.75806e-33
-1.75404e-31
-2.51695e-31
-2.18283e-31
-9.75525e-32
5.75804e-32
1.58053e-31
1.8046e-31
1.17485e-31
6.36761e-33
-8.82347e-32
-1.46468e-31
-1.42929e-31
-9.87047e-32
-4.33041e-32
1.40484e-32
4.63683e-32
6.37498e-32
6.27793e-32
4.20261e-32
1.42271e-32
-2.70917e-32
-6.29974e-32
-8.89366e-32
-9.8128e-32
-8.44629e-32
-5.82323e-32
-1.8914e-32
1.84558e-32
5.08502e-32
6.6176e-32
5.82293e-32
3.06118e-32
-1.97533e-32
-6.57547e-32
-1.02762e-31
-1.12468e-31
-8.86048e-32
-5.29796e-32
-1.64456e-33
3.37843e-32
5.13727e-32
5.36071e-32
2.79162e-32
3.62616e-34
-3.72622e-32
-7.06652e-32
-8.51577e-32
-8.83761e-32
-6.25436e-32
-2.55393e-32
1.3638e-32
4.52052e-32
4.84289e-32
3.26298e-32
-2.58797e-33
-4.13368e-32
-6.79028e-32
-7.90173e-32
-6.71146e-32
-4.10629e-32
-8.56738e-33
1.92563e-32
3.26204e-32
2.68906e-32
6.71969e-33
-1.80105e-32
-3.69643e-32
-3.70802e-32
-2.84065e-32
-1.45113e-32
-9.98832e-33
-2.28614e-32
-3.37971e-32
-4.05423e-32
-2.02674e-32
1.92602e-32
5.27524e-32
6.70329e-32
3.25858e-32
-2.86547e-32
-9.07474e-32
-1.20712e-31
-8.83821e-32
-1.7362e-32
6.75881e-32
1.1617e-31
1.02123e-31
3.80461e-32
-5.12734e-32
-1.09733e-31
-1.14958e-31
-6.44374e-32
1.59484e-32
7.57568e-32
9.37792e-32
5.65323e-32
-9.40696e-33
-6.41154e-32
-8.45483e-32
-5.23161e-32
7.0957e-33
6.26996e-32
8.74908e-32
6.04012e-32
2.50747e-33
-6.15571e-32
-1.00852e-31
-8.96701e-32
-4.01133e-32
3.14077e-32
9.41133e-32
1.16672e-31
9.9059e-32
4.31401e-32
-2.84045e-32
-8.4437e-32
-1.15386e-31
-1.04188e-31
-5.81285e-32
4.61146e-33
7.397e-32
1.19318e-31
1.31598e-31
1.04423e-31
3.74834e-32
-4.05529e-32
-1.10855e-31
-1.41777e-31
-1.16235e-31
-4.47688e-32
5.39922e-32
1.34966e-31
1.65109e-31
1.30996e-31
4.25026e-32
-5.72904e-32
-1.25724e-31
-1.31559e-31
-7.12635e-32
2.30085e-32
1.07561e-31
1.43499e-31
1.13066e-31
3.72848e-32
-4.73057e-32
-9.99317e-32
-9.10416e-32
-3.37858e-32
4.86666e-32
1.13986e-31
1.26142e-31
9.19737e-32
1.80187e-32
-5.04245e-32
-7.88984e-32
-6.62129e-32
-3.87292e-33
6.11665e-32
1.04103e-31
1.12702e-31
7.03393e-32
1.92307e-32
-2.90214e-32
-5.13494e-32
-3.17116e-32
1.45573e-33
4.66052e-32
7.74134e-32
8.30512e-32
7.49834e-32
5.06427e-32
2.86985e-32
1.56828e-32
8.51321e-33
1.06159e-32
1.31265e-32
1.13856e-32
1.26274e-32
1.28104e-32
2.26911e-32
4.55956e-32
6.95975e-32
9.88423e-32
1.07499e-31
9.36254e-32
5.85994e-32
6.36084e-34
-4.29121e-32
-6.86225e-32
-5.36554e-32
-4.73959e-35
6.42174e-32
1.2764e-31
1.51318e-31
1.36254e-31
8.45679e-32
2.10476e-32
-2.78405e-32
-4.82325e-32
-2.68171e-32
4.02188e-33
5.29465e-32
7.34908e-32
7.42852e-32
6.74256e-32
2.27678e-32
1.35274e-32
-1.87929e-32
-2.48492e-32
-4.77951e-33
)
;

boundaryField
{
    left
    {
        type            calculated;
        value           uniform 0;
    }
    right
    {
        type            calculated;
        value           uniform 0;
    }
    empty
    {
        type            empty;
        value           nonuniform List<scalar> 0();
    }
}


// ************************************************************************* //
