/*--------------------------------*- C++ -*----------------------------------*\
| =========                 |                                                 |
| \\      /  F ield         | OpenFOAM: The Open Source CFD Toolbox           |
|  \\    /   O peration     | Version:  2106                                  |
|   \\  /    A nd           | Website:  www.openfoam.com                      |
|    \\/     M anipulation  |                                                 |
\*---------------------------------------------------------------------------*/
FoamFile
{
    version     2.0;
    format      ascii;
    arch        "LSB;label=32;scalar=64";
    class       surfaceScalarField;
    location    "0.019";
    object      phi;
}
// * * * * * * * * * * * * * * * * * * * * * * * * * * * * * * * * * * * * * //

dimensions      [0 3 -1 0 0 0 0];

oriented        oriented;

internalField   nonuniform List<scalar> 
799
(
2.02824e-32
5.05553e-32
6.61813e-32
5.77613e-32
3.49293e-32
-2.95028e-32
-8.66917e-32
-1.30401e-31
-1.383e-31
-9.84165e-32
-4.05263e-32
2.38052e-32
6.42949e-32
7.60095e-32
5.63499e-32
1.90001e-32
-3.00626e-32
-8.06393e-32
-1.18887e-31
-1.44836e-31
-1.34698e-31
-9.6645e-32
-3.35653e-32
3.90618e-32
8.14563e-32
9.23008e-32
5.23195e-32
-1.66834e-32
-8.14204e-32
-1.32521e-31
-1.33935e-31
-1.05261e-31
-5.76229e-32
-1.3316e-33
2.47398e-32
3.69402e-32
2.08055e-32
-1.60894e-32
-4.50216e-32
-8.08253e-32
-8.89578e-32
-7.56907e-32
-5.14848e-32
-4.07605e-33
2.18201e-32
3.27325e-32
1.74003e-32
-3.10225e-32
-7.04785e-32
-1.06308e-31
-1.07812e-31
-7.35754e-32
-3.0034e-32
2.46031e-32
4.93242e-32
4.34498e-32
1.06031e-32
-4.82528e-32
-9.34505e-32
-1.18416e-31
-1.05082e-31
-5.1791e-32
1.04308e-32
6.54622e-32
7.83553e-32
3.76745e-32
-3.60781e-32
-1.19564e-31
-1.64975e-31
-1.47457e-31
-7.60874e-32
2.56427e-32
1.02056e-31
1.18556e-31
7.14475e-32
-2.23619e-32
-1.08905e-31
-1.53572e-31
-1.421e-31
-8.28842e-32
-1.6677e-32
3.22921e-32
4.76179e-32
3.257e-32
8.40638e-33
-1.75846e-32
-3.72156e-32
-5.54096e-32
-7.57733e-32
-8.81008e-32
-8.62014e-32
-5.51508e-32
-2.67044e-33
5.0652e-32
8.32242e-32
6.42373e-32
5.54344e-33
-7.634e-32
-1.45812e-31
-1.59285e-31
-1.24118e-31
-3.84554e-32
5.22612e-32
1.05386e-31
1.14307e-31
5.62518e-32
-2.31181e-32
-9.70116e-32
-1.41041e-31
-1.24147e-31
-8.04125e-32
-1.77567e-32
2.87821e-32
3.72607e-32
2.57183e-32
-5.00441e-33
-2.19496e-32
-1.9554e-32
-6.91623e-33
6.87805e-33
-3.13683e-33
-3.3722e-32
-7.53407e-32
-1.06242e-31
-1.04901e-31
-7.0304e-32
-1.10064e-32
4.8386e-32
8.61327e-32
9.14318e-32
6.14264e-32
8.99469e-33
-5.20227e-32
-1.07398e-31
-1.39317e-31
-1.42109e-31
-1.08445e-31
-4.4355e-32
2.93404e-32
9.40742e-32
1.19318e-31
9.67124e-32
3.34639e-32
-5.07731e-32
-1.15658e-31
-1.42198e-31
-1.18749e-31
-5.85513e-32
4.12535e-33
4.73794e-32
4.81049e-32
1.34725e-32
-3.35934e-32
-7.07539e-32
-7.13482e-32
-3.85246e-32
1.22018e-32
5.38478e-32
5.65817e-32
1.64607e-32
-5.47352e-32
-1.21658e-31
-1.48686e-31
-1.17874e-31
-3.778e-32
5.14741e-32
1.09458e-31
1.0143e-31
3.48082e-32
-5.52787e-32
-1.26181e-31
-1.33213e-31
-8.69648e-32
-9.64732e-33
5.28818e-32
5.91366e-32
2.30058e-32
-4.60418e-32
-9.58267e-32
-9.81788e-32
-6.21319e-32
8.62832e-33
5.78682e-32
7.1078e-32
4.17641e-32
-2.58541e-32
-8.20762e-32
-1.18797e-31
-1.11389e-31
-6.46149e-32
-9.5815e-33
4.60205e-32
6.86925e-32
5.97727e-32
2.78199e-32
-2.11566e-32
-5.92184e-32
-8.39382e-32
-8.82448e-32
-7.11964e-32
-4.53451e-32
-1.05595e-32
2.24142e-32
4.40918e-32
5.04436e-32
3.09963e-32
-8.97307e-33
-5.56248e-32
-9.25063e-32
-9.59023e-32
-6.21684e-32
-4.34491e-33
5.25884e-32
7.33463e-32
4.45797e-32
-2.35114e-32
-9.90673e-32
-1.36592e-31
-1.10863e-31
-2.85339e-32
7.41363e-32
1.40647e-31
1.3056e-31
4.38548e-32
-8.54067e-32
-1.903e-31
-2.15409e-31
-1.48569e-31
-1.25234e-32
1.21273e-31
1.8951e-31
1.64247e-31
5.05447e-32
-8.62185e-32
-1.86465e-31
-2.08247e-31
-1.39066e-31
-2.71293e-32
8.1694e-32
1.3885e-31
1.20087e-31
4.99937e-32
-4.23925e-32
-1.11975e-31
-1.30061e-31
-9.94323e-32
-3.71358e-32
2.25048e-32
5.04564e-32
3.72878e-32
-2.77304e-33
-4.55874e-32
-6.06488e-32
-3.72517e-32
5.76726e-33
4.6395e-32
4.85154e-32
4.63878e-33
-6.06758e-32
-1.19708e-31
-1.28897e-31
-8.05325e-32
-4.81482e-34
7.86488e-32
1.09998e-31
8.1202e-32
1.4687e-32
-6.19698e-32
-1.06745e-31
-1.05313e-31
-7.53656e-32
-2.95239e-32
1.44623e-33
1.06671e-32
1.21051e-32
2.99422e-33
1.48733e-33
5.7176e-34
-9.49423e-33
-1.85677e-32
-3.45261e-32
-4.09982e-32
-3.63053e-32
-3.18622e-32
-2.86821e-32
-4.01257e-32
-5.53226e-32
-5.79366e-32
-3.62263e-32
1.14634e-32
6.13787e-32
8.22929e-32
4.97371e-32
-2.87629e-32
-1.21432e-31
-1.76675e-31
-1.59617e-31
-7.67934e-32
3.81928e-32
1.19074e-31
1.27488e-31
6.08391e-32
-4.872e-32
-1.3381e-31
-1.60072e-31
-1.15818e-31
-3.18019e-32
3.62225e-32
6.20559e-32
3.1773e-32
-2.38069e-32
-6.55478e-32
-7.56123e-32
-4.51837e-32
-6.28175e-33
1.57868e-32
8.7469e-33
-2.79636e-32
-6.0572e-32
-7.15122e-32
-4.96259e-32
-1.08258e-33
3.91121e-32
5.69558e-32
3.7895e-32
-6.43033e-33
-4.09418e-32
-5.11289e-32
-1.46766e-32
5.24222e-32
1.18138e-31
1.62737e-31
1.53922e-31
1.09636e-31
5.47577e-32
1.99289e-32
4.75163e-32
1.25565e-31
2.41173e-31
3.50949e-31
4.02368e-31
3.80937e-31
2.8963e-31
1.32012e-31
1.26971e-31
2.24189e-31
1.14153e-30
3.11609e-30
6.27738e-30
1.26945e-29
1.49135e-29
1.72324e-29
-3.11212e-31
-4.35367e-29
-9.53861e-29
-2.01453e-28
-1.92566e-28
-1.32244e-28
1.55309e-28
7.99076e-28
1.16398e-27
1.80601e-27
1.04396e-27
-7.74347e-28
-3.05007e-27
-7.55689e-27
-7.2277e-27
-5.94578e-27
1.73317e-27
1.68608e-26
2.2652e-26
3.30324e-26
1.66316e-26
-1.36282e-26
-4.10248e-26
-9.05135e-26
-7.13407e-26
-4.22134e-26
3.15513e-26
1.54605e-25
1.62716e-25
1.91978e-25
5.42911e-26
-1.45621e-25
-2.41583e-25
-4.15732e-25
-2.36545e-25
-3.16645e-26
2.19133e-25
5.89174e-25
4.55135e-25
3.83013e-25
-3.7106e-26
-5.44024e-25
-5.80071e-25
-7.54274e-25
-2.546e-25
2.23606e-25
5.06826e-25
9.1527e-25
5.06836e-25
2.23621e-25
-2.54587e-25
-7.54269e-25
-5.80077e-25
-5.44036e-25
-3.71199e-26
3.83004e-25
4.55133e-25
5.89178e-25
2.1914e-25
-3.16585e-26
-2.36543e-25
-4.15733e-25
-2.41588e-25
-1.45625e-25
5.42878e-26
1.91976e-25
1.62716e-25
1.54606e-25
3.1552e-26
-4.22133e-26
-7.13409e-26
-9.05138e-26
-4.10254e-26
-1.36286e-26
1.66311e-26
3.30319e-26
2.26516e-26
1.68603e-26
1.73288e-27
-5.94598e-27
-7.22782e-27
-7.55695e-27
-3.05016e-27
-7.74454e-28
1.0438e-27
1.80581e-27
1.16377e-27
7.9887e-28
1.55169e-28
-1.32309e-28
-1.92538e-28
-2.01365e-28
-9.53054e-29
-4.35087e-29
-3.9737e-31
1.7055e-29
1.46946e-29
1.25076e-29
6.20888e-30
3.17453e-30
1.31037e-30
4.30818e-31
2.83097e-31
1.93633e-31
2.30629e-31
2.35901e-31
2.31629e-31
2.08881e-31
1.86951e-31
1.74862e-31
1.86475e-31
2.1405e-31
2.33985e-31
2.25241e-31
1.73408e-31
8.75501e-32
3.14619e-33
-5.27757e-32
-5.35418e-32
-5.91339e-33
6.07055e-32
1.20606e-31
1.37921e-31
1.14908e-31
5.92912e-32
-8.3714e-33
-5.64328e-32
-7.87931e-32
-6.16568e-32
-1.62425e-32
3.7749e-32
8.3395e-32
9.37868e-32
6.43704e-32
5.22559e-33
-6.09662e-32
-9.97887e-32
-8.86274e-32
-3.35924e-32
4.68402e-32
1.09609e-31
1.19846e-31
7.86908e-32
-7.00256e-33
-8.5898e-32
-1.21651e-31
-1.03647e-31
-2.70963e-32
5.62101e-32
1.15585e-31
1.23773e-31
6.78447e-32
-1.25727e-32
-9.18131e-32
-1.28179e-31
-9.99016e-32
-2.50491e-32
7.23518e-32
1.43047e-31
1.50272e-31
8.87733e-32
-2.12394e-32
-1.29454e-31
-1.80752e-31
-1.50376e-31
-4.63799e-32
8.42703e-32
1.76487e-31
1.91094e-31
1.18756e-31
-1.96016e-33
-1.13332e-31
-1.67395e-31
-1.4322e-31
-6.35256e-32
3.42409e-32
1.02028e-31
1.20064e-31
8.91352e-32
2.75731e-32
-2.84135e-32
-6.73413e-32
-6.97194e-32
-4.57521e-32
-1.02608e-32
2.84157e-32
4.11668e-32
3.849e-32
1.38261e-32
-1.61393e-32
-2.56303e-32
-2.43088e-32
5.53554e-33
3.20243e-32
3.90648e-32
2.80862e-32
-1.66585e-32
-5.16791e-32
-6.79075e-32
-5.3431e-32
-1.35116e-33
4.43598e-32
7.65429e-32
7.30544e-32
3.50594e-32
-3.83982e-33
-3.90121e-32
-4.94049e-32
-4.30581e-32
-4.00691e-32
-3.6042e-32
-3.77091e-32
-2.42709e-32
1.76307e-32
7.13136e-32
1.22225e-31
1.25923e-31
6.3825e-32
-4.29392e-32
-1.62231e-31
-2.20153e-31
-1.83373e-31
-6.0557e-32
1.10281e-31
2.32687e-31
2.56304e-31
1.61274e-31
-2.16178e-32
-1.91112e-31
-2.84308e-31
-2.46696e-31
-9.30209e-32
9.0706e-32
2.37015e-31
2.62993e-31
1.65339e-31
5.65366e-34
-1.67583e-31
-2.43407e-31
-2.09562e-31
-8.84197e-32
6.70999e-32
1.67938e-31
1.90682e-31
1.28028e-31
1.721e-32
-7.71124e-32
-1.35081e-31
-1.31294e-31
-8.68339e-32
-3.12091e-32
2.63574e-32
5.88778e-32
7.64474e-32
7.56499e-32
5.5055e-32
2.74061e-32
-1.37712e-32
-4.95435e-32
-7.53588e-32
-8.44351e-32
-7.06673e-32
-4.43445e-32
-4.94121e-33
3.25076e-32
6.49734e-32
8.03572e-32
7.24601e-32
4.48832e-32
-5.44907e-33
-5.14283e-32
-8.84197e-32
-9.81216e-32
-7.42672e-32
-3.8663e-32
1.26487e-32
4.80435e-32
6.55884e-32
6.77687e-32
4.20176e-32
1.43978e-32
-2.33038e-32
-5.67912e-32
-7.13798e-32
-7.46975e-32
-4.89754e-32
-1.20873e-32
2.6963e-32
5.83948e-32
6.14748e-32
4.55239e-32
1.01563e-32
-2.8746e-32
-5.54756e-32
-6.67651e-32
-5.50463e-32
-2.91824e-32
3.11821e-33
3.07427e-32
4.39022e-32
3.79587e-32
1.75681e-32
-7.39076e-33
-2.65763e-32
-2.69239e-32
-1.84891e-32
-4.84071e-33
-5.64425e-34
-1.36861e-32
-2.48746e-32
-3.18756e-32
-1.18595e-32
2.74069e-32
6.06337e-32
7.46463e-32
3.99284e-32
-2.15865e-32
-8.3954e-32
-1.14194e-31
-8.21424e-32
-1.14021e-32
7.32696e-32
1.21576e-31
1.07254e-31
4.29046e-32
-4.66918e-32
-1.05428e-31
-1.10929e-31
-6.06818e-32
1.94278e-32
7.89631e-32
9.67118e-32
5.91907e-32
-7.02363e-33
-6.20059e-32
-8.27127e-32
-5.07558e-32
8.38126e-33
6.37092e-32
8.82238e-32
6.08564e-32
2.68934e-33
-6.1651e-32
-1.01223e-31
-9.03163e-32
-4.10311e-32
3.02175e-32
9.26493e-32
1.1493e-31
9.70405e-32
4.08463e-32
-3.09751e-32
-8.72853e-32
-1.18518e-31
-1.07611e-31
-6.18404e-32
6.04345e-34
6.96622e-32
1.14707e-31
1.26677e-31
9.91869e-32
3.19223e-32
-4.64435e-32
-1.17073e-31
-1.48331e-31
-1.23132e-31
-5.20152e-32
4.63923e-32
1.27006e-31
1.56786e-31
1.22303e-31
3.34326e-32
-6.6741e-32
-1.35558e-31
-1.41783e-31
-8.18831e-32
1.19909e-32
9.6143e-32
1.31677e-31
1.00837e-31
2.46466e-32
-6.03523e-32
-1.13391e-31
-1.04909e-31
-4.80655e-32
3.39754e-32
9.8884e-32
1.10633e-31
7.60547e-32
1.69422e-33
-6.71512e-32
-9.60234e-32
-8.37253e-32
-2.1763e-32
4.29039e-32
8.54752e-32
9.37145e-32
5.10089e-32
-4.27316e-34
-4.89933e-32
-7.16198e-32
-5.22634e-32
-1.93609e-32
2.55389e-32
5.61243e-32
6.15643e-32
5.33197e-32
2.88276e-32
6.75919e-33
-6.35256e-33
-1.35913e-32
-1.15236e-32
-9.01929e-33
-1.07325e-32
-9.42749e-33
-9.14741e-33
8.66668e-34
2.39432e-32
4.81558e-32
7.76511e-32
8.65957e-32
7.30478e-32
3.83907e-32
-1.91673e-32
-6.22707e-32
-8.74918e-32
-7.19987e-32
-1.78246e-32
4.70517e-32
1.11122e-31
1.35486e-31
1.21141e-31
7.02129e-32
7.48179e-33
-4.05865e-32
-6.01266e-32
-3.7831e-32
-6.08323e-33
4.37743e-32
6.5277e-32
6.70449e-32
6.11814e-32
1.75365e-32
9.32571e-33
-2.19541e-32
-2.69604e-32
-5.83515e-33
)
;

boundaryField
{
    left
    {
        type            calculated;
        value           uniform 0;
    }
    right
    {
        type            calculated;
        value           uniform 0;
    }
    empty
    {
        type            empty;
        value           nonuniform List<scalar> 0();
    }
}


// ************************************************************************* //
