/*--------------------------------*- C++ -*----------------------------------*\
| =========                 |                                                 |
| \\      /  F ield         | OpenFOAM: The Open Source CFD Toolbox           |
|  \\    /   O peration     | Version:  2106                                  |
|   \\  /    A nd           | Website:  www.openfoam.com                      |
|    \\/     M anipulation  |                                                 |
\*---------------------------------------------------------------------------*/
FoamFile
{
    version     2.0;
    format      ascii;
    arch        "LSB;label=32;scalar=64";
    class       surfaceScalarField;
    location    "0.142";
    object      phi;
}
// * * * * * * * * * * * * * * * * * * * * * * * * * * * * * * * * * * * * * //

dimensions      [0 3 -1 0 0 0 0];

oriented        oriented;

internalField   nonuniform List<scalar> 
799
(
1.61071e-32
4.22065e-32
5.36703e-32
4.10953e-32
1.4127e-32
-5.44196e-32
-1.15703e-31
-1.63478e-31
-1.75417e-31
-1.39538e-31
-8.56166e-32
-2.52103e-32
1.13957e-32
1.92723e-32
-4.17564e-33
-4.52606e-32
-9.80028e-32
-1.52203e-31
-1.94014e-31
-2.23465e-31
-2.1676e-31
-1.82076e-31
-1.22303e-31
-5.29134e-32
-1.36891e-32
-5.94217e-33
-4.8948e-32
-1.209e-31
-1.88517e-31
-2.4242e-31
-2.4657e-31
-2.2056e-31
-1.75503e-31
-1.21723e-31
-9.80885e-32
-8.82535e-32
-1.06682e-31
-1.45799e-31
-1.76882e-31
-2.14766e-31
-2.24906e-31
-2.13575e-31
-1.9124e-31
-1.45634e-31
-1.21478e-31
-1.12235e-31
-1.29177e-31
-1.79146e-31
-2.20084e-31
-2.57334e-31
-2.60199e-31
-2.27264e-31
-1.84967e-31
-1.31518e-31
-1.07929e-31
-1.14882e-31
-1.48753e-31
-2.08586e-31
-2.5471e-31
-2.8055e-31
-2.68047e-31
-2.15539e-31
-1.5405e-31
-9.97084e-32
-8.74613e-32
-1.28748e-31
-2.03062e-31
-2.87073e-31
-3.32969e-31
-3.15898e-31
-2.44937e-31
-1.43577e-31
-6.74982e-32
-5.12989e-32
-9.86783e-32
-1.92728e-31
-2.7948e-31
-3.24327e-31
-3.13003e-31
-2.53905e-31
-1.87791e-31
-1.38888e-31
-1.23604e-31
-1.38669e-31
-1.62823e-31
-1.88785e-31
-2.08357e-31
-2.26476e-31
-2.46742e-31
-2.58952e-31
-2.56919e-31
-2.25716e-31
-1.73071e-31
-1.19563e-31
-8.67887e-32
-1.05559e-31
-1.64022e-31
-2.45661e-31
-3.14874e-31
-3.28078e-31
-2.92632e-31
-2.06676e-31
-1.15661e-31
-6.22294e-32
-5.29887e-32
-1.10721e-31
-1.89759e-31
-2.63316e-31
-3.07002e-31
-2.89753e-31
-2.45662e-31
-1.82644e-31
-1.3574e-31
-1.26889e-31
-1.38058e-31
-1.68405e-31
-1.84969e-31
-1.82189e-31
-1.69164e-31
-1.54982e-31
-1.64608e-31
-1.94802e-31
-2.3603e-31
-2.66541e-31
-2.64806e-31
-2.29812e-31
-1.70116e-31
-1.10324e-31
-7.21777e-32
-6.64782e-32
-9.6081e-32
-1.48109e-31
-2.08717e-31
-2.63685e-31
-2.95192e-31
-2.97562e-31
-2.63472e-31
-1.98954e-31
-1.24826e-31
-5.96542e-32
-3.39652e-32
-5.61195e-32
-1.18909e-31
-2.02676e-31
-2.67083e-31
-2.93136e-31
-2.69185e-31
-2.08476e-31
-1.45272e-31
-1.01478e-31
-1.00197e-31
-1.34254e-31
-1.80727e-31
-2.17275e-31
-2.1724e-31
-1.83767e-31
-1.32364e-31
-9.00207e-32
-8.656e-32
-1.25926e-31
-1.96334e-31
-2.62441e-31
-2.88616e-31
-2.56912e-31
-1.75891e-31
-8.56714e-32
-2.66847e-32
-3.36624e-32
-9.91884e-32
-1.88127e-31
-2.57831e-31
-2.63613e-31
-2.16062e-31
-1.37377e-31
-7.34171e-32
-6.56622e-32
-1.00225e-31
-1.6763e-31
-2.15694e-31
-2.16243e-31
-1.78317e-31
-1.05589e-31
-5.42872e-32
-3.8919e-32
-6.59721e-32
-1.31224e-31
-1.84968e-31
-2.19096e-31
-2.08972e-31
-1.59356e-31
-1.01346e-31
-4.26205e-32
-1.66773e-32
-2.21659e-32
-5.05278e-32
-9.57435e-32
-1.29869e-31
-1.50465e-31
-1.50454e-31
-1.28883e-31
-9.82946e-32
-5.85513e-32
-2.03824e-32
6.73323e-33
1.87801e-32
5.29452e-33
-2.8434e-32
-6.85511e-32
-9.85911e-32
-9.4828e-32
-5.3598e-32
1.20682e-32
7.72087e-32
1.06557e-31
8.6778e-32
2.809e-32
-3.76331e-32
-6.48707e-32
-2.83887e-32
6.51837e-32
1.79611e-31
2.5841e-31
2.61168e-31
1.87886e-31
7.26504e-32
-1.75952e-32
-2.73964e-32
5.54288e-32
2.08167e-31
3.59392e-31
4.45821e-31
4.39546e-31
3.45657e-31
2.29568e-31
1.50888e-31
1.51596e-31
2.44233e-31
3.80624e-31
5.1494e-31
5.98666e-31
6.07589e-31
5.66342e-31
5.04005e-31
4.65716e-31
4.8021e-31
5.44754e-31
6.42352e-31
7.3873e-31
8.04902e-31
8.31495e-31
8.32789e-31
8.32977e-31
8.62628e-31
9.32496e-31
1.02381e-30
1.11461e-30
1.16886e-30
1.17911e-30
1.17001e-30
1.16934e-30
1.22073e-30
1.33196e-30
1.47724e-30
1.62403e-30
1.72556e-30
1.76953e-30
1.77846e-30
1.78001e-30
1.81628e-30
1.90168e-30
2.01861e-30
2.15454e-30
2.27879e-30
2.38458e-30
2.48598e-30
2.58031e-30
2.68583e-30
2.79564e-30
2.90007e-30
3.0094e-30
3.11584e-30
3.23589e-30
3.37133e-30
3.51086e-30
3.65358e-30
3.78625e-30
3.91987e-30
4.07089e-30
4.25117e-30
4.4625e-30
4.68125e-30
4.87632e-30
5.02337e-30
5.13008e-30
5.22834e-30
5.36989e-30
5.58974e-30
5.88151e-30
6.21172e-30
6.51426e-30
6.7509e-30
6.91921e-30
7.05147e-30
7.21523e-30
7.44497e-30
7.75256e-30
8.10737e-30
8.45381e-30
8.76584e-30
9.02968e-30
9.27629e-30
9.54496e-30
9.85369e-30
1.02114e-29
1.05863e-29
1.09532e-29
1.12998e-29
1.16259e-29
1.19653e-29
1.23357e-29
1.27484e-29
1.31973e-29
1.36475e-29
1.40852e-29
1.44957e-29
1.4891e-29
1.5306e-29
1.57554e-29
1.62614e-29
1.68083e-29
1.73638e-29
1.79082e-29
1.84093e-29
1.88849e-29
1.93598e-29
1.98644e-29
2.04412e-29
2.10779e-29
2.17615e-29
2.24484e-29
2.30857e-29
2.36588e-29
2.41702e-29
2.46233e-29
2.52364e-29
2.59589e-29
2.75083e-29
3.0121e-29
3.39261e-29
4.09922e-29
4.38646e-29
4.68409e-29
2.99579e-29
-1.26045e-29
-6.37888e-29
-1.6919e-28
-1.59636e-28
-9.86481e-29
1.89569e-28
8.33999e-28
1.19956e-27
1.84225e-27
1.08085e-27
-7.36813e-28
-3.0119e-27
-7.51809e-27
-7.18828e-27
-5.90574e-27
1.77382e-27
1.6902e-26
2.26938e-26
3.30748e-26
1.66745e-26
-1.35847e-26
-4.09808e-26
-9.0469e-26
-7.12957e-26
-4.21679e-26
3.15972e-26
1.54652e-25
1.62763e-25
1.92025e-25
5.43387e-26
-1.45573e-25
-2.41535e-25
-4.15683e-25
-2.36496e-25
-3.16153e-26
2.19182e-25
5.89223e-25
4.55184e-25
3.83063e-25
-3.70558e-26
-5.43974e-25
-5.80021e-25
-7.54224e-25
-2.5455e-25
2.23656e-25
5.06877e-25
9.15321e-25
5.06887e-25
2.23672e-25
-2.54536e-25
-7.54219e-25
-5.80027e-25
-5.43986e-25
-3.70698e-26
3.83053e-25
4.55183e-25
5.89228e-25
2.1919e-25
-3.16096e-26
-2.36494e-25
-4.15685e-25
-2.4154e-25
-1.45577e-25
5.4335e-26
1.92023e-25
1.62763e-25
1.54652e-25
3.15975e-26
-4.21683e-26
-7.12964e-26
-9.04697e-26
-4.09819e-26
-1.35856e-26
1.66735e-26
3.30738e-26
2.26928e-26
1.6901e-26
1.77299e-27
-5.90649e-27
-7.18894e-27
-7.51869e-27
-3.01253e-27
-7.37461e-28
1.08015e-27
1.84152e-27
1.19882e-27
8.33268e-28
1.8891e-28
-9.92269e-29
-1.60114e-28
-1.69601e-28
-6.41996e-29
-1.30597e-29
2.9397e-29
4.61977e-29
4.31892e-29
4.03583e-29
3.34205e-29
2.97524e-29
2.72603e-29
2.57591e-29
2.49966e-29
2.42996e-29
2.37367e-29
2.315e-29
2.2562e-29
2.19642e-29
2.1376e-29
2.08067e-29
2.02704e-29
1.97595e-29
1.92505e-29
1.87226e-29
1.81613e-29
1.75759e-29
1.70019e-29
1.64662e-29
1.59957e-29
1.55835e-29
1.52002e-29
1.48201e-29
1.44072e-29
1.39638e-29
1.34974e-29
1.30285e-29
1.25888e-29
1.21841e-29
1.18282e-29
1.15098e-29
1.12089e-29
1.09087e-29
1.05819e-29
1.02239e-29
9.84473e-30
9.46683e-30
9.12449e-30
8.84019e-30
8.60765e-30
8.40827e-30
8.19883e-30
7.9443e-30
7.64569e-30
7.3097e-30
6.98751e-30
6.71533e-30
6.50361e-30
6.357e-30
6.22357e-30
6.07249e-30
5.87636e-30
5.62211e-30
5.34923e-30
5.08326e-30
4.86575e-30
4.71833e-30
4.62282e-30
4.55504e-30
4.46563e-30
4.3177e-30
4.10585e-30
3.8502e-30
3.60092e-30
3.41302e-30
3.31114e-30
3.28711e-30
3.29386e-30
3.2662e-30
3.16483e-30
2.9803e-30
2.7511e-30
2.53484e-30
2.37939e-30
2.30558e-30
2.2906e-30
2.29689e-30
2.27632e-30
2.20903e-30
2.09571e-30
1.95462e-30
1.82188e-30
1.70888e-30
1.63503e-30
1.59006e-30
1.55907e-30
1.53365e-30
1.4846e-30
1.42236e-30
1.34029e-30
1.25502e-30
1.19226e-30
1.14227e-30
1.12271e-30
1.10164e-30
1.0629e-30
1.00787e-30
9.20737e-31
8.44944e-31
7.89505e-31
7.66282e-31
7.8212e-31
7.92994e-31
7.91696e-31
7.56038e-31
6.87144e-31
6.18568e-31
5.54897e-31
5.17148e-31
4.97236e-31
4.75027e-31
4.54875e-31
4.30012e-31
4.21201e-31
4.41769e-31
4.75e-31
5.06308e-31
4.91221e-31
4.11127e-31
2.87123e-31
1.51322e-31
7.75909e-32
9.92335e-32
2.0756e-31
3.64533e-31
4.73676e-31
4.84604e-31
3.77437e-31
1.82939e-31
2.35174e-33
-1.01447e-31
-7.39642e-32
7.00271e-32
2.44506e-31
3.81985e-31
3.99534e-31
2.93834e-31
1.21384e-31
-5.40863e-32
-1.36891e-31
-1.09703e-31
5.08415e-33
1.54549e-31
2.49613e-31
2.66862e-31
1.98973e-31
8.31641e-32
-1.5904e-32
-7.83884e-32
-7.88997e-32
-3.85306e-32
1.32032e-32
6.70692e-32
9.60798e-32
1.10311e-31
1.06347e-31
8.2745e-32
5.22446e-32
8.36651e-33
-2.99688e-32
-5.82082e-32
-6.95814e-32
-5.79837e-32
-3.37158e-32
3.74428e-33
3.93582e-32
7.00907e-32
8.38449e-32
7.44131e-32
4.53888e-32
-6.30366e-33
-5.35612e-32
-9.17491e-32
-1.02566e-31
-7.97425e-32
-4.50999e-32
5.3091e-33
3.9869e-32
5.66389e-32
5.81089e-32
3.17026e-32
3.48022e-33
-3.47706e-32
-6.87585e-32
-8.3796e-32
-8.752e-32
-6.216e-32
-2.55927e-32
1.31806e-32
4.43716e-32
4.72568e-32
3.11469e-32
-4.35516e-33
-4.33545e-32
-7.01488e-32
-8.14698e-32
-6.97532e-32
-4.38676e-32
-1.15213e-32
1.61748e-32
2.94351e-32
2.36105e-32
3.36436e-33
-2.1426e-32
-4.0425e-32
-4.05664e-32
-3.19116e-32
-1.80237e-32
-1.34971e-32
-2.63567e-32
-3.72667e-32
-4.39774e-32
-2.36558e-32
1.59331e-32
4.94979e-32
6.38566e-32
2.94968e-32
-3.16483e-32
-9.36408e-32
-1.23497e-31
-9.10506e-32
-1.99108e-32
6.51656e-32
1.13877e-31
9.99655e-32
3.60299e-32
-5.31466e-32
-1.11458e-31
-1.1653e-31
-6.58518e-32
1.4695e-32
7.46682e-32
9.28584e-32
5.57776e-32
-9.99076e-33
-6.45277e-32
-8.47867e-32
-5.23793e-32
7.21126e-33
6.2996e-32
8.79723e-32
6.10685e-32
3.36586e-33
-6.05075e-32
-9.96123e-32
-8.82422e-32
-3.84943e-32
3.32193e-32
9.61159e-32
1.18861e-31
1.01439e-31
4.57115e-32
-2.5642e-32
-8.14834e-32
-1.12238e-31
-1.00858e-31
-5.46099e-32
8.31526e-33
7.78565e-32
1.23389e-31
1.35849e-31
1.08851e-31
4.20771e-32
-3.57907e-32
-1.05925e-31
-1.36679e-31
-1.1097e-31
-3.93431e-32
5.95744e-32
1.40697e-31
1.70986e-31
1.37018e-31
4.86649e-32
-5.0995e-32
-1.19296e-31
-1.25009e-31
-6.45988e-32
2.9786e-32
1.14449e-31
1.5049e-31
1.20157e-31
4.44732e-32
-4.00247e-32
-9.25635e-32
-8.35846e-32
-2.62521e-32
5.6271e-32
1.21656e-31
1.33873e-31
9.97602e-32
2.58503e-32
-4.25547e-32
-7.09984e-32
-5.82835e-32
4.08056e-33
6.91302e-32
1.12065e-31
1.20661e-31
7.82887e-32
2.71616e-32
-2.1113e-32
-4.34651e-32
-2.38635e-32
9.25801e-33
5.43556e-32
8.51118e-32
9.0694e-32
8.25592e-32
5.81413e-32
3.61146e-32
2.30088e-32
1.5743e-32
1.77409e-32
2.01393e-32
1.82828e-32
1.94019e-32
1.94572e-32
2.92019e-32
5.19655e-32
7.58192e-32
1.04912e-31
1.13408e-31
9.93671e-32
6.41703e-32
6.0238e-33
-3.77076e-32
-6.36053e-32
-4.88334e-32
4.57107e-33
6.86312e-32
1.31844e-31
1.55308e-31
1.40024e-31
8.81166e-32
2.4372e-32
-2.47445e-32
-4.53677e-32
-2.41907e-32
6.41124e-33
5.50951e-32
7.54002e-32
7.59554e-32
6.8858e-32
2.39619e-32
1.44798e-32
-1.80819e-32
-2.4376e-32
-4.54237e-33
)
;

boundaryField
{
    left
    {
        type            calculated;
        value           uniform 0;
    }
    right
    {
        type            calculated;
        value           uniform 0;
    }
    empty
    {
        type            empty;
        value           nonuniform List<scalar> 0();
    }
}


// ************************************************************************* //
