/*--------------------------------*- C++ -*----------------------------------*\
| =========                 |                                                 |
| \\      /  F ield         | OpenFOAM: The Open Source CFD Toolbox           |
|  \\    /   O peration     | Version:  2106                                  |
|   \\  /    A nd           | Website:  www.openfoam.com                      |
|    \\/     M anipulation  |                                                 |
\*---------------------------------------------------------------------------*/
FoamFile
{
    version     2.0;
    format      ascii;
    arch        "LSB;label=32;scalar=64";
    class       surfaceScalarField;
    location    "0.155";
    object      phi;
}
// * * * * * * * * * * * * * * * * * * * * * * * * * * * * * * * * * * * * * //

dimensions      [0 3 -1 0 0 0 0];

oriented        oriented;

internalField   nonuniform List<scalar> 
799
(
1.58611e-32
4.17176e-32
5.2936e-32
4.01128e-32
1.28872e-32
-5.59167e-32
-1.17452e-31
-1.65477e-31
-1.77668e-31
-1.4204e-31
-8.8369e-32
-2.8213e-32
8.14632e-33
1.57786e-32
-7.91258e-33
-4.9241e-32
-1.02226e-31
-1.56665e-31
-1.98715e-31
-2.28403e-31
-2.21933e-31
-1.87482e-31
-1.27937e-31
-5.87755e-32
-1.97799e-32
-1.22607e-32
-5.54935e-32
-1.27676e-31
-1.95515e-31
-2.49638e-31
-2.54002e-31
-2.28205e-31
-1.83367e-31
-1.29798e-31
-1.06375e-31
-9.67467e-32
-1.15379e-31
-1.54696e-31
-1.85977e-31
-2.24058e-31
-2.34393e-31
-2.23253e-31
-2.01108e-31
-1.55693e-31
-1.31721e-31
-1.2266e-31
-1.39779e-31
-1.89922e-31
-2.31035e-31
-2.68454e-31
-2.71486e-31
-2.38718e-31
-1.96582e-31
-1.43292e-31
-1.1986e-31
-1.26966e-31
-1.60987e-31
-2.20967e-31
-2.67232e-31
-2.93213e-31
-2.8085e-31
-2.28477e-31
-1.67121e-31
-1.12909e-31
-1.00791e-31
-1.422e-31
-2.16636e-31
-3.00767e-31
-3.46777e-31
-3.29819e-31
-2.58964e-31
-1.57712e-31
-8.17365e-32
-6.56366e-32
-1.13115e-31
-2.07258e-31
-2.94102e-31
-3.39036e-31
-3.27793e-31
-2.68779e-31
-2.02744e-31
-1.53918e-31
-1.38706e-31
-1.53839e-31
-1.78062e-31
-2.04087e-31
-2.23722e-31
-2.41901e-31
-2.62221e-31
-2.74487e-31
-2.72504e-31
-2.41348e-31
-1.88743e-31
-1.35277e-31
-1.02544e-31
-1.2135e-31
-1.79847e-31
-2.61516e-31
-3.30754e-31
-3.43982e-31
-3.08557e-31
-2.22625e-31
-1.31625e-31
-7.82033e-32
-6.89739e-32
-1.26712e-31
-2.05754e-31
-2.79308e-31
-3.22989e-31
-3.05735e-31
-2.61636e-31
-1.98607e-31
-1.51685e-31
-1.42817e-31
-1.53962e-31
-1.8428e-31
-2.00816e-31
-1.98003e-31
-1.84943e-31
-1.7072e-31
-1.80303e-31
-2.10449e-31
-2.51624e-31
-2.82077e-31
-2.80277e-31
-2.45219e-31
-1.85457e-31
-1.25592e-31
-8.73608e-32
-8.1574e-32
-1.11084e-31
-1.63013e-31
-2.23518e-31
-2.78378e-31
-3.09766e-31
-3.12016e-31
-2.778e-31
-2.13148e-31
-1.38877e-31
-7.35538e-32
-4.77051e-32
-6.96917e-32
-1.32305e-31
-2.15887e-31
-2.80098e-31
-3.05944e-31
-2.81782e-31
-2.20847e-31
-1.57406e-31
-1.13362e-31
-1.1182e-31
-1.45605e-31
-1.9179e-31
-2.28039e-31
-2.27686e-31
-1.93879e-31
-1.42136e-31
-9.94337e-32
-9.55938e-32
-1.34564e-31
-2.04558e-31
-2.70231e-31
-2.95954e-31
-2.6378e-31
-1.82262e-31
-9.1519e-32
-3.19855e-32
-3.83945e-32
-1.03323e-31
-1.91638e-31
-2.60687e-31
-2.65788e-31
-2.17519e-31
-1.38083e-31
-7.33448e-32
-6.47774e-32
-9.84914e-32
-1.65013e-31
-2.12154e-31
-2.11738e-31
-1.72804e-31
-9.90244e-32
-4.66271e-32
-3.01188e-32
-5.59814e-32
-1.19994e-31
-1.72444e-31
-2.05221e-31
-1.93694e-31
-1.42615e-31
-8.30828e-32
-2.27762e-32
4.81783e-33
1.04271e-33
-2.55389e-32
-6.89032e-32
-1.01103e-31
-1.19697e-31
-1.17602e-31
-9.38691e-32
-6.10362e-32
-1.89591e-32
2.16342e-32
5.12628e-32
6.59225e-32
5.51475e-32
2.42312e-32
-1.29729e-32
-3.99916e-32
-3.30959e-32
1.1378e-32
8.04093e-32
1.49034e-31
1.81988e-31
1.65947e-31
1.11126e-31
4.94061e-32
2.6307e-32
6.70758e-32
1.65082e-31
2.84089e-31
3.67627e-31
3.75279e-31
3.07053e-31
1.97039e-31
1.12191e-31
1.07957e-31
1.96523e-31
3.55187e-31
5.12526e-31
6.05258e-31
6.05486e-31
5.183e-31
4.09118e-31
3.37555e-31
3.45596e-31
4.45781e-31
5.89943e-31
7.32258e-31
8.24218e-31
8.4161e-31
8.0907e-31
7.55682e-31
7.26596e-31
7.50553e-31
8.24816e-31
9.32397e-31
1.03903e-30
1.11572e-30
1.15312e-30
1.16549e-30
1.17705e-30
1.21836e-30
1.30018e-30
1.40374e-30
1.50709e-30
1.5742e-30
1.59762e-30
1.602e-30
1.61514e-30
1.68065e-30
1.80633e-30
1.96638e-30
2.12828e-30
2.24525e-30
2.305e-30
2.33006e-30
2.34807e-30
2.40114e-30
2.50371e-30
2.63815e-30
2.79195e-30
2.93442e-30
3.0588e-30
3.17914e-30
3.29277e-30
3.41796e-30
3.54779e-30
3.67262e-30
3.80271e-30
3.93028e-30
4.07181e-30
4.22911e-30
4.39086e-30
4.55617e-30
4.71179e-30
4.86872e-30
5.04341e-30
5.24772e-30
5.48345e-30
5.72694e-30
5.94712e-30
6.11963e-30
6.25214e-30
6.37656e-30
6.5446e-30
6.79129e-30
7.11022e-30
7.46793e-30
7.79828e-30
8.06306e-30
8.25982e-30
8.42085e-30
8.61366e-30
8.87277e-30
9.21e-30
9.59474e-30
9.97139e-30
1.03139e-29
1.06084e-29
1.0886e-29
1.11859e-29
1.15261e-29
1.19155e-29
1.23223e-29
1.27212e-29
1.31002e-29
1.34588e-29
1.38308e-29
1.4234e-29
1.46797e-29
1.51617e-29
1.56451e-29
1.61161e-29
1.65601e-29
1.69888e-29
1.74374e-29
1.79205e-29
1.84603e-29
1.90408e-29
1.96301e-29
2.02083e-29
2.07431e-29
2.12524e-29
2.1761e-29
2.22993e-29
2.29097e-29
2.35799e-29
2.42969e-29
2.5017e-29
2.56875e-29
2.62935e-29
2.68378e-29
2.73234e-29
2.7969e-29
2.87238e-29
3.03051e-29
3.29496e-29
3.67862e-29
4.38835e-29
4.67869e-29
4.97938e-29
3.29411e-29
-9.59138e-30
-6.07461e-29
-1.66118e-28
-1.56536e-28
-9.5519e-29
1.92726e-28
8.37183e-28
1.20278e-27
1.84549e-27
1.08412e-27
-7.33523e-28
-3.00859e-27
-7.51475e-27
-7.18491e-27
-5.90236e-27
1.77723e-27
1.69055e-26
2.26973e-26
3.30783e-26
1.6678e-26
-1.35812e-26
-4.09773e-26
-9.04654e-26
-7.12921e-26
-4.21643e-26
3.16008e-26
1.54655e-25
1.62766e-25
1.92029e-25
5.43424e-26
-1.45569e-25
-2.41531e-25
-4.15679e-25
-2.36492e-25
-3.16116e-26
2.19186e-25
5.89227e-25
4.55188e-25
3.83066e-25
-3.7052e-26
-5.4397e-25
-5.80017e-25
-7.5422e-25
-2.54546e-25
2.2366e-25
5.0688e-25
9.15325e-25
5.06891e-25
2.23676e-25
-2.54532e-25
-7.54215e-25
-5.80023e-25
-5.43982e-25
-3.70661e-26
3.83057e-25
4.55187e-25
5.89231e-25
2.19193e-25
-3.16059e-26
-2.3649e-25
-4.15681e-25
-2.41536e-25
-1.45574e-25
5.43387e-26
1.92027e-25
1.62766e-25
1.54655e-25
3.16011e-26
-4.21647e-26
-7.12929e-26
-9.04662e-26
-4.09784e-26
-1.35821e-26
1.6677e-26
3.30772e-26
2.26963e-26
1.69044e-26
1.77638e-27
-5.90311e-27
-7.18559e-27
-7.51537e-27
-3.00923e-27
-7.34186e-28
1.0834e-27
1.84474e-27
1.20202e-27
8.36436e-28
1.9205e-28
-9.61148e-29
-1.57031e-28
-1.66547e-28
-6.11744e-29
-1.00642e-29
3.23624e-29
4.91327e-29
4.60935e-29
4.32315e-29
3.62624e-29
3.25627e-29
3.00388e-29
2.85057e-29
2.77109e-29
2.69814e-29
2.63858e-29
2.57663e-29
2.51454e-29
2.45145e-29
2.38931e-29
2.32905e-29
2.27207e-29
2.21763e-29
2.16338e-29
2.10723e-29
2.04774e-29
1.98584e-29
1.92507e-29
1.86814e-29
1.81773e-29
1.77316e-29
1.73149e-29
1.69013e-29
1.64551e-29
1.59784e-29
1.54789e-29
1.49771e-29
1.45045e-29
1.40671e-29
1.36786e-29
1.33278e-29
1.29947e-29
1.26624e-29
1.23038e-29
1.19143e-29
1.15037e-29
1.10946e-29
1.07213e-29
1.04064e-29
1.01434e-29
9.91387e-30
9.67454e-30
9.39041e-30
9.06248e-30
8.69745e-30
8.34654e-30
8.04592e-30
7.80609e-30
7.63168e-30
7.47077e-30
7.29253e-30
7.06958e-30
6.78884e-30
6.48981e-30
6.19802e-30
5.95505e-30
5.78252e-30
5.66224e-30
5.57005e-30
5.45659e-30
5.28497e-30
5.04979e-30
4.77116e-30
4.49927e-30
4.28912e-30
4.16535e-30
4.11981e-30
4.1054e-30
4.05693e-30
3.93513e-30
3.73054e-30
3.48164e-30
3.24603e-30
3.0716e-30
2.97915e-30
2.94588e-30
2.93426e-30
2.89612e-30
2.81162e-30
2.68143e-30
2.52382e-30
2.3749e-30
2.24606e-30
2.15672e-30
2.09659e-30
2.05076e-30
2.01083e-30
1.94759e-30
1.87149e-30
1.77588e-30
1.67738e-30
1.60169e-30
1.53909e-30
1.50722e-30
1.47413e-30
1.42367e-30
1.35721e-30
1.25894e-30
1.17228e-30
1.10626e-30
1.07272e-30
1.07852e-30
1.07961e-30
1.06879e-30
1.02386e-30
9.45947e-31
8.68599e-31
7.96398e-31
7.50356e-31
7.2238e-31
6.92335e-31
6.64574e-31
6.3232e-31
6.16334e-31
6.29937e-31
6.56408e-31
6.81157e-31
6.59708e-31
5.73444e-31
4.43456e-31
3.01857e-31
2.22507e-31
2.38713e-31
3.41772e-31
4.93647e-31
5.97851e-31
6.03996e-31
4.92208e-31
2.93236e-31
1.08325e-31
3.44561e-34
2.37888e-32
1.6388e-31
3.34584e-31
4.68419e-31
4.82446e-31
3.7335e-31
1.97625e-31
1.89945e-32
-6.68629e-32
-4.26172e-32
6.93402e-32
2.16075e-31
3.0851e-31
3.23225e-31
2.52891e-31
1.34731e-31
3.34013e-32
-3.1264e-32
-3.38728e-32
4.48155e-33
5.42759e-32
1.06281e-31
1.335e-31
1.46013e-31
1.40397e-31
1.15211e-31
8.31859e-32
3.7846e-32
-1.88878e-33
-3.14739e-32
-4.41361e-32
-3.37767e-32
-1.06934e-32
2.56277e-32
6.01567e-32
8.98514e-32
1.02608e-31
9.2225e-32
6.22903e-32
9.7267e-33
-3.83606e-32
-7.73396e-32
-8.89133e-32
-6.68222e-32
-3.28822e-32
1.68617e-32
5.07857e-32
6.69516e-32
6.78469e-32
4.08899e-32
1.21439e-32
-2.66049e-32
-6.10608e-32
-7.65467e-32
-8.0698e-32
-5.57442e-32
-1.95629e-32
1.8841e-32
4.9686e-32
5.22326e-32
3.58076e-32
1.20371e-35
-3.92739e-32
-6.63366e-32
-7.79099e-32
-6.6437e-32
-4.07771e-32
-8.64444e-33
1.885e-32
3.19208e-32
2.59211e-32
5.50395e-33
-1.94459e-32
-3.85878e-32
-3.88707e-32
-3.03445e-32
-1.65793e-32
-1.21599e-32
-2.51198e-32
-3.61262e-32
-4.29212e-32
-2.26838e-32
1.68227e-32
5.03104e-32
6.46014e-32
3.01754e-32
-3.10296e-32
-9.30736e-32
-1.22978e-31
-9.05781e-32
-1.94775e-32
6.55629e-32
1.14242e-31
1.00306e-31
3.63489e-32
-5.28442e-32
-1.11169e-31
-1.1625e-31
-6.55794e-32
1.49636e-32
7.4936e-32
9.31277e-32
5.60538e-32
-9.70639e-33
-6.42328e-32
-8.44798e-32
-5.20588e-32
7.54709e-33
6.3348e-32
8.83382e-32
6.14515e-32
3.76177e-33
-6.00994e-32
-9.91897e-32
-8.78043e-32
-3.80378e-32
3.36947e-32
9.66125e-32
1.19379e-31
1.01977e-31
4.6272e-32
-2.50566e-32
-8.08815e-32
-1.11621e-31
-1.00218e-31
-5.39486e-32
8.99775e-33
7.85599e-32
1.2411e-31
1.3659e-31
1.09609e-31
4.2855e-32
-3.49993e-32
-1.05113e-31
-1.35852e-31
-1.1013e-31
-3.84885e-32
6.04426e-32
1.41584e-31
1.71889e-31
1.37933e-31
4.95903e-32
-5.00576e-32
-1.18348e-31
-1.24046e-31
-6.36164e-32
3.07851e-32
1.15463e-31
1.51519e-31
1.212e-31
4.55264e-32
-3.8961e-32
-9.14907e-32
-8.25073e-32
-2.51665e-32
5.73664e-32
1.22758e-31
1.34984e-31
1.00872e-31
2.69653e-32
-4.14377e-32
-6.98789e-32
-5.7164e-32
5.197e-33
7.02497e-32
1.13184e-31
1.21777e-31
7.94032e-32
2.82781e-32
-1.99984e-32
-4.23637e-32
-2.27681e-32
1.03466e-32
5.54367e-32
8.61793e-32
9.17457e-32
8.35959e-32
5.91669e-32
3.7125e-32
2.40019e-32
1.6718e-32
1.86964e-32
2.10734e-32
1.91916e-32
2.02848e-32
2.03118e-32
3.003e-32
5.2766e-32
7.65918e-32
1.05657e-31
1.14125e-31
1.00054e-31
6.48264e-32
6.65217e-33
-3.71133e-32
-6.30373e-32
-4.82917e-32
5.09243e-33
6.91315e-32
1.32322e-31
1.55764e-31
1.40454e-31
8.85213e-32
2.47474e-32
-2.43943e-32
-4.50442e-32
-2.38921e-32
6.68734e-33
5.53509e-32
7.56334e-32
7.616e-32
6.90295e-32
2.41015e-32
1.45904e-32
-1.79992e-32
-2.43231e-32
-4.5159e-33
)
;

boundaryField
{
    left
    {
        type            calculated;
        value           uniform 0;
    }
    right
    {
        type            calculated;
        value           uniform 0;
    }
    empty
    {
        type            empty;
        value           nonuniform List<scalar> 0();
    }
}


// ************************************************************************* //
