/*--------------------------------*- C++ -*----------------------------------*\
| =========                 |                                                 |
| \\      /  F ield         | OpenFOAM: The Open Source CFD Toolbox           |
|  \\    /   O peration     | Version:  2106                                  |
|   \\  /    A nd           | Website:  www.openfoam.com                      |
|    \\/     M anipulation  |                                                 |
\*---------------------------------------------------------------------------*/
FoamFile
{
    version     2.0;
    format      ascii;
    arch        "LSB;label=32;scalar=64";
    class       volScalarField;
    location    "0.01";
    object      rho;
}
// * * * * * * * * * * * * * * * * * * * * * * * * * * * * * * * * * * * * * //

dimensions      [1 -3 0 0 0 0 0];

internalField   nonuniform List<scalar> 
800
(
1.00435
1.00435
1.00435
1.00435
1.00435
1.00435
1.00435
1.00435
1.00435
1.00435
1.00435
1.00435
1.00435
1.00435
1.00435
1.00435
1.00435
1.00435
1.00435
1.00435
1.00435
1.00435
1.00435
1.00435
1.00435
1.00435
1.00435
1.00435
1.00435
1.00435
1.00435
1.00435
1.00435
1.00435
1.00435
1.00435
1.00435
1.00435
1.00435
1.00435
1.00435
1.00435
1.00435
1.00435
1.00435
1.00435
1.00435
1.00435
1.00435
1.00435
1.00435
1.00435
1.00435
1.00435
1.00435
1.00435
1.00435
1.00435
1.00435
1.00435
1.00435
1.00435
1.00435
1.00435
1.00435
1.00435
1.00435
1.00435
1.00435
1.00435
1.00435
1.00435
1.00435
1.00435
1.00435
1.00435
1.00435
1.00435
1.00435
1.00435
1.00435
1.00435
1.00435
1.00435
1.00435
1.00435
1.00435
1.00435
1.00435
1.00435
1.00435
1.00435
1.00435
1.00435
1.00435
1.00435
1.00435
1.00435
1.00435
1.00435
1.00435
1.00435
1.00435
1.00435
1.00435
1.00435
1.00435
1.00435
1.00435
1.00435
1.00435
1.00435
1.00435
1.00435
1.00435
1.00435
1.00435
1.00435
1.00435
1.00435
1.00435
1.00435
1.00435
1.00435
1.00435
1.00435
1.00435
1.00435
1.00435
1.00435
1.00435
1.00435
1.00435
1.00435
1.00435
1.00435
1.00435
1.00435
1.00435
1.00435
1.00435
1.00435
1.00435
1.00435
1.00435
1.00435
1.00435
1.00435
1.00435
1.00435
1.00435
1.00435
1.00435
1.00435
1.00435
1.00435
1.00435
1.00435
1.00435
1.00435
1.00435
1.00435
1.00435
1.00435
1.00435
1.00435
1.00435
1.00435
1.00435
1.00435
1.00435
1.00435
1.00435
1.00435
1.00435
1.00435
1.00435
1.00435
1.00435
1.00435
1.00435
1.00435
1.00435
1.00435
1.00435
1.00435
1.00435
1.00435
1.00435
1.00435
1.00435
1.00435
1.00435
1.00435
1.00435
1.00435
1.00435
1.00435
1.00435
1.00435
1.00435
1.00435
1.00435
1.00435
1.00435
1.00435
1.00435
1.00435
1.00435
1.00435
1.00435
1.00435
1.00435
1.00435
1.00435
1.00435
1.00435
1.00435
1.00435
1.00435
1.00435
1.00435
1.00435
1.00435
1.00435
1.00435
1.00435
1.00435
1.00435
1.00435
1.00435
1.00435
1.00435
1.00435
1.00435
1.00435
1.00435
1.00435
1.00435
1.00435
1.00435
1.00435
1.00435
1.00435
1.00435
1.00435
1.00435
1.00435
1.00435
1.00435
1.00435
1.00435
1.00435
1.00435
1.00435
1.00435
1.00435
1.00435
1.00435
1.00435
1.00435
1.00435
1.00435
1.00435
1.00435
1.00435
1.00435
1.00435
1.00435
1.00435
1.00435
1.00435
1.00435
1.00435
1.00435
1.00435
1.00435
1.00435
1.00435
1.00435
1.00435
1.00435
1.00435
1.00435
1.00435
1.00435
1.00435
1.00435
1.00435
1.00435
1.00435
1.00435
1.00435
1.00435
1.00435
1.00435
1.00435
1.00435
1.00435
1.00435
1.00435
1.00435
1.00435
1.00435
1.00435
1.00435
1.00435
1.00435
1.00435
1.00435
1.00435
1.00435
1.00435
1.00435
1.00435
1.00435
1.00435
1.00435
1.00435
1.00435
1.00435
1.00435
1.00435
1.00435
1.00435
1.00435
1.00435
1.00435
1.00435
1.00435
1.00435
1.00435
1.00435
1.00435
1.00435
1.00435
1.00435
1.00435
1.00435
1.00435
1.00435
1.00435
1.00435
1.00435
1.00435
1.00435
1.00435
1.00435
1.00435
1.00435
1.00435
1.00435
1.00435
1.00435
1.00435
1.00435
1.00435
1.00435
1.00435
1.00435
1.00435
1.00435
1.00435
1.00435
1.00435
1.00435
1.00435
1.00435
1.00435
1.00435
1.00435
1.00435
1.00435
1.00435
1.00435
1.00435
1.00435
1.00435
1.00435
1.00435
1.00435
1.00435
1.00435
1.00435
1.00435
1.00433
1.00288
0.988603
0.948374
0.893818
0.838647
0.786398
0.737003
0.690046
0.645208
0.602273
0.561116
0.521803
0.484965
0.451523
0.429097
0.420738
0.429344
0.42809
0.425516
0.422099
0.414501
0.397612
0.366688
0.325922
0.28764
0.263481
0.258375
0.258375
0.261095
0.26167
0.256495
0.210195
0.136526
0.123558
0.123438
0.123438
0.123438
0.123438
0.123438
0.123438
0.123438
0.123438
0.123438
0.123438
0.123438
0.123438
0.123438
0.123438
0.123438
0.123438
0.123438
0.123438
0.123438
0.123438
0.123438
0.123438
0.123438
0.123438
0.123438
0.123438
0.123438
0.123438
0.123438
0.123438
0.123438
0.123438
0.123438
0.123438
0.123438
0.123438
0.123438
0.123438
0.123438
0.123438
0.123438
0.123438
0.123438
0.123438
0.123438
0.123438
0.123438
0.123438
0.123438
0.123438
0.123438
0.123438
0.123438
0.123438
0.123438
0.123438
0.123438
0.123438
0.123438
0.123438
0.123438
0.123438
0.123438
0.123438
0.123438
0.123438
0.123438
0.123438
0.123438
0.123438
0.123438
0.123438
0.123438
0.123438
0.123438
0.123438
0.123438
0.123438
0.123438
0.123438
0.123438
0.123438
0.123438
0.123438
0.123438
0.123438
0.123438
0.123438
0.123438
0.123438
0.123438
0.123438
0.123438
0.123438
0.123438
0.123438
0.123438
0.123438
0.123438
0.123438
0.123438
0.123438
0.123438
0.123438
0.123438
0.123438
0.123438
0.123438
0.123438
0.123438
0.123438
0.123438
0.123438
0.123438
0.123438
0.123438
0.123438
0.123438
0.123438
0.123438
0.123438
0.123438
0.123438
0.123438
0.123438
0.123438
0.123438
0.123438
0.123438
0.123438
0.123438
0.123438
0.123438
0.123438
0.123438
0.123438
0.123438
0.123438
0.123438
0.123438
0.123438
0.123438
0.123438
0.123438
0.123438
0.123438
0.123438
0.123438
0.123438
0.123438
0.123438
0.123438
0.123438
0.123438
0.123438
0.123438
0.123438
0.123438
0.123438
0.123438
0.123438
0.123438
0.123438
0.123438
0.123438
0.123438
0.123438
0.123438
0.123438
0.123438
0.123438
0.123438
0.123438
0.123438
0.123438
0.123438
0.123438
0.123438
0.123438
0.123438
0.123438
0.123438
0.123438
0.123438
0.123438
0.123438
0.123438
0.123438
0.123438
0.123438
0.123438
0.123438
0.123438
0.123438
0.123438
0.123438
0.123438
0.123438
0.123438
0.123438
0.123438
0.123438
0.123438
0.123438
0.123438
0.123438
0.123438
0.123438
0.123438
0.123438
0.123438
0.123438
0.123438
0.123438
0.123438
0.123438
0.123438
0.123438
0.123438
0.123438
0.123438
0.123438
0.123438
0.123438
0.123438
0.123438
0.123438
0.123438
0.123438
0.123438
0.123438
0.123438
0.123438
0.123438
0.123438
0.123438
0.123438
0.123438
0.123438
0.123438
0.123438
0.123438
0.123438
0.123438
0.123438
0.123438
0.123438
0.123438
0.123438
0.123438
0.123438
0.123438
0.123438
0.123438
0.123438
0.123438
0.123438
0.123438
0.123438
0.123438
0.123438
0.123438
0.123438
0.123438
0.123438
0.123438
0.123438
0.123438
0.123438
0.123438
0.123438
0.123438
0.123438
0.123438
0.123438
0.123438
0.123438
0.123438
0.123438
0.123438
0.123438
0.123438
0.123438
0.123438
0.123438
0.123438
0.123438
0.123438
0.123438
0.123438
0.123438
0.123438
0.123438
0.123438
0.123438
0.123438
0.123438
0.123438
0.123438
0.123438
0.123438
0.123438
0.123438
0.123438
0.123438
0.123438
0.123438
0.123438
0.123438
0.123438
0.123438
0.123438
0.123438
0.123438
0.123438
0.123438
0.123438
0.123438
0.123438
0.123438
0.123438
0.123438
0.123438
0.123438
0.123438
0.123438
0.123438
0.123438
0.123438
0.123438
0.123438
0.123438
0.123438
0.123438
0.123438
0.123438
0.123438
0.123438
0.123438
0.123438
0.123438
0.123438
0.123438
0.123438
0.123438
0.123438
0.123438
0.123438
0.123438
0.123438
0.123438
0.123438
0.123438
0.123438
0.123438
0.123438
0.123438
0.123438
0.123438
0.123438
0.123438
0.123438
0.123438
0.123438
0.123438
0.123438
0.123438
0.123438
0.123438
0.123438
0.123438
0.123438
0.123438
0.123438
0.123438
0.123438
0.123438
0.123438
0.123438
0.123438
)
;

boundaryField
{
    left
    {
        type            calculated;
        value           uniform 0.123438;
    }
    right
    {
        type            calculated;
        value           uniform 1.00435;
    }
    empty
    {
        type            empty;
    }
}


// ************************************************************************* //
