/*--------------------------------*- C++ -*----------------------------------*\
| =========                 |                                                 |
| \\      /  F ield         | OpenFOAM: The Open Source CFD Toolbox           |
|  \\    /   O peration     | Version:  2106                                  |
|   \\  /    A nd           | Website:  www.openfoam.com                      |
|    \\/     M anipulation  |                                                 |
\*---------------------------------------------------------------------------*/
FoamFile
{
    version     2.0;
    format      ascii;
    arch        "LSB;label=32;scalar=64";
    class       volScalarField;
    location    "0.01";
    object      T;
}
// * * * * * * * * * * * * * * * * * * * * * * * * * * * * * * * * * * * * * //

dimensions      [0 0 0 1 0 0 0];

internalField   nonuniform List<scalar> 
800
(
0.003468
0.003468
0.003468
0.003468
0.003468
0.003468
0.003468
0.003468
0.003468
0.003468
0.003468
0.003468
0.003468
0.003468
0.003468
0.003468
0.003468
0.003468
0.003468
0.003468
0.003468
0.003468
0.003468
0.003468
0.003468
0.003468
0.003468
0.003468
0.003468
0.003468
0.003468
0.003468
0.003468
0.003468
0.003468
0.003468
0.003468
0.003468
0.003468
0.003468
0.003468
0.003468
0.003468
0.003468
0.003468
0.003468
0.003468
0.003468
0.003468
0.003468
0.003468
0.003468
0.003468
0.003468
0.003468
0.003468
0.003468
0.003468
0.003468
0.003468
0.003468
0.003468
0.003468
0.003468
0.003468
0.003468
0.003468
0.003468
0.003468
0.003468
0.003468
0.003468
0.003468
0.003468
0.003468
0.003468
0.003468
0.003468
0.003468
0.003468
0.003468
0.003468
0.003468
0.003468
0.003468
0.003468
0.003468
0.003468
0.003468
0.003468
0.003468
0.003468
0.003468
0.003468
0.003468
0.003468
0.003468
0.003468
0.003468
0.003468
0.003468
0.003468
0.003468
0.003468
0.003468
0.003468
0.003468
0.003468
0.003468
0.003468
0.003468
0.003468
0.003468
0.003468
0.003468
0.003468
0.003468
0.003468
0.003468
0.003468
0.003468
0.003468
0.003468
0.003468
0.003468
0.003468
0.003468
0.003468
0.003468
0.003468
0.003468
0.003468
0.003468
0.003468
0.003468
0.003468
0.003468
0.003468
0.003468
0.003468
0.003468
0.003468
0.003468
0.003468
0.003468
0.003468
0.003468
0.003468
0.003468
0.003468
0.003468
0.003468
0.003468
0.003468
0.003468
0.003468
0.003468
0.003468
0.003468
0.003468
0.003468
0.003468
0.003468
0.003468
0.003468
0.003468
0.003468
0.003468
0.003468
0.003468
0.003468
0.003468
0.003468
0.003468
0.003468
0.003468
0.003468
0.003468
0.003468
0.003468
0.003468
0.003468
0.003468
0.003468
0.003468
0.003468
0.003468
0.003468
0.003468
0.003468
0.003468
0.003468
0.003468
0.003468
0.003468
0.003468
0.003468
0.003468
0.003468
0.003468
0.003468
0.003468
0.003468
0.003468
0.003468
0.003468
0.003468
0.003468
0.003468
0.003468
0.003468
0.003468
0.003468
0.003468
0.003468
0.003468
0.003468
0.003468
0.003468
0.003468
0.003468
0.003468
0.003468
0.003468
0.003468
0.003468
0.003468
0.003468
0.003468
0.003468
0.003468
0.003468
0.003468
0.003468
0.003468
0.003468
0.003468
0.003468
0.003468
0.003468
0.003468
0.003468
0.003468
0.003468
0.003468
0.003468
0.003468
0.003468
0.003468
0.003468
0.003468
0.003468
0.003468
0.003468
0.003468
0.003468
0.003468
0.003468
0.003468
0.003468
0.003468
0.003468
0.003468
0.003468
0.003468
0.003468
0.003468
0.003468
0.003468
0.003468
0.003468
0.003468
0.003468
0.003468
0.003468
0.003468
0.003468
0.003468
0.003468
0.003468
0.003468
0.003468
0.003468
0.003468
0.003468
0.003468
0.003468
0.003468
0.003468
0.003468
0.003468
0.003468
0.003468
0.003468
0.003468
0.003468
0.003468
0.003468
0.003468
0.003468
0.003468
0.003468
0.003468
0.003468
0.003468
0.003468
0.003468
0.003468
0.003468
0.003468
0.003468
0.003468
0.003468
0.003468
0.003468
0.003468
0.003468
0.003468
0.003468
0.003468
0.003468
0.003468
0.003468
0.003468
0.003468
0.003468
0.003468
0.003468
0.003468
0.003468
0.003468
0.003468
0.003468
0.003468
0.003468
0.003468
0.003468
0.003468
0.003468
0.003468
0.003468
0.003468
0.003468
0.003468
0.003468
0.003468
0.003468
0.003468
0.003468
0.003468
0.003468
0.003468
0.003468
0.003468
0.003468
0.003468
0.003468
0.003468
0.003468
0.003468
0.003468
0.003468
0.003468
0.003468
0.003468
0.003468
0.003468
0.003468
0.003468
0.003468
0.003468
0.003468
0.003468
0.003468
0.003468
0.003468
0.003468
0.003468
0.003468
0.003468
0.003468
0.003468
0.003468
0.003468
0.003468
0.00346797
0.00346599
0.00344634
0.00338963
0.00330986
0.00322604
0.00314357
0.0030626
0.00298261
0.00290319
0.00282401
0.00274479
0.00266549
0.00258789
0.00251827
0.00245759
0.00243585
0.00245459
0.00245995
0.00246787
0.00248733
0.0025325
0.00263935
0.00286448
0.0032382
0.00365354
0.00391307
0.00402051
0.00405584
0.00407335
0.00407186
0.00402812
0.00370434
0.00299752
0.00282328
0.00282173
0.00282173
0.00282173
0.00282173
0.00282173
0.00282173
0.00282173
0.00282173
0.00282173
0.00282173
0.00282173
0.00282173
0.00282173
0.00282173
0.00282173
0.00282173
0.00282173
0.00282173
0.00282173
0.00282173
0.00282173
0.00282173
0.00282173
0.00282173
0.00282173
0.00282173
0.00282173
0.00282173
0.00282173
0.00282173
0.00282173
0.00282173
0.00282173
0.00282173
0.00282173
0.00282173
0.00282173
0.00282173
0.00282173
0.00282173
0.00282173
0.00282173
0.00282173
0.00282173
0.00282173
0.00282173
0.00282173
0.00282173
0.00282173
0.00282173
0.00282173
0.00282173
0.00282173
0.00282173
0.00282173
0.00282173
0.00282173
0.00282173
0.00282173
0.00282173
0.00282173
0.00282173
0.00282173
0.00282173
0.00282173
0.00282173
0.00282173
0.00282173
0.00282173
0.00282173
0.00282173
0.00282173
0.00282173
0.00282173
0.00282173
0.00282173
0.00282173
0.00282173
0.00282173
0.00282173
0.00282173
0.00282173
0.00282173
0.00282173
0.00282173
0.00282173
0.00282173
0.00282173
0.00282173
0.00282173
0.00282173
0.00282173
0.00282173
0.00282173
0.00282173
0.00282173
0.00282173
0.00282173
0.00282173
0.00282173
0.00282173
0.00282173
0.00282173
0.00282173
0.00282173
0.00282173
0.00282173
0.00282173
0.00282173
0.00282173
0.00282173
0.00282173
0.00282173
0.00282173
0.00282173
0.00282173
0.00282173
0.00282173
0.00282173
0.00282173
0.00282173
0.00282173
0.00282173
0.00282173
0.00282173
0.00282173
0.00282173
0.00282173
0.00282173
0.00282173
0.00282173
0.00282173
0.00282173
0.00282173
0.00282173
0.00282173
0.00282173
0.00282173
0.00282173
0.00282173
0.00282173
0.00282173
0.00282173
0.00282173
0.00282173
0.00282173
0.00282173
0.00282173
0.00282173
0.00282173
0.00282173
0.00282173
0.00282173
0.00282173
0.00282173
0.00282173
0.00282173
0.00282173
0.00282173
0.00282173
0.00282173
0.00282173
0.00282173
0.00282173
0.00282173
0.00282173
0.00282173
0.00282173
0.00282173
0.00282173
0.00282173
0.00282173
0.00282173
0.00282173
0.00282173
0.00282173
0.00282173
0.00282173
0.00282173
0.00282173
0.00282173
0.00282173
0.00282173
0.00282173
0.00282173
0.00282173
0.00282173
0.00282173
0.00282173
0.00282173
0.00282173
0.00282173
0.00282173
0.00282173
0.00282173
0.00282173
0.00282173
0.00282173
0.00282173
0.00282173
0.00282173
0.00282173
0.00282173
0.00282173
0.00282173
0.00282173
0.00282173
0.00282173
0.00282173
0.00282173
0.00282173
0.00282173
0.00282173
0.00282173
0.00282173
0.00282173
0.00282173
0.00282173
0.00282173
0.00282173
0.00282173
0.00282173
0.00282173
0.00282173
0.00282173
0.00282173
0.00282173
0.00282173
0.00282173
0.00282173
0.00282173
0.00282173
0.00282173
0.00282173
0.00282173
0.00282173
0.00282173
0.00282173
0.00282173
0.00282173
0.00282173
0.00282173
0.00282173
0.00282173
0.00282173
0.00282173
0.00282173
0.00282173
0.00282173
0.00282173
0.00282173
0.00282173
0.00282173
0.00282173
0.00282173
0.00282173
0.00282173
0.00282173
0.00282173
0.00282173
0.00282173
0.00282173
0.00282173
0.00282173
0.00282173
0.00282173
0.00282173
0.00282173
0.00282173
0.00282173
0.00282173
0.00282173
0.00282173
0.00282173
0.00282173
0.00282173
0.00282173
0.00282173
0.00282173
0.00282173
0.00282173
0.00282173
0.00282173
0.00282173
0.00282173
0.00282173
0.00282173
0.00282173
0.00282173
0.00282173
0.00282173
0.00282173
0.00282173
0.00282173
0.00282173
0.00282173
0.00282173
0.00282173
0.00282173
0.00282173
0.00282173
0.00282173
0.00282173
0.00282173
0.00282173
0.00282173
0.00282173
0.00282173
0.00282173
0.00282173
0.00282173
0.00282173
0.00282173
0.00282173
0.00282173
0.00282173
0.00282173
0.00282173
0.00282173
0.00282173
0.00282173
0.00282173
0.00282173
0.00282173
0.00282173
0.00282173
0.00282173
0.00282173
0.00282173
0.00282173
0.00282173
0.00282173
0.00282173
0.00282173
0.00282173
0.00282173
0.00282173
0.00282173
0.00282173
0.00282173
0.00282173
0.00282173
0.00282173
0.00282173
0.00282173
0.00282173
0.00282173
0.00282173
0.00282173
0.00282173
0.00282173
0.00282173
0.00282173
0.00282173
0.00282173
0.00282173
0.00282173
0.00282173
0.00282173
0.00282173
0.00282173
0.00282173
0.00282173
0.00282173
0.00282173
0.00282173
0.00282173
0.00282173
0.00282173
0.00282173
0.00282173
0.00282173
0.00282173
0.00282173
0.00282173
0.00282173
0.00282173
0.00282173
0.00282173
0.00282173
)
;

boundaryField
{
    left
    {
        type            zeroGradient;
    }
    right
    {
        type            zeroGradient;
    }
    empty
    {
        type            empty;
    }
}


// ************************************************************************* //
