/*--------------------------------*- C++ -*----------------------------------*\
| =========                 |                                                 |
| \\      /  F ield         | OpenFOAM: The Open Source CFD Toolbox           |
|  \\    /   O peration     | Version:  2106                                  |
|   \\  /    A nd           | Website:  www.openfoam.com                      |
|    \\/     M anipulation  |                                                 |
\*---------------------------------------------------------------------------*/
FoamFile
{
    version     2.0;
    format      ascii;
    arch        "LSB;label=32;scalar=64";
    class       surfaceScalarField;
    location    "0.072";
    object      phi;
}
// * * * * * * * * * * * * * * * * * * * * * * * * * * * * * * * * * * * * * //

dimensions      [0 3 -1 0 0 0 0];

oriented        oriented;

internalField   nonuniform List<scalar> 
799
(
1.78291e-32
4.56515e-32
5.88357e-32
4.79805e-32
2.27262e-32
-4.41113e-32
-1.03686e-31
-1.49756e-31
-1.6e-31
-1.22429e-31
-6.68251e-32
-4.74486e-33
3.35275e-32
4.3062e-32
2.12616e-32
-1.81877e-32
-6.93064e-32
-1.21896e-31
-1.62113e-31
-1.89981e-31
-1.81711e-31
-1.45476e-31
-8.41616e-32
-1.32498e-32
2.74836e-32
3.67209e-32
-4.80956e-33
-7.53114e-32
-1.41495e-31
-1.93983e-31
-1.96741e-31
-1.69357e-31
-1.22953e-31
-6.7839e-32
-4.28927e-32
-3.17659e-32
-4.89241e-32
-8.67921e-32
-1.1665e-31
-1.53333e-31
-1.62292e-31
-1.49805e-31
-1.26339e-31
-7.96252e-32
-5.4383e-32
-4.40812e-32
-5.99852e-32
-1.08939e-31
-1.48888e-31
-1.85171e-31
-1.87094e-31
-1.53242e-31
-1.10051e-31
-5.57315e-32
-3.12965e-32
-3.7427e-32
-7.04996e-32
-1.29559e-31
-1.74927e-31
-2.00039e-31
-1.86829e-31
-1.33637e-31
-7.14895e-32
-1.65113e-32
-3.65174e-33
-4.43438e-32
-1.18088e-31
-2.01552e-31
-2.46922e-31
-2.29345e-31
-1.579e-31
-5.60792e-32
2.04434e-32
3.70651e-32
-9.91252e-33
-1.03578e-31
-1.8996e-31
-2.34461e-31
-2.2281e-31
-1.63403e-31
-9.69958e-32
-4.7818e-32
-3.22757e-32
-4.7098e-32
-7.10299e-32
-9.6781e-32
-1.16164e-31
-1.34106e-31
-1.5421e-31
-1.66274e-31
-1.64108e-31
-1.32788e-31
-8.00314e-32
-2.64319e-32
6.41726e-33
-1.22883e-32
-7.06984e-32
-1.52294e-31
-2.21477e-31
-2.34661e-31
-1.99206e-31
-1.13257e-31
-2.22546e-32
3.11534e-32
4.03588e-32
-1.74174e-32
-9.65081e-32
-1.70125e-31
-2.1388e-31
-1.96708e-31
-1.52705e-31
-8.97846e-32
-4.29843e-32
-3.42515e-32
-4.55405e-32
-7.6014e-32
-9.27155e-32
-9.00804e-32
-7.72081e-32
-6.31852e-32
-7.2977e-32
-1.03344e-31
-1.44753e-31
-1.75449e-31
-1.73905e-31
-1.39112e-31
-7.96297e-32
-2.00537e-32
1.78725e-32
2.33436e-32
-6.49484e-33
-5.87649e-32
-1.19627e-31
-1.74858e-31
-2.06633e-31
-2.09279e-31
-1.75476e-31
-1.11251e-31
-3.74272e-32
2.74314e-32
5.27977e-32
3.03083e-32
-3.28279e-32
-1.16955e-31
-1.81733e-31
-2.08168e-31
-1.84615e-31
-1.24316e-31
-6.15326e-32
-1.81745e-32
-1.73479e-32
-5.18797e-32
-9.88457e-32
-1.35904e-31
-1.36401e-31
-1.03481e-31
-5.26561e-32
-1.09086e-32
-8.07085e-33
-4.80881e-32
-1.1918e-31
-1.85998e-31
-2.12916e-31
-1.81991e-31
-1.01781e-31
-1.24079e-32
4.56957e-32
3.77919e-32
-2.87054e-32
-1.1866e-31
-1.89424e-31
-1.96319e-31
-1.49928e-31
-7.24711e-32
-9.79817e-33
-3.39144e-33
-3.93751e-32
-1.08266e-31
-1.57891e-31
-1.60081e-31
-1.2387e-31
-5.29409e-32
-3.52987e-33
9.85393e-33
-1.92849e-32
-8.67285e-32
-1.42772e-31
-1.79311e-31
-1.71722e-31
-1.24764e-31
-6.95381e-32
-1.37436e-32
9.12108e-33
3.98728e-34
-3.13558e-32
-8.01322e-32
-1.17995e-31
-1.42515e-31
-1.46621e-31
-1.29369e-31
-1.03313e-31
-6.83186e-32
-3.51302e-32
-1.32408e-32
-6.6738e-33
-2.5903e-32
-6.56516e-32
-1.12077e-31
-1.4873e-31
-1.51893e-31
-1.17915e-31
-5.984e-32
-2.64966e-33
1.83761e-32
-1.01101e-32
-7.79144e-32
-1.53173e-31
-1.90389e-31
-1.64337e-31
-8.16639e-32
2.1362e-32
8.82467e-32
7.85569e-32
-7.72591e-33
-1.36539e-31
-2.40958e-31
-2.65562e-31
-1.9818e-31
-6.15511e-32
7.28694e-32
1.41773e-31
1.17226e-31
4.29291e-33
-1.31643e-31
-2.31001e-31
-2.51827e-31
-1.81615e-31
-6.85706e-32
4.14451e-32
9.98901e-32
8.25133e-32
1.39156e-32
-7.68558e-32
-1.44692e-31
-1.60898e-31
-1.28248e-31
-6.37724e-32
-1.78299e-33
2.86979e-32
1.82527e-32
-1.88711e-32
-5.85242e-32
-7.01846e-32
-4.31288e-32
3.81876e-33
4.86689e-32
5.53253e-32
1.63125e-32
-4.37803e-32
-9.72038e-32
-1.00379e-31
-4.55693e-32
4.13834e-32
1.279e-31
1.67162e-31
1.46825e-31
8.93614e-32
2.23739e-32
-1.20611e-32
4.14526e-34
4.21448e-32
1.00554e-31
1.44927e-31
1.68432e-31
1.85087e-31
1.92181e-31
2.07927e-31
2.25365e-31
2.34811e-31
2.46473e-31
2.52546e-31
2.69469e-31
2.98996e-31
3.2978e-31
3.60892e-31
3.79054e-31
3.95226e-31
4.25832e-31
4.82703e-31
5.6759e-31
6.56842e-31
7.1933e-31
7.30702e-31
6.98594e-31
6.54892e-31
6.51313e-31
7.2286e-31
8.63124e-31
1.03863e-30
1.18324e-30
1.25875e-30
1.26271e-30
1.22741e-30
1.22038e-30
1.27614e-30
1.40654e-30
1.581e-30
1.74391e-30
1.86927e-30
1.94332e-30
1.99705e-30
2.06978e-30
2.17954e-30
2.33533e-30
2.50532e-30
2.66438e-30
2.80043e-30
2.9131e-30
3.03635e-30
3.18793e-30
3.37919e-30
3.60414e-30
3.82796e-30
4.03681e-30
4.21633e-30
4.37828e-30
4.55794e-30
4.76993e-30
5.03672e-30
5.34243e-30
5.65515e-30
5.95522e-30
6.21046e-30
6.43882e-30
6.66528e-30
6.92047e-30
7.24677e-30
7.63219e-30
8.06381e-30
8.49812e-30
8.88255e-30
9.20242e-30
9.4606e-30
9.66042e-30
1.00206e-29
1.04905e-29
1.17877e-29
1.41491e-29
1.77037e-29
2.45203e-29
2.71445e-29
2.98739e-29
1.27456e-29
-3.00604e-29
-8.14864e-29
-1.87127e-28
-1.77811e-28
-1.17057e-28
1.70927e-28
8.15128e-28
1.18047e-27
1.82293e-27
1.06131e-27
-7.56571e-28
-3.03187e-27
-7.53827e-27
-7.20866e-27
-5.92633e-27
1.75304e-27
1.68811e-26
2.26727e-26
3.30535e-26
1.6653e-26
-1.36064e-26
-4.10027e-26
-9.0491e-26
-7.13178e-26
-4.21902e-26
3.15747e-26
1.54629e-25
1.6274e-25
1.92002e-25
5.43157e-26
-1.45596e-25
-2.41558e-25
-4.15706e-25
-2.36519e-25
-3.16388e-26
2.19158e-25
5.892e-25
4.55161e-25
3.83039e-25
-3.70796e-26
-5.43997e-25
-5.80045e-25
-7.54247e-25
-2.54574e-25
2.23633e-25
5.06853e-25
9.15297e-25
5.06863e-25
2.23648e-25
-2.5456e-25
-7.54243e-25
-5.8005e-25
-5.4401e-25
-3.70936e-26
3.8303e-25
4.55159e-25
5.89204e-25
2.19166e-25
-3.16331e-26
-2.36517e-25
-4.15708e-25
-2.41563e-25
-1.456e-25
5.43121e-26
1.92e-25
1.6274e-25
1.54629e-25
3.15751e-26
-4.21905e-26
-7.13185e-26
-9.04916e-26
-4.10036e-26
-1.36072e-26
1.66521e-26
3.30525e-26
2.26718e-26
1.68802e-26
1.75235e-27
-5.92693e-27
-7.20917e-27
-7.53872e-27
-3.03235e-27
-7.57064e-28
1.06077e-27
1.82235e-27
1.17988e-27
8.14557e-28
1.7043e-28
-1.17473e-28
-1.78125e-28
-1.87374e-28
-8.17319e-29
-3.03499e-29
1.23507e-29
2.93967e-29
2.66351e-29
2.40523e-29
1.73636e-29
1.39455e-29
1.17041e-29
1.04543e-29
9.94357e-30
9.49851e-30
9.18764e-30
8.85293e-30
8.51676e-30
8.17032e-30
7.83303e-30
7.51398e-30
7.22712e-30
6.9647e-30
6.70319e-30
6.4215e-30
6.10521e-30
5.76331e-30
5.43124e-30
5.13592e-30
4.90395e-30
4.72842e-30
4.57984e-30
4.43232e-30
4.24989e-30
4.03463e-30
3.79411e-30
3.54871e-30
3.32993e-30
3.14366e-30
3.00354e-30
2.89816e-30
2.80764e-30
2.71486e-30
2.59273e-30
2.43651e-30
2.25609e-30
2.07399e-30
1.92442e-30
1.82983e-30
1.78391e-30
1.76804e-30
1.73897e-30
1.66167e-30
1.53713e-30
1.37202e-30
1.21754e-30
1.10987e-30
1.05947e-30
1.07099e-30
1.09251e-30
1.09319e-30
1.04566e-30
9.36846e-31
8.06259e-31
6.79448e-31
5.97993e-31
5.83551e-31
6.17942e-31
6.77034e-31
7.11485e-31
6.84426e-31
5.90511e-31
4.49854e-31
3.12685e-31
2.34046e-31
2.38614e-31
3.18256e-31
4.25934e-31
4.96493e-31
4.90685e-31
3.9911e-31
2.60279e-31
1.31857e-31
6.17426e-32
7.08231e-32
1.36317e-31
2.20743e-31
2.75989e-31
2.82244e-31
2.40251e-31
1.68306e-31
1.02574e-31
5.45027e-32
4.35482e-32
5.94704e-32
8.74244e-32
1.19036e-31
1.25166e-31
1.16291e-31
8.58182e-32
5.04152e-32
3.58362e-32
3.23993e-32
5.77884e-32
8.01123e-32
8.32528e-32
6.86331e-32
2.04848e-32
-1.7714e-32
-3.6912e-32
-2.52079e-32
2.42855e-32
6.75779e-32
9.74983e-32
9.18932e-32
5.19222e-32
1.11749e-32
-2.57232e-32
-3.77235e-32
-3.28822e-32
-3.13001e-32
-2.85895e-32
-3.14874e-32
-1.92057e-32
2.16173e-32
7.42905e-32
1.24258e-31
1.27071e-31
6.4147e-32
-4.33951e-32
-1.63409e-31
-2.22012e-31
-1.85864e-31
-6.3642e-32
1.06642e-31
2.28528e-31
2.5165e-31
1.56155e-31
-2.71765e-32
-1.97087e-31
-2.90671e-31
-2.53425e-31
-1.00099e-31
8.32953e-32
2.29291e-31
2.54972e-31
1.57042e-31
-7.99073e-33
-1.76384e-31
-2.52438e-31
-2.18813e-31
-9.78839e-32
5.74363e-32
1.5808e-31
1.80646e-31
1.17816e-31
6.83103e-33
-8.76494e-32
-1.45767e-31
-1.42122e-31
-9.77974e-32
-4.2305e-32
1.51342e-32
4.75419e-32
6.50016e-32
6.41064e-32
4.34127e-32
1.56723e-32
-2.55855e-32
-6.14397e-32
-8.73236e-32
-9.64673e-32
-8.27574e-32
-5.64869e-32
-1.7128e-32
2.02749e-32
5.27001e-32
6.80512e-32
6.01296e-32
3.25332e-32
-1.78135e-32
-6.37987e-32
-1.00792e-31
-1.10491e-31
-8.6627e-32
-5.10025e-32
3.31019e-34
3.57574e-32
5.33362e-32
5.55631e-32
2.98624e-32
2.30359e-33
-3.53318e-32
-6.87429e-32
-8.32453e-32
-8.64758e-32
-6.06598e-32
-2.36728e-32
1.54842e-32
4.70273e-32
5.02299e-32
3.44089e-32
-8.26043e-34
-3.95944e-32
-6.61801e-32
-7.73141e-32
-6.54313e-32
-3.94003e-32
-6.92794e-33
2.08753e-32
3.42138e-32
2.84554e-32
8.25141e-33
-1.65088e-32
-3.54898e-32
-3.56312e-32
-2.69873e-32
-1.3127e-32
-8.63904e-33
-2.15463e-32
-3.25166e-32
-3.9298e-32
-1.90637e-32
2.04271e-32
5.38764e-32
6.81177e-32
3.363e-32
-2.76532e-32
-8.9789e-32
-1.19799e-31
-8.75117e-32
-1.65359e-32
6.83735e-32
1.16916e-31
1.02829e-31
3.87127e-32
-5.06474e-32
-1.09149e-31
-1.14414e-31
-6.39318e-32
1.64118e-32
7.61781e-32
9.41584e-32
5.68657e-32
-9.11657e-33
-6.38732e-32
-8.43552e-32
-5.21746e-32
7.18839e-33
6.27432e-32
8.74848e-32
6.03463e-32
2.4029e-33
-6.17124e-32
-1.01059e-31
-8.99304e-32
-4.04229e-32
3.10496e-32
9.3704e-32
1.1621e-31
9.85452e-32
4.25796e-32
-2.90108e-32
-8.5096e-32
-1.16096e-31
-1.04954e-31
-5.89432e-32
3.74602e-33
7.30537e-32
1.18355e-31
1.30589e-31
1.03364e-31
3.63692e-32
-4.17174e-32
-1.12068e-31
-1.43038e-31
-1.17546e-31
-4.6126e-32
5.25884e-32
1.33521e-31
1.63623e-31
1.29466e-31
4.09302e-32
-5.89049e-32
-1.27376e-31
-1.33258e-31
-7.30074e-32
2.12221e-32
1.05734e-31
1.41632e-31
1.11161e-31
3.53431e-32
-4.92827e-32
-1.01943e-31
-9.30803e-32
-3.58554e-32
4.65714e-32
1.11865e-31
1.24003e-31
8.981e-32
1.58355e-32
-5.26297e-32
-8.1126e-32
-6.84563e-32
-6.12987e-33
5.89035e-32
1.01825e-31
1.10416e-31
6.80455e-32
1.69346e-32
-3.1323e-32
-5.36514e-32
-3.40092e-32
-8.38833e-34
4.43182e-32
7.51391e-32
8.0792e-32
7.27385e-32
4.84129e-32
2.64873e-32
1.3492e-32
6.34504e-33
8.47221e-33
1.10092e-32
9.29938e-33
1.05739e-32
1.07905e-32
2.07061e-32
4.36479e-32
6.76919e-32
9.69811e-32
1.05681e-31
9.18514e-32
5.68721e-32
-1.04422e-33
-4.45447e-32
-7.01994e-32
-5.51733e-32
-1.50463e-33
6.28211e-32
1.26305e-31
1.50046e-31
1.35044e-31
8.34259e-32
1.99687e-32
-2.8854e-32
-4.91744e-32
-2.76867e-32
3.22894e-33
5.22243e-32
7.28468e-32
7.37225e-32
6.69441e-32
2.23658e-32
1.32039e-32
-1.90374e-32
-2.50128e-32
-4.85895e-33
)
;

boundaryField
{
    left
    {
        type            calculated;
        value           uniform 0;
    }
    right
    {
        type            calculated;
        value           uniform 0;
    }
    empty
    {
        type            empty;
        value           nonuniform List<scalar> 0();
    }
}


// ************************************************************************* //
