/*--------------------------------*- C++ -*----------------------------------*\
| =========                 |                                                 |
| \\      /  F ield         | OpenFOAM: The Open Source CFD Toolbox           |
|  \\    /   O peration     | Version:  2106                                  |
|   \\  /    A nd           | Website:  www.openfoam.com                      |
|    \\/     M anipulation  |                                                 |
\*---------------------------------------------------------------------------*/
FoamFile
{
    version     2.0;
    format      ascii;
    arch        "LSB;label=32;scalar=64";
    class       surfaceScalarField;
    location    "0.091";
    object      phi;
}
// * * * * * * * * * * * * * * * * * * * * * * * * * * * * * * * * * * * * * //

dimensions      [0 3 -1 0 0 0 0];

oriented        oriented;

internalField   nonuniform List<scalar> 
799
(
1.72845e-32
4.45633e-32
5.71986e-32
4.57965e-32
1.9989e-32
-4.73989e-32
-1.07528e-31
-1.54147e-31
-1.6493e-31
-1.27903e-31
-7.28366e-32
-1.12927e-32
2.645e-32
3.5461e-32
1.31402e-32
-2.6825e-32
-7.84576e-32
-1.31553e-31
-1.72267e-31
-2.00629e-31
-1.92849e-31
-1.57095e-31
-9.62619e-32
-2.5821e-32
1.44415e-32
2.3218e-32
-1.87673e-32
-8.97107e-32
-1.5633e-31
-2.09254e-31
-2.12433e-31
-1.85464e-31
-1.39462e-31
-8.47481e-32
-6.01944e-32
-4.94514e-32
-6.69861e-32
-1.05222e-31
-1.35438e-31
-1.72469e-31
-1.81772e-31
-1.69621e-31
-1.46476e-31
-1.00076e-31
-7.51384e-32
-6.5134e-32
-8.13277e-32
-1.30561e-31
-1.70782e-31
-2.07328e-31
-2.09506e-31
-1.75901e-31
-1.32948e-31
-7.88599e-32
-5.46473e-32
-6.09931e-32
-9.42728e-32
-1.53524e-31
-1.99081e-31
-2.24373e-31
-2.11339e-31
-1.58308e-31
-9.63178e-32
-4.14876e-32
-2.87686e-32
-6.9596e-32
-1.43468e-31
-2.27054e-31
-2.72537e-31
-2.55065e-31
-1.83718e-31
-8.19867e-32
-5.55172e-33
1.09898e-32
-3.60645e-32
-1.29799e-31
-2.16249e-31
-2.60804e-31
-2.492e-31
-1.89838e-31
-1.23469e-31
-7.4327e-32
-5.88148e-32
-7.36638e-32
-9.76148e-32
-1.23384e-31
-1.42781e-31
-1.60732e-31
-1.80839e-31
-1.92903e-31
-1.90732e-31
-1.59404e-31
-1.06644e-31
-5.30338e-32
-2.01666e-32
-3.88541e-32
-9.72405e-32
-1.78812e-31
-2.47965e-31
-2.61123e-31
-2.25637e-31
-1.39654e-31
-4.86173e-32
4.83062e-33
1.40766e-32
-4.36558e-32
-1.22703e-31
-1.96272e-31
-2.39984e-31
-2.22767e-31
-1.78711e-31
-1.15735e-31
-6.88821e-32
-6.0092e-32
-7.13292e-32
-1.01749e-31
-1.18394e-31
-1.15699e-31
-1.02768e-31
-8.86853e-32
-9.84177e-32
-1.28725e-31
-1.70073e-31
-2.00709e-31
-1.99108e-31
-1.64256e-31
-1.04701e-31
-4.50638e-32
-7.07854e-33
-1.54676e-33
-3.1324e-32
-8.35342e-32
-1.44334e-31
-1.99502e-31
-2.31217e-31
-2.338e-31
-1.99935e-31
-1.35649e-31
-6.1764e-32
3.15556e-33
2.85812e-32
6.15348e-33
-5.69198e-32
-1.40984e-31
-2.05698e-31
-2.32072e-31
-2.08461e-31
-1.48101e-31
-8.52589e-32
-4.18423e-32
-4.0955e-32
-7.54302e-32
-1.22338e-31
-1.59344e-31
-1.59778e-31
-1.26792e-31
-7.59023e-32
-3.4092e-32
-3.11925e-32
-7.11466e-32
-1.42171e-31
-2.08924e-31
-2.35776e-31
-2.04785e-31
-1.24505e-31
-3.50664e-32
2.31036e-32
1.52668e-32
-5.11605e-32
-1.41043e-31
-2.11733e-31
-2.18552e-31
-1.72081e-31
-9.45399e-32
-3.17839e-32
-2.52974e-32
-6.11908e-32
-1.29993e-31
-1.79524e-31
-1.81615e-31
-1.45303e-31
-7.42694e-32
-2.47497e-32
-1.12495e-32
-4.02655e-32
-1.07577e-31
-1.63484e-31
-1.9988e-31
-1.92137e-31
-1.45023e-31
-8.9634e-32
-3.36673e-32
-1.06167e-32
-1.91423e-32
-5.06903e-32
-9.92486e-32
-1.36877e-31
-1.61146e-31
-1.64985e-31
-1.4745e-31
-1.21091e-31
-8.57791e-32
-5.22469e-32
-2.99896e-32
-2.30329e-32
-4.18431e-32
-8.11466e-32
-1.27099e-31
-1.63245e-31
-1.65868e-31
-1.31321e-31
-7.26402e-32
-1.48071e-32
6.90626e-33
-2.08465e-32
-8.7866e-32
-1.6229e-31
-1.98618e-31
-1.71618e-31
-8.79413e-32
1.61583e-32
8.41887e-32
7.57161e-32
-9.26741e-33
-1.36704e-31
-2.39655e-31
-2.627e-31
-1.93662e-31
-5.52742e-32
8.10094e-32
1.51894e-31
1.29447e-31
1.87394e-32
-1.14837e-31
-2.11693e-31
-2.29872e-31
-1.56853e-31
-4.08335e-32
7.23307e-32
1.34103e-31
1.20245e-31
5.53645e-32
-3.14821e-32
-9.51739e-32
-1.07008e-31
-6.97447e-32
-4.03242e-34
6.67147e-32
1.02599e-31
9.78478e-32
6.67124e-32
3.33637e-32
2.83315e-32
6.2355e-32
1.16624e-31
1.69163e-31
1.8389e-31
1.53351e-31
1.0215e-31
5.80442e-32
6.4633e-32
1.29671e-31
2.27332e-31
3.25061e-31
3.76044e-31
3.67967e-31
3.23313e-31
2.69711e-31
2.49239e-31
2.7629e-31
3.33228e-31
4.07495e-31
4.68394e-31
5.09112e-31
5.43693e-31
5.69437e-31
6.04577e-31
6.42183e-31
6.72586e-31
7.0602e-31
7.34696e-31
7.75075e-31
8.28932e-31
8.84942e-31
9.42196e-31
9.87432e-31
1.03163e-30
1.09124e-30
1.17811e-30
1.294e-30
1.4153e-30
1.51088e-30
1.55641e-30
1.55954e-30
1.55218e-30
1.58606e-30
1.6962e-30
1.8762e-30
2.09261e-30
2.2793e-30
2.39807e-30
2.44648e-30
2.45684e-30
2.49669e-30
2.60056e-30
2.7803e-30
3.00532e-30
3.22004e-30
3.39846e-30
3.52681e-30
3.63609e-30
3.76562e-30
3.93342e-30
4.14848e-30
4.37898e-30
4.59977e-30
4.79878e-30
4.9756e-30
5.16421e-30
5.38232e-30
5.64128e-30
5.93508e-30
6.22887e-30
6.5088e-30
6.76048e-30
6.99565e-30
7.24956e-30
7.5368e-30
7.87982e-30
8.26269e-30
8.65348e-30
9.03248e-30
9.36749e-30
9.67641e-30
9.98418e-30
1.03214e-29
1.07303e-29
1.1199e-29
1.17145e-29
1.22331e-29
1.27023e-29
1.31074e-29
1.34511e-29
1.37367e-29
1.41829e-29
1.4739e-29
1.61226e-29
1.85703e-29
2.22113e-29
2.91141e-29
3.18244e-29
3.46396e-29
1.75969e-29
-2.51238e-29
-7.64651e-29
-1.82021e-28
-1.72621e-28
-1.11785e-28
1.76282e-28
8.20564e-28
1.18598e-27
1.82853e-27
1.06699e-27
-7.50818e-28
-3.02604e-27
-7.53236e-27
-7.20268e-27
-5.92028e-27
1.75916e-27
1.68872e-26
2.26789e-26
3.30598e-26
1.66594e-26
-1.35999e-26
-4.09962e-26
-9.04844e-26
-7.13112e-26
-4.21836e-26
3.15815e-26
1.54636e-25
1.62747e-25
1.92009e-25
5.43227e-26
-1.45589e-25
-2.41551e-25
-4.15699e-25
-2.36512e-25
-3.16317e-26
2.19166e-25
5.89207e-25
4.55168e-25
3.83046e-25
-3.70723e-26
-5.4399e-25
-5.80037e-25
-7.5424e-25
-2.54566e-25
2.2364e-25
5.0686e-25
9.15304e-25
5.0687e-25
2.23655e-25
-2.54553e-25
-7.54235e-25
-5.80043e-25
-5.44003e-25
-3.70864e-26
3.83037e-25
4.55166e-25
5.89211e-25
2.19173e-25
-3.1626e-26
-2.3651e-25
-4.15701e-25
-2.41556e-25
-1.45593e-25
5.4319e-26
1.92007e-25
1.62747e-25
1.54636e-25
3.15818e-26
-4.21839e-26
-7.13119e-26
-9.04851e-26
-4.09971e-26
-1.36008e-26
1.66584e-26
3.30588e-26
2.2678e-26
1.68863e-26
1.75841e-27
-5.92093e-27
-7.20325e-27
-7.53288e-27
-3.02658e-27
-7.51371e-28
1.06638e-27
1.82789e-27
1.18534e-27
8.19932e-28
1.75723e-28
-1.12263e-28
-1.72998e-28
-1.8233e-28
-7.67726e-29
-2.54754e-29
1.71401e-29
3.41008e-29
3.12536e-29
2.8585e-29
2.18104e-29
1.83064e-29
1.59792e-29
1.46436e-29
1.40473e-29
1.35168e-29
1.31208e-29
1.27013e-29
1.22807e-29
1.18503e-29
1.14296e-29
1.10276e-29
1.06584e-29
1.03144e-29
9.97186e-30
9.60991e-30
9.21415e-30
8.79359e-30
8.38371e-30
8.01147e-30
7.7035e-30
7.45293e-30
7.2303e-30
7.00975e-30
6.75534e-30
6.46915e-30
6.15881e-30
5.8447e-30
5.55832e-30
5.30562e-30
5.10024e-30
4.93077e-30
4.77736e-30
4.62288e-30
4.44027e-30
4.22479e-30
3.98633e-30
3.74742e-30
3.54228e-30
3.39335e-30
3.29434e-30
3.2266e-30
3.14689e-30
3.02017e-30
2.84743e-30
2.63534e-30
2.43508e-30
2.28282e-30
2.18903e-30
2.15834e-30
2.13881e-30
2.0996e-30
2.01331e-30
1.86686e-30
1.69975e-30
1.53752e-30
1.42171e-30
1.37398e-30
1.37613e-30
1.404e-30
1.40824e-30
1.35196e-30
1.22979e-30
1.06183e-30
8.98298e-31
7.94199e-31
7.74203e-31
8.30154e-31
9.14988e-31
9.63534e-31
9.36523e-31
8.24535e-31
6.66063e-31
5.18743e-31
4.30468e-31
4.22098e-31
4.70833e-31
5.39164e-31
5.78963e-31
5.704e-31
5.142e-31
4.28641e-31
3.49869e-31
2.89313e-31
2.66407e-31
2.709e-31
2.87926e-31
3.09089e-31
3.05236e-31
2.86832e-31
2.47258e-31
2.03169e-31
1.80308e-31
1.68973e-31
1.8684e-31
2.01995e-31
1.98317e-31
1.77204e-31
1.2288e-31
7.8804e-32
5.40231e-32
6.04245e-32
1.04877e-31
1.43386e-31
1.68767e-31
1.58861e-31
1.14809e-31
7.01986e-32
2.96352e-32
1.41628e-32
1.57189e-32
1.4194e-32
1.39683e-32
8.28902e-33
1.7948e-32
5.62895e-32
1.0662e-31
1.54374e-31
1.551e-31
9.02072e-32
-1.91871e-32
-1.40953e-31
-2.01204e-31
-1.66617e-31
-4.58597e-32
1.23044e-31
2.43629e-31
2.65533e-31
1.68891e-31
-1.55175e-32
-1.86442e-31
-2.80981e-31
-2.44628e-31
-9.21407e-32
9.04683e-32
2.35728e-31
2.60717e-31
1.62137e-31
-3.50579e-33
-1.72469e-31
-2.49059e-31
-2.1593e-31
-9.54641e-32
5.94221e-32
1.59663e-31
1.8185e-31
1.18668e-31
7.35464e-33
-8.74342e-32
-1.45838e-31
-1.42464e-31
-9.83917e-32
-4.31333e-32
1.40894e-32
4.62991e-32
6.35768e-32
6.25085e-32
4.1665e-32
1.37824e-32
-2.76115e-32
-6.35883e-32
-8.95911e-32
-9.88408e-32
-8.52295e-32
-5.90508e-32
-1.97807e-32
1.75455e-32
4.99e-32
6.51897e-32
5.72122e-32
2.95645e-32
-2.08282e-32
-6.68553e-32
-1.03881e-31
-1.13604e-31
-8.97513e-32
-5.41344e-32
-2.80388e-33
3.26218e-32
5.02051e-32
5.24334e-32
2.67343e-32
-8.29053e-34
-3.84614e-32
-7.18689e-32
-8.63644e-32
-8.95828e-32
-6.37513e-32
-2.6745e-32
1.24343e-32
4.4006e-32
4.72372e-32
3.14454e-32
-3.76158e-33
-4.24999e-32
-6.90534e-32
-8.01578e-32
-6.82455e-32
-4.21809e-32
-9.67479e-33
1.81639e-32
3.15431e-32
2.58265e-32
5.66946e-33
-1.90487e-32
-3.79845e-32
-3.80808e-32
-2.93911e-32
-1.54791e-32
-1.09392e-32
-2.37943e-32
-3.47104e-32
-4.14361e-32
-2.11401e-32
1.84163e-32
5.19354e-32
6.6246e-32
3.18245e-32
-2.93865e-32
-9.14501e-32
-1.21391e-31
-8.90336e-32
-1.79909e-32
6.69863e-32
1.15598e-31
1.01581e-31
3.75361e-32
-5.17549e-32
-1.10182e-31
-1.15372e-31
-6.48166e-32
1.56023e-32
7.544e-32
9.34964e-32
5.62813e-32
-9.62363e-33
-6.43005e-32
-8.47036e-32
-5.24425e-32
7.00181e-33
6.26394e-32
8.74625e-32
6.04042e-32
2.54245e-33
-6.14897e-32
-1.00751e-31
-8.95339e-32
-3.99403e-32
3.16168e-32
9.43585e-32
1.16954e-31
9.9381e-32
4.35034e-32
-2.79975e-32
-8.39886e-32
-1.14898e-31
-1.03663e-31
-5.7562e-32
5.21694e-33
7.46155e-32
1.20005e-31
1.32324e-31
1.05184e-31
3.82748e-32
-3.97343e-32
-1.1e-31
-1.40888e-31
-1.15316e-31
-4.38209e-32
5.49718e-32
1.35977e-31
1.66148e-31
1.32059e-31
4.3588e-32
-5.6183e-32
-1.24593e-31
-1.30408e-31
-7.00904e-32
2.42028e-32
1.08777e-31
1.44735e-31
1.14322e-31
3.85607e-32
-4.60087e-32
-9.86166e-32
-8.97039e-32
-3.24309e-32
5.00358e-32
1.1537e-31
1.27542e-31
9.3385e-32
1.94444e-32
-4.89897e-32
-7.74547e-32
-6.47564e-32
-2.40741e-33
6.26398e-32
1.05577e-31
1.14179e-31
7.18161e-32
2.07098e-32
-2.75456e-32
-4.98778e-32
-3.02401e-32
2.92425e-33
4.80662e-32
7.88676e-32
8.45009e-32
7.64218e-32
5.20642e-32
3.01046e-32
1.70701e-32
9.88092e-33
1.19665e-32
1.44554e-32
1.26953e-32
1.39154e-32
1.40751e-32
2.39309e-32
4.68091e-32
7.07839e-32
9.99979e-32
1.08624e-31
9.47145e-32
5.96542e-32
1.65209e-33
-4.19326e-32
-6.76739e-32
-5.2743e-32
8.30557e-34
6.50581e-32
1.28441e-31
1.52078e-31
1.3697e-31
8.52442e-32
2.16855e-32
-2.72458e-32
-4.76818e-32
-2.63145e-32
4.4808e-33
5.33588e-32
7.38549e-32
7.45982e-32
6.76874e-32
2.29821e-32
1.36959e-32
-1.86672e-32
-2.47672e-32
-4.73858e-33
)
;

boundaryField
{
    left
    {
        type            calculated;
        value           uniform 0;
    }
    right
    {
        type            calculated;
        value           uniform 0;
    }
    empty
    {
        type            empty;
        value           nonuniform List<scalar> 0();
    }
}


// ************************************************************************* //
