/*--------------------------------*- C++ -*----------------------------------*\
| =========                 |                                                 |
| \\      /  F ield         | OpenFOAM: The Open Source CFD Toolbox           |
|  \\    /   O peration     | Version:  2106                                  |
|   \\  /    A nd           | Website:  www.openfoam.com                      |
|    \\/     M anipulation  |                                                 |
\*---------------------------------------------------------------------------*/
FoamFile
{
    version     2.0;
    format      ascii;
    arch        "LSB;label=32;scalar=64";
    class       surfaceScalarField;
    location    "0.021";
    object      phi;
}
// * * * * * * * * * * * * * * * * * * * * * * * * * * * * * * * * * * * * * //

dimensions      [0 3 -1 0 0 0 0];

oriented        oriented;

internalField   nonuniform List<scalar> 
799
(
2.01342e-32
5.02592e-32
6.57359e-32
5.71648e-32
3.41783e-32
-3.03951e-32
-8.77284e-32
-1.31574e-31
-1.39614e-31
-9.98655e-32
-4.21096e-32
2.20935e-32
6.24572e-32
7.40485e-32
5.42714e-32
1.68079e-32
-3.23631e-32
-8.30437e-32
-1.21389e-31
-1.47431e-31
-1.37379e-31
-9.94064e-32
-3.64091e-32
3.61413e-32
7.84651e-32
8.92439e-32
4.92068e-32
-1.98521e-32
-8.46322e-32
-1.35772e-31
-1.37235e-31
-1.08603e-31
-6.09948e-32
-4.73245e-33
2.13115e-32
3.34906e-32
1.73361e-32
-1.95741e-32
-4.85214e-32
-8.43352e-32
-9.24751e-32
-7.92153e-32
-5.50154e-32
-7.61043e-33
1.82824e-32
2.91959e-32
1.38667e-32
-3.45524e-32
-7.40024e-32
-1.09825e-31
-1.11324e-31
-7.70807e-32
-3.35309e-32
2.11153e-32
4.58467e-32
3.99834e-32
7.15152e-33
-5.16954e-32
-9.6881e-32
-1.21834e-31
-1.08495e-31
-5.51899e-32
7.04779e-33
6.20922e-32
7.49984e-32
3.43305e-32
-3.94063e-32
-1.2288e-31
-1.68277e-31
-1.50743e-31
-7.9359e-32
2.23852e-32
9.88164e-32
1.15332e-31
6.82351e-32
-2.55637e-32
-1.12095e-31
-1.56747e-31
-1.4526e-31
-8.60289e-32
-1.98061e-32
2.9178e-32
4.45189e-32
2.94855e-32
5.33815e-33
-2.06375e-32
-4.02489e-32
-5.84271e-32
-7.87705e-32
-9.10814e-32
-8.91667e-32
-5.81014e-32
-5.60748e-33
4.77285e-32
8.03143e-32
6.13424e-32
2.66753e-33
-7.9198e-32
-1.4865e-31
-1.62109e-31
-1.26925e-31
-4.1245e-32
4.94893e-32
1.02629e-31
1.11567e-31
5.35243e-32
-2.58337e-32
-9.97128e-32
-1.43728e-31
-1.26813e-31
-8.30606e-32
-2.03916e-32
2.6161e-32
3.46547e-32
2.31219e-32
-7.58937e-33
-2.45225e-32
-2.21146e-32
-9.46546e-33
4.33891e-33
-5.66701e-33
-3.62428e-32
-7.78535e-32
-1.08749e-31
-1.07398e-31
-7.27926e-32
-1.34905e-32
4.59079e-32
8.36601e-32
8.89633e-32
5.89621e-32
6.53312e-33
-5.44797e-32
-1.09856e-31
-1.41774e-31
-1.44561e-31
-1.10897e-31
-4.68058e-32
2.6889e-32
9.1623e-32
1.16866e-31
9.42592e-32
3.10094e-32
-5.32292e-32
-1.18115e-31
-1.44657e-31
-1.2121e-31
-6.10129e-32
1.65956e-33
4.49133e-32
4.56373e-32
1.10034e-32
-3.6064e-32
-7.32275e-32
-7.38225e-32
-4.09997e-32
9.72595e-33
5.13697e-32
5.41021e-32
1.3981e-32
-5.72137e-32
-1.24139e-31
-1.51167e-31
-1.20354e-31
-4.02572e-32
4.89992e-32
1.06981e-31
9.89582e-32
3.23406e-32
-5.77418e-32
-1.28636e-31
-1.35661e-31
-8.94083e-32
-1.20836e-32
5.04533e-32
5.67141e-32
2.0589e-32
-4.84492e-32
-9.82243e-32
-1.00568e-31
-6.45123e-32
6.25739e-33
5.55059e-32
6.87248e-32
3.94229e-32
-2.81863e-32
-8.43979e-32
-1.2111e-31
-1.13693e-31
-6.6911e-32
-1.18655e-32
4.37479e-32
6.64356e-32
5.75326e-32
2.55908e-32
-2.33737e-32
-6.14261e-32
-8.61335e-32
-9.04316e-32
-7.33725e-32
-4.7514e-32
-1.27194e-32
2.02644e-32
4.19499e-32
4.83138e-32
2.88734e-32
-1.10876e-32
-5.77343e-32
-9.46098e-32
-9.80028e-32
-6.42599e-32
-6.42911e-33
5.0512e-32
7.12805e-32
4.25244e-32
-2.55562e-32
-1.01105e-31
-1.38628e-31
-1.12895e-31
-3.05606e-32
7.21125e-32
1.38629e-31
1.28544e-31
4.18442e-32
-8.74143e-32
-1.92307e-31
-2.17413e-31
-1.50567e-31
-1.45167e-32
1.19286e-31
1.87525e-31
1.62266e-31
4.85647e-32
-8.81973e-32
-1.88443e-31
-2.10227e-31
-1.41047e-31
-2.91094e-32
7.97139e-32
1.36872e-31
1.18108e-31
4.80136e-32
-4.4375e-32
-1.13958e-31
-1.32044e-31
-1.01421e-31
-3.91325e-32
2.04999e-32
4.84462e-32
3.52731e-32
-4.78925e-33
-4.76036e-32
-6.26687e-32
-3.92739e-32
3.73901e-33
4.43554e-32
4.64661e-32
2.57819e-33
-6.27492e-32
-1.21787e-31
-1.30985e-31
-8.26269e-32
-2.58947e-33
7.65242e-32
1.07858e-31
7.90444e-32
1.25168e-32
-6.41606e-32
-1.08947e-31
-1.0753e-31
-7.75984e-32
-3.17758e-32
-8.24868e-34
8.37629e-33
9.79516e-33
6.62603e-34
-8.62907e-34
-1.79804e-33
-1.18851e-32
-2.09824e-32
-3.69642e-32
-4.34583e-32
-3.87849e-32
-3.43671e-32
-3.12076e-32
-4.2674e-32
-5.78913e-32
-6.05222e-32
-3.88263e-32
8.85025e-33
5.87569e-32
7.96643e-32
4.71085e-32
-3.13851e-32
-1.24041e-31
-1.79262e-31
-1.62169e-31
-7.93002e-32
3.57472e-32
1.16705e-31
1.25216e-31
5.86927e-32
-5.07091e-32
-1.35616e-31
-1.61648e-31
-1.17123e-31
-3.27829e-32
3.56147e-32
6.18959e-32
3.2136e-32
-2.28377e-32
-6.38747e-32
-7.31221e-32
-4.17497e-32
-1.76606e-33
2.15373e-32
1.59054e-32
-1.92072e-32
-5.0005e-32
-5.89049e-32
-3.47155e-32
1.64089e-32
5.94971e-32
8.05668e-32
6.51023e-32
2.4765e-32
-5.32715e-33
-1.06415e-32
3.11859e-32
1.04187e-31
1.76372e-31
2.2803e-31
2.26914e-31
1.90984e-31
1.45175e-31
1.20142e-31
1.58301e-31
2.47709e-31
3.75516e-31
4.98333e-31
5.63682e-31
5.5707e-31
4.81501e-31
3.40542e-31
3.53102e-31
4.68847e-31
1.40565e-30
3.40061e-30
6.58322e-30
1.30226e-29
1.52646e-29
1.76074e-29
8.85311e-32
-4.31115e-29
-9.49347e-29
-2.00975e-28
-1.9206e-28
-1.3171e-28
1.55871e-28
7.99667e-28
1.1646e-27
1.80666e-27
1.04464e-27
-7.73639e-28
-3.04934e-27
-7.55613e-27
-7.22691e-27
-5.94496e-27
1.73403e-27
1.68617e-26
2.26529e-26
3.30334e-26
1.66325e-26
-1.36272e-26
-4.10238e-26
-9.05124e-26
-7.13396e-26
-4.22123e-26
3.15524e-26
1.54607e-25
1.62717e-25
1.91979e-25
5.42923e-26
-1.45619e-25
-2.41582e-25
-4.1573e-25
-2.36544e-25
-3.16633e-26
2.19134e-25
5.89175e-25
4.55136e-25
3.83014e-25
-3.71047e-26
-5.44023e-25
-5.8007e-25
-7.54273e-25
-2.54599e-25
2.23607e-25
5.06827e-25
9.15272e-25
5.06838e-25
2.23623e-25
-2.54585e-25
-7.54268e-25
-5.80076e-25
-5.44035e-25
-3.71186e-26
3.83005e-25
4.55134e-25
5.8918e-25
2.19142e-25
-3.16573e-26
-2.36541e-25
-4.15732e-25
-2.41587e-25
-1.45624e-25
5.4289e-26
1.91978e-25
1.62717e-25
1.54607e-25
3.15531e-26
-4.22122e-26
-7.13399e-26
-9.05128e-26
-4.10244e-26
-1.36276e-26
1.6632e-26
3.30328e-26
2.26524e-26
1.68612e-26
1.73371e-27
-5.94519e-27
-7.22705e-27
-7.55621e-27
-3.04945e-27
-7.73772e-28
1.04445e-27
1.80644e-27
1.16436e-27
7.99439e-28
1.55711e-28
-1.31795e-28
-1.9205e-28
-2.00905e-28
-9.48702e-29
-4.30986e-29
-1.17418e-32
1.74169e-29
1.50336e-29
1.28245e-29
6.50454e-30
3.44979e-30
1.5661e-30
6.67913e-31
5.02457e-31
3.96149e-31
4.17209e-31
4.07422e-31
3.88976e-31
3.5291e-31
3.18502e-31
2.94752e-31
2.95495e-31
3.12954e-31
3.2352e-31
3.06109e-31
2.46281e-31
1.53065e-31
6.19141e-32
-1.83565e-34
-6.58277e-33
3.59142e-32
9.78784e-32
1.53556e-31
1.67061e-31
1.40614e-31
8.19173e-32
1.14916e-32
-3.90392e-32
-6.35993e-32
-4.84101e-32
-4.72756e-33
4.7735e-32
9.20331e-32
1.01245e-31
7.0796e-32
1.07446e-32
-5.62372e-32
-9.57428e-32
-8.51697e-32
-3.06494e-32
4.93403e-32
1.11728e-31
1.21641e-31
8.02172e-32
-5.70482e-33
-8.47936e-32
-1.20708e-31
-1.02839e-31
-2.64006e-32
5.68097e-32
1.16105e-31
1.24228e-31
6.82419e-32
-1.22266e-32
-9.1502e-32
-1.27896e-31
-9.96428e-32
-2.48121e-32
7.25714e-32
1.43256e-31
1.50477e-31
8.89719e-32
-2.10483e-32
-1.29271e-31
-1.80577e-31
-1.50204e-31
-4.62084e-32
8.44392e-32
1.76653e-31
1.91254e-31
1.18909e-31
-1.81308e-33
-1.13194e-31
-1.67264e-31
-1.43098e-31
-6.34143e-32
3.43417e-32
1.02124e-31
1.20149e-31
8.92127e-32
2.76424e-32
-2.83518e-32
-6.72845e-32
-6.967e-32
-4.57094e-32
-1.02247e-32
2.84447e-32
4.11863e-32
3.84998e-32
1.38246e-32
-1.61504e-32
-2.5651e-32
-2.43382e-32
5.49492e-33
3.19737e-32
3.90016e-32
2.8014e-32
-1.67338e-32
-5.17609e-32
-6.79953e-32
-5.35273e-32
-1.45874e-33
4.42417e-32
7.64165e-32
7.2916e-32
3.49086e-32
-4.00383e-33
-3.91882e-32
-4.95885e-32
-4.32552e-32
-4.02775e-32
-3.62624e-32
-3.79408e-32
-2.45155e-32
1.73732e-32
7.10431e-32
1.21942e-31
1.25627e-31
6.35211e-32
-4.32537e-32
-1.62555e-31
-2.20483e-31
-1.8371e-31
-6.08964e-32
1.09939e-31
2.32341e-31
2.5595e-31
1.60913e-31
-2.19885e-32
-1.9149e-31
-2.84689e-31
-2.47081e-31
-9.34181e-32
9.02979e-32
2.36597e-31
2.62563e-31
1.64901e-31
1.2338e-34
-1.68025e-31
-2.43847e-31
-2.09999e-31
-8.88587e-32
6.66586e-32
1.6749e-31
1.90234e-31
1.27584e-31
1.67646e-32
-7.75593e-32
-1.35529e-31
-1.31749e-31
-8.72965e-32
-3.16831e-32
2.58688e-32
5.83813e-32
7.59456e-32
7.51444e-32
5.45446e-32
2.68938e-32
-1.42865e-32
-5.00659e-32
-7.58854e-32
-8.49651e-32
-7.12019e-32
-4.48832e-32
-5.4904e-33
3.19509e-32
6.44088e-32
7.97865e-32
7.18838e-32
4.43009e-32
-6.03645e-33
-5.20204e-32
-8.9016e-32
-9.87159e-32
-7.48547e-32
-3.92438e-32
1.20739e-32
4.74753e-32
6.50272e-32
6.7215e-32
4.14647e-32
1.38411e-32
-2.38605e-32
-5.73474e-32
-7.19335e-32
-7.52482e-32
-4.95212e-32
-1.26295e-32
2.64274e-32
5.78652e-32
6.09572e-32
4.50184e-32
9.65448e-33
-2.92471e-32
-5.5974e-32
-6.72541e-32
-5.55278e-32
-2.96548e-32
2.65356e-33
3.02852e-32
4.34583e-32
3.75265e-32
1.71468e-32
-7.79851e-33
-2.69675e-32
-2.73016e-32
-1.88538e-32
-5.19099e-33
-8.9789e-34
-1.40051e-32
-2.5177e-32
-3.21645e-32
-1.21454e-32
2.71342e-32
6.03734e-32
7.44026e-32
3.96997e-32
-2.17996e-32
-8.41571e-32
-1.14388e-31
-8.23252e-32
-1.15721e-32
7.31101e-32
1.21424e-31
1.0711e-31
4.27677e-32
-4.68197e-32
-1.05544e-31
-1.11033e-31
-6.07736e-32
1.93458e-32
7.88886e-32
9.66441e-32
5.91311e-32
-7.07629e-33
-6.20511e-32
-8.2753e-32
-5.07904e-32
8.35238e-33
6.36866e-32
8.821e-32
6.08496e-32
2.68577e-33
-6.1651e-32
-1.01222e-31
-9.03126e-32
-4.10263e-32
3.02251e-32
9.26598e-32
1.14944e-31
9.70578e-32
4.08628e-32
-3.09548e-32
-8.72657e-32
-1.18496e-31
-1.07587e-31
-6.18133e-32
6.34438e-34
6.96968e-32
1.14745e-31
1.26719e-31
9.92335e-32
3.19765e-32
-4.63833e-32
-1.17008e-31
-1.48257e-31
-1.2305e-31
-5.19189e-32
4.64947e-32
1.27113e-31
1.569e-31
1.2243e-31
3.35732e-32
-6.65875e-32
-1.3539e-31
-1.41604e-31
-8.16893e-32
1.22004e-32
9.63688e-32
1.3192e-31
1.01101e-31
2.49295e-32
-6.00499e-32
-1.13069e-31
-1.04562e-31
-4.76976e-32
3.43666e-32
9.92981e-32
1.11075e-31
7.65301e-32
2.19752e-33
-6.66144e-32
-9.54539e-32
-8.31249e-32
-2.11341e-32
4.35635e-32
8.61673e-32
9.44488e-32
5.17801e-32
3.85186e-34
-4.8146e-32
-7.07411e-32
-5.13501e-32
-1.84152e-32
2.65274e-32
5.7152e-32
6.26341e-32
5.44301e-32
2.99742e-32
7.94061e-33
-5.13682e-33
-1.2344e-32
-1.02479e-32
-7.71566e-33
-9.40245e-33
-8.07694e-33
-7.77519e-33
2.25573e-33
2.53455e-32
4.95701e-32
7.9073e-32
8.80199e-32
7.44711e-32
3.98073e-32
-1.7759e-32
-6.08714e-32
-8.61098e-32
-7.06361e-32
-1.64885e-32
4.8354e-32
1.12388e-31
1.36712e-31
1.22324e-31
7.13467e-32
8.55986e-33
-3.95622e-32
-5.91614e-32
-3.6932e-32
-5.25267e-33
4.45341e-32
6.59616e-32
6.76543e-32
6.1711e-32
1.79819e-32
9.68683e-33
-2.16825e-32
-2.67787e-32
-5.74488e-33
)
;

boundaryField
{
    left
    {
        type            calculated;
        value           uniform 0;
    }
    right
    {
        type            calculated;
        value           uniform 0;
    }
    empty
    {
        type            empty;
        value           nonuniform List<scalar> 0();
    }
}


// ************************************************************************* //
