/*--------------------------------*- C++ -*----------------------------------*\
| =========                 |                                                 |
| \\      /  F ield         | OpenFOAM: The Open Source CFD Toolbox           |
|  \\    /   O peration     | Version:  2106                                  |
|   \\  /    A nd           | Website:  www.openfoam.com                      |
|    \\/     M anipulation  |                                                 |
\*---------------------------------------------------------------------------*/
FoamFile
{
    version     2.0;
    format      ascii;
    arch        "LSB;label=32;scalar=64";
    class       surfaceScalarField;
    location    "0.092";
    object      phi;
}
// * * * * * * * * * * * * * * * * * * * * * * * * * * * * * * * * * * * * * //

dimensions      [0 3 -1 0 0 0 0];

oriented        oriented;

internalField   nonuniform List<scalar> 
799
(
1.72627e-32
4.45176e-32
5.71294e-32
4.57002e-32
1.98662e-32
-4.75479e-32
-1.077e-31
-1.54345e-31
-1.65161e-31
-1.28162e-31
-7.31225e-32
-1.16046e-32
2.61113e-32
3.50946e-32
1.27475e-32
-2.72438e-32
-7.88999e-32
-1.32019e-31
-1.7276e-31
-2.01148e-31
-1.93393e-31
-1.57664e-31
-9.68502e-32
-2.64319e-32
1.3811e-32
2.2565e-32
-1.94474e-32
-9.04209e-32
-1.57064e-31
-2.10003e-31
-2.13199e-31
-1.86249e-31
-1.40271e-31
-8.55764e-32
-6.10431e-32
-5.03201e-32
-6.78739e-32
-1.06128e-31
-1.36363e-31
-1.73412e-31
-1.82731e-31
-1.70597e-31
-1.47471e-31
-1.01089e-31
-7.61701e-32
-6.61813e-32
-8.23888e-32
-1.31637e-31
-1.7187e-31
-2.08431e-31
-2.10624e-31
-1.77033e-31
-1.34092e-31
-8.00158e-32
-5.58142e-32
-6.21707e-32
-9.54614e-32
-1.54724e-31
-2.00291e-31
-2.25594e-31
-2.12572e-31
-1.59551e-31
-9.75673e-32
-4.27459e-32
-3.00325e-32
-7.08682e-32
-1.44752e-31
-2.28343e-31
-2.73834e-31
-2.56368e-31
-1.8503e-31
-8.33047e-32
-6.87429e-33
9.66275e-33
-3.73931e-32
-1.3113e-31
-2.17582e-31
-2.62143e-31
-2.50542e-31
-1.91185e-31
-1.24824e-31
-7.5686e-32
-6.01767e-32
-7.50293e-32
-9.89823e-32
-1.24754e-31
-1.44148e-31
-1.621e-31
-1.82211e-31
-1.94277e-31
-1.92109e-31
-1.60782e-31
-1.0802e-31
-5.44075e-32
-2.15388e-32
-4.02264e-32
-9.86148e-32
-1.80187e-31
-2.49342e-31
-2.62495e-31
-2.27012e-31
-1.41029e-31
-4.99895e-32
3.45915e-33
1.27066e-32
-4.50231e-32
-1.24066e-31
-1.97632e-31
-2.41345e-31
-2.24127e-31
-1.8007e-31
-1.17093e-31
-7.02348e-32
-6.14402e-32
-7.26756e-32
-1.03091e-31
-1.19734e-31
-1.17039e-31
-1.04106e-31
-9.00218e-32
-9.97513e-32
-1.30056e-31
-1.71399e-31
-2.02033e-31
-2.00431e-31
-1.65574e-31
-1.06022e-31
-4.63803e-32
-8.39284e-33
-2.85711e-33
-3.26321e-32
-8.48387e-32
-1.45635e-31
-2.008e-31
-2.32509e-31
-2.35092e-31
-2.01224e-31
-1.36935e-31
-6.30463e-32
1.8766e-33
2.73057e-32
4.88169e-33
-5.81888e-32
-1.42249e-31
-2.06962e-31
-2.33333e-31
-2.09719e-31
-1.49356e-31
-8.65083e-32
-4.30882e-32
-4.21972e-32
-7.66656e-32
-1.23566e-31
-1.60562e-31
-1.60994e-31
-1.28008e-31
-7.71181e-32
-3.53062e-32
-3.24053e-32
-7.23548e-32
-1.43376e-31
-2.10125e-31
-2.36971e-31
-2.05974e-31
-1.25692e-31
-3.6246e-32
2.19263e-32
1.40946e-32
-5.23251e-32
-1.42204e-31
-2.12888e-31
-2.19702e-31
-1.7323e-31
-9.56786e-32
-3.29153e-32
-2.64214e-32
-6.2308e-32
-1.31103e-31
-1.80624e-31
-1.82705e-31
-1.46385e-31
-7.53424e-32
-2.58105e-32
-1.23015e-32
-4.13082e-32
-1.08612e-31
-1.64509e-31
-2.00893e-31
-1.93138e-31
-1.4601e-31
-9.0606e-32
-3.4623e-32
-1.15526e-32
-2.00605e-32
-5.15886e-32
-1.00124e-31
-1.37729e-31
-1.61972e-31
-1.65785e-31
-1.48221e-31
-1.21834e-31
-8.6487e-32
-5.29258e-32
-3.06396e-32
-2.36491e-32
-4.24258e-32
-8.16913e-32
-1.27605e-31
-1.63706e-31
-1.66283e-31
-1.31685e-31
-7.29519e-32
-1.50614e-32
6.71367e-33
-2.09729e-32
-8.79232e-32
-1.62274e-31
-1.98526e-31
-1.71445e-31
-8.7678e-32
1.65148e-32
8.46401e-32
7.62698e-32
-8.608e-33
-1.35932e-31
-2.38767e-31
-2.61686e-31
-1.92516e-31
-5.39919e-32
8.24403e-32
1.53479e-31
1.31196e-31
2.06639e-32
-1.12729e-31
-2.0939e-31
-2.27364e-31
-1.5413e-31
-3.78867e-32
7.551e-32
1.3753e-31
1.23932e-31
5.93269e-32
-2.72306e-32
-9.06238e-32
-1.02143e-31
-6.45483e-32
5.13983e-33
7.26203e-32
1.08889e-31
1.04534e-31
7.38143e-32
4.08989e-32
3.63217e-32
7.08231e-32
1.25592e-31
1.7865e-31
1.9392e-31
1.63952e-31
1.13339e-31
6.98518e-32
7.70816e-32
1.42787e-31
2.41144e-31
3.39597e-31
3.9134e-31
3.84045e-31
3.40201e-31
2.87442e-31
2.67855e-31
2.95816e-31
3.53702e-31
4.28946e-31
4.9086e-31
5.32632e-31
5.68302e-31
5.95174e-31
6.31488e-31
6.70308e-31
7.01965e-31
7.36693e-31
7.66706e-31
8.08465e-31
8.63746e-31
9.21229e-31
9.8e-31
1.0268e-30
1.07261e-30
1.13388e-30
1.22246e-30
1.34011e-30
1.46322e-30
1.56066e-30
1.6081e-30
1.6132e-30
1.60786e-30
1.64381e-30
1.75607e-30
1.93825e-30
2.15689e-30
2.34587e-30
2.46699e-30
2.5178e-30
2.53062e-30
2.57298e-30
2.67941e-30
2.86177e-30
3.08946e-30
3.30692e-30
3.48813e-30
3.61932e-30
3.7315e-30
3.86398e-30
4.03478e-30
4.25291e-30
4.48651e-30
4.71047e-30
4.9127e-30
5.09279e-30
5.28472e-30
5.5062e-30
5.76858e-30
6.06583e-30
6.36314e-30
6.64662e-30
6.90189e-30
7.14071e-30
7.3983e-30
7.68925e-30
8.03603e-30
8.42269e-30
8.81731e-30
9.20017e-30
9.53906e-30
9.8519e-30
1.01636e-29
1.05048e-29
1.09177e-29
1.13904e-29
1.19099e-29
1.24326e-29
1.29058e-29
1.3315e-29
1.36628e-29
1.39525e-29
1.44028e-29
1.49629e-29
1.63506e-29
1.88023e-29
2.24474e-29
2.93543e-29
3.20686e-29
3.48878e-29
1.78491e-29
-2.48677e-29
-7.6205e-29
-1.81757e-28
-1.72354e-28
-1.11513e-28
1.76557e-28
8.20843e-28
1.18627e-27
1.82881e-27
1.06728e-27
-7.50524e-28
-3.02574e-27
-7.53206e-27
-7.20238e-27
-5.91997e-27
1.75947e-27
1.68876e-26
2.26793e-26
3.30601e-26
1.66597e-26
-1.35996e-26
-4.09958e-26
-9.04841e-26
-7.13109e-26
-4.21832e-26
3.15818e-26
1.54636e-25
1.62747e-25
1.92009e-25
5.4323e-26
-1.45588e-25
-2.41551e-25
-4.15699e-25
-2.36512e-25
-3.16314e-26
2.19166e-25
5.89207e-25
4.55168e-25
3.83046e-25
-3.7072e-26
-5.4399e-25
-5.80037e-25
-7.5424e-25
-2.54566e-25
2.2364e-25
5.0686e-25
9.15305e-25
5.06871e-25
2.23656e-25
-2.54552e-25
-7.54235e-25
-5.80043e-25
-5.44002e-25
-3.7086e-26
3.83037e-25
4.55167e-25
5.89212e-25
2.19174e-25
-3.16256e-26
-2.3651e-25
-4.15701e-25
-2.41556e-25
-1.45593e-25
5.43194e-26
1.92008e-25
1.62747e-25
1.54636e-25
3.15821e-26
-4.21835e-26
-7.13116e-26
-9.04848e-26
-4.09968e-26
-1.36004e-26
1.66588e-26
3.30591e-26
2.26783e-26
1.68866e-26
1.75872e-27
-5.92063e-27
-7.20295e-27
-7.53258e-27
-3.02628e-27
-7.5108e-28
1.06667e-27
1.82817e-27
1.18562e-27
8.20209e-28
1.75996e-28
-1.11994e-28
-1.72732e-28
-1.82069e-28
-7.65153e-29
-2.5222e-29
1.73895e-29
3.43462e-29
3.1495e-29
2.88223e-29
2.20438e-29
1.85357e-29
1.62045e-29
1.48648e-29
1.42644e-29
1.37299e-29
1.33298e-29
1.29063e-29
1.24817e-29
1.20472e-29
1.16225e-29
1.12165e-29
1.08434e-29
1.04953e-29
1.01489e-29
9.78305e-30
9.3834e-30
8.95899e-30
8.5453e-30
8.16928e-30
7.85757e-30
7.6033e-30
7.37699e-30
7.15282e-30
6.89481e-30
6.60508e-30
6.29124e-30
5.97367e-30
5.68389e-30
5.42783e-30
5.21914e-30
5.0464e-30
4.88976e-30
4.73212e-30
4.5464e-30
4.32785e-30
4.0864e-30
3.84453e-30
3.6365e-30
3.48473e-30
3.38293e-30
3.31245e-30
3.23006e-30
3.10073e-30
2.92542e-30
2.71082e-30
2.5081e-30
2.35344e-30
2.2573e-30
2.22432e-30
2.20255e-30
2.16115e-30
2.07273e-30
1.92421e-30
1.75507e-30
1.59086e-30
1.47314e-30
1.42353e-30
1.42386e-30
1.44997e-30
1.45249e-30
1.39454e-30
1.27075e-30
1.10122e-30
9.36164e-31
8.30587e-31
8.09155e-31
8.6371e-31
9.47198e-31
9.94439e-31
9.66161e-31
8.52958e-31
6.93305e-31
5.44846e-31
4.55467e-31
4.46027e-31
4.93733e-31
5.6107e-31
5.99912e-31
5.90428e-31
5.33342e-31
4.46926e-31
3.67323e-31
3.05972e-31
2.82302e-31
2.86059e-31
3.02374e-31
3.22861e-31
3.18358e-31
2.99323e-31
2.5915e-31
2.14488e-31
1.91075e-31
1.79214e-31
1.96576e-31
2.11249e-31
2.07099e-31
1.85539e-31
1.30787e-31
8.63067e-32
6.11359e-32
6.71653e-32
1.11264e-31
1.49432e-31
1.74491e-31
1.64271e-31
1.19925e-31
7.50315e-32
3.42018e-32
1.84763e-32
1.97904e-32
1.80338e-32
1.75854e-32
1.16985e-32
2.11568e-32
5.93091e-32
1.09459e-31
1.57043e-31
1.57607e-31
9.25605e-32
-1.69813e-32
-1.38883e-31
-1.99265e-31
-1.64799e-31
-4.416e-32
1.2463e-31
2.45108e-31
2.6691e-31
1.70178e-31
-1.43198e-32
-1.85326e-31
-2.79946e-31
-2.43668e-31
-9.12515e-32
9.12921e-32
2.36488e-31
2.61418e-31
1.62781e-31
-2.91109e-33
-1.71921e-31
-2.48553e-31
-2.15466e-31
-9.50439e-32
5.98031e-32
1.60006e-31
1.8216e-31
1.18945e-31
7.6014e-33
-8.72145e-32
-1.45644e-31
-1.42294e-31
-9.82412e-32
-4.30009e-32
1.42049e-32
4.63878e-32
6.36415e-32
6.25536e-32
4.1689e-32
1.37877e-32
-2.7622e-32
-6.36124e-32
-8.96272e-32
-9.88882e-32
-8.52867e-32
-5.9117e-32
-1.98529e-32
1.74628e-32
4.98127e-32
6.50949e-32
5.71113e-32
2.94592e-32
-2.09354e-32
-6.69637e-32
-1.03993e-31
-1.13714e-31
-8.98672e-32
-5.42556e-32
-2.92877e-33
3.24963e-32
5.00817e-32
5.23131e-32
2.66102e-32
-9.52433e-34
-3.85833e-32
-7.19923e-32
-8.64878e-32
-8.97077e-32
-6.38769e-32
-2.6871e-32
1.23079e-32
4.38781e-32
4.71093e-32
3.13178e-32
-3.88797e-33
-4.26293e-32
-6.91847e-32
-8.02872e-32
-6.83743e-32
-4.23073e-32
-9.8e-33
1.80375e-32
3.14212e-32
2.57085e-32
5.5551e-33
-1.9157e-32
-3.80928e-32
-3.81861e-32
-2.94934e-32
-1.5579e-32
-1.10331e-32
-2.38875e-32
-3.48037e-32
-4.15264e-32
-2.12304e-32
1.83296e-32
5.18527e-32
6.61647e-32
3.17462e-32
-2.94636e-32
-9.15268e-32
-1.21463e-31
-8.91059e-32
-1.80586e-32
6.69231e-32
1.15535e-31
1.01521e-31
3.74789e-32
-5.18075e-32
-1.10233e-31
-1.15422e-31
-6.48632e-32
1.55572e-32
7.53979e-32
9.34542e-32
5.62452e-32
-9.65673e-33
-6.43291e-32
-8.47253e-32
-5.2459e-32
6.98978e-33
6.26303e-32
8.74577e-32
6.04042e-32
2.54603e-33
-6.14813e-32
-1.00738e-31
-8.95174e-32
-3.99177e-32
3.16454e-32
9.43931e-32
1.16992e-31
9.94231e-32
4.35493e-32
-2.79455e-32
-8.39284e-32
-1.14829e-31
-1.0359e-31
-5.74868e-32
5.2988e-33
7.46982e-32
1.20088e-31
1.32407e-31
1.0527e-31
3.83621e-32
-3.96426e-32
-1.09911e-31
-1.40796e-31
-1.15222e-31
-4.37246e-32
5.50711e-32
1.36079e-31
1.66253e-31
1.3217e-31
4.37036e-32
-5.60626e-32
-1.24469e-31
-1.3028e-31
-6.99587e-32
2.43387e-32
1.08918e-31
1.4488e-31
1.14471e-31
3.87134e-32
-4.58522e-32
-9.84556e-32
-8.9543e-32
-3.22691e-32
5.02013e-32
1.15538e-31
1.27713e-31
9.35611e-32
1.96174e-32
-4.8814e-32
-7.72779e-32
-6.45788e-32
-2.22686e-33
6.28179e-32
1.05755e-31
1.14351e-31
7.19892e-32
2.08798e-32
-2.73747e-32
-4.97063e-32
-3.00731e-32
3.08826e-33
4.82287e-32
7.90278e-32
8.46597e-32
7.65798e-32
5.22256e-32
3.02657e-32
1.72326e-32
1.00449e-32
1.21268e-32
1.46155e-32
1.28518e-32
1.40689e-32
1.42271e-32
2.40789e-32
4.69521e-32
7.09186e-32
1.0013e-31
1.08751e-31
9.4839e-32
5.97761e-32
1.77246e-33
-4.18168e-32
-6.75633e-32
-5.26323e-32
9.35129e-34
6.51577e-32
1.28538e-31
1.52173e-31
1.37063e-31
8.5336e-32
2.17698e-32
-2.71664e-32
-4.76103e-32
-2.62513e-32
4.53572e-33
5.34039e-32
7.3894e-32
7.46298e-32
6.77145e-32
2.30038e-32
1.37155e-32
-1.86522e-32
-2.47552e-32
-4.73136e-33
)
;

boundaryField
{
    left
    {
        type            calculated;
        value           uniform 0;
    }
    right
    {
        type            calculated;
        value           uniform 0;
    }
    empty
    {
        type            empty;
        value           nonuniform List<scalar> 0();
    }
}


// ************************************************************************* //
