/*--------------------------------*- C++ -*----------------------------------*\
| =========                 |                                                 |
| \\      /  F ield         | OpenFOAM: The Open Source CFD Toolbox           |
|  \\    /   O peration     | Version:  2106                                  |
|   \\  /    A nd           | Website:  www.openfoam.com                      |
|    \\/     M anipulation  |                                                 |
\*---------------------------------------------------------------------------*/
FoamFile
{
    version     2.0;
    format      ascii;
    arch        "LSB;label=32;scalar=64";
    class       surfaceScalarField;
    location    "0.101";
    object      phi;
}
// * * * * * * * * * * * * * * * * * * * * * * * * * * * * * * * * * * * * * //

dimensions      [0 3 -1 0 0 0 0];

oriented        oriented;

internalField   nonuniform List<scalar> 
799
(
1.70204e-32
4.40336e-32
5.64072e-32
4.4747e-32
1.86842e-32
-4.89592e-32
-1.09338e-31
-1.56211e-31
-1.67251e-31
-1.30474e-31
-7.5659e-32
-1.43634e-32
2.31297e-32
3.18892e-32
9.31998e-33
-3.08926e-32
-8.27683e-32
-1.36106e-31
-1.77061e-31
-2.05662e-31
-1.98118e-31
-1.62597e-31
-1.01993e-31
-3.17824e-32
8.25893e-33
1.68133e-32
-2.53914e-32
-9.65523e-32
-1.63386e-31
-2.16515e-31
-2.19899e-31
-1.93135e-31
-1.47337e-31
-9.28204e-32
-6.84622e-32
-5.79119e-32
-7.56354e-32
-1.14056e-31
-1.44454e-31
-1.81663e-31
-1.91139e-31
-1.79155e-31
-1.56178e-31
-1.0994e-31
-8.51641e-32
-7.53174e-32
-9.16645e-32
-1.41049e-31
-1.81412e-31
-2.181e-31
-2.20415e-31
-1.86943e-31
-1.44118e-31
-9.01526e-32
-6.60589e-32
-7.25198e-32
-1.0591e-31
-1.65273e-31
-2.10934e-31
-2.36328e-31
-2.23393e-31
-1.70461e-31
-1.08566e-31
-5.38262e-32
-4.11923e-32
-8.21025e-32
-1.56054e-31
-2.39714e-31
-2.85269e-31
-2.67867e-31
-1.96586e-31
-9.4919e-32
-1.85446e-32
-2.05834e-33
-4.91624e-32
-1.42947e-31
-2.29444e-31
-2.74045e-31
-2.62485e-31
-2.03163e-31
-1.36836e-31
-8.77291e-32
-7.22489e-32
-8.71273e-32
-1.11107e-31
-1.36899e-31
-1.56316e-31
-1.74288e-31
-1.94414e-31
-2.06494e-31
-2.04342e-31
-1.73025e-31
-1.20269e-31
-6.66643e-32
-3.38016e-32
-5.24921e-32
-1.1088e-31
-1.92453e-31
-2.61606e-31
-2.74758e-31
-2.39264e-31
-1.53274e-31
-6.22297e-32
-8.77276e-33
4.84492e-34
-5.7236e-32
-1.36271e-31
-2.09828e-31
-2.53523e-31
-2.36289e-31
-1.92216e-31
-1.29225e-31
-8.23516e-32
-7.35434e-32
-8.47609e-32
-1.15159e-31
-1.31783e-31
-1.29068e-31
-1.16115e-31
-1.0201e-31
-1.11719e-31
-1.42002e-31
-1.83325e-31
-2.13933e-31
-2.12304e-31
-1.77425e-31
-1.17852e-31
-5.81872e-32
-2.01721e-32
-1.46109e-32
-4.43589e-32
-9.65402e-32
-1.57309e-31
-2.12442e-31
-2.44122e-31
-2.46677e-31
-2.12784e-31
-1.48468e-31
-7.45506e-32
-9.59792e-33
1.58628e-32
-6.53086e-33
-6.95708e-32
-1.53601e-31
-2.1828e-31
-2.4462e-31
-2.20973e-31
-1.60577e-31
-9.76968e-32
-5.4242e-32
-5.33218e-32
-8.77562e-32
-1.34626e-31
-1.71591e-31
-1.71988e-31
-1.38954e-31
-8.8021e-32
-4.61697e-32
-4.32251e-32
-8.3134e-32
-1.54113e-31
-2.20817e-31
-2.4762e-31
-2.16575e-31
-1.36244e-31
-4.67447e-32
1.14864e-32
3.71118e-33
-6.26529e-32
-1.52466e-31
-2.23088e-31
-2.29833e-31
-1.83288e-31
-1.05669e-31
-4.28309e-32
-3.62571e-32
-7.20602e-32
-1.40769e-31
-1.90197e-31
-1.92181e-31
-1.55757e-31
-8.4604e-32
-3.49571e-32
-2.13245e-32
-5.02036e-32
-1.17369e-31
-1.7312e-31
-2.09352e-31
-2.01434e-31
-1.54132e-31
-9.85414e-32
-4.23605e-32
-1.90923e-32
-2.73862e-32
-5.86882e-32
-1.06981e-31
-1.44331e-31
-1.68302e-31
-1.71826e-31
-1.53955e-31
-1.27244e-31
-9.15524e-32
-5.7625e-32
-3.49549e-32
-2.75604e-32
-4.59076e-32
-8.47193e-32
-1.30149e-31
-1.65742e-31
-1.67776e-31
-1.32606e-31
-7.32643e-32
-1.47289e-32
7.72478e-33
-1.92456e-32
-8.54376e-32
-1.58989e-31
-1.94393e-31
-1.66421e-31
-8.17106e-32
2.3476e-32
9.26508e-32
8.53849e-32
1.67089e-33
-1.24425e-31
-2.25969e-31
-2.47524e-31
-1.76921e-31
-3.68906e-32
1.01126e-31
1.73832e-31
1.533e-31
4.46081e-32
-8.68528e-32
-1.81485e-31
-1.9733e-31
-1.21862e-31
-3.2816e-33
1.12574e-31
1.77168e-31
1.66266e-31
1.04482e-31
2.08791e-32
-3.9423e-32
-4.77112e-32
-6.73304e-33
6.64867e-32
1.37661e-31
1.77784e-31
1.77456e-31
1.5094e-31
1.22408e-31
1.22401e-31
1.61658e-31
2.21389e-31
2.79618e-31
3.00271e-31
2.75896e-31
2.31112e-31
1.9368e-31
2.072e-31
2.79443e-31
3.8459e-31
4.90088e-31
5.49143e-31
5.49435e-31
5.13463e-31
4.68868e-31
4.5773e-31
4.94442e-31
5.61388e-31
6.46016e-31
7.17638e-31
7.69447e-31
8.1549e-31
8.53082e-31
9.00466e-31
9.50714e-31
9.94165e-31
1.04106e-30
1.08362e-30
1.1383e-30
1.2069e-30
1.2781e-30
1.35099e-30
1.41232e-30
1.47307e-30
1.5497e-30
1.65406e-30
1.78794e-30
1.92769e-30
2.04222e-30
2.1072e-30
2.13027e-30
2.14336e-30
2.1982e-30
2.3298e-30
2.53178e-30
2.77068e-30
2.98038e-30
3.12268e-30
3.19514e-30
3.23008e-30
3.29503e-30
3.42451e-30
3.63038e-30
3.88206e-30
4.12395e-30
4.33005e-30
4.4866e-30
4.62458e-30
4.78331e-30
4.98082e-30
5.22608e-30
5.48726e-30
5.73921e-30
5.96985e-30
6.17877e-30
6.39994e-30
6.65104e-30
6.94344e-30
7.27109e-30
7.59916e-30
7.91376e-30
8.20049e-30
8.4711e-30
8.7608e-30
9.08417e-30
9.46365e-30
9.88329e-30
1.03112e-29
1.07275e-29
1.11001e-29
1.14469e-29
1.17927e-29
1.21682e-29
1.26156e-29
1.31228e-29
1.3677e-29
1.42345e-29
1.47427e-29
1.51867e-29
1.55695e-29
1.58942e-29
1.63794e-29
1.69746e-29
1.83971e-29
2.08836e-29
2.45634e-29
3.15048e-29
3.42535e-29
3.71071e-29
2.01024e-29
-2.25806e-29
-7.38843e-29
-1.79403e-28
-1.69967e-28
-1.09094e-28
1.79009e-28
8.23327e-28
1.18878e-27
1.83136e-27
1.06985e-27
-7.47917e-28
-3.02311e-27
-7.5294e-27
-7.19969e-27
-5.91725e-27
1.76222e-27
1.68903e-26
2.26821e-26
3.30629e-26
1.66625e-26
-1.35967e-26
-4.09929e-26
-9.04812e-26
-7.13079e-26
-4.21803e-26
3.15848e-26
1.54639e-25
1.6275e-25
1.92013e-25
5.43261e-26
-1.45585e-25
-2.41547e-25
-4.15696e-25
-2.36509e-25
-3.16282e-26
2.19169e-25
5.89211e-25
4.55171e-25
3.8305e-25
-3.70688e-26
-5.43987e-25
-5.80034e-25
-7.54237e-25
-2.54563e-25
2.23643e-25
5.06863e-25
9.15308e-25
5.06874e-25
2.23659e-25
-2.54549e-25
-7.54232e-25
-5.8004e-25
-5.43999e-25
-3.70829e-26
3.8304e-25
4.5517e-25
5.89215e-25
2.19177e-25
-3.16225e-26
-2.36507e-25
-4.15698e-25
-2.41553e-25
-1.4559e-25
5.43224e-26
1.92011e-25
1.6275e-25
1.54639e-25
3.15851e-26
-4.21806e-26
-7.13086e-26
-9.04819e-26
-4.09939e-26
-1.35976e-26
1.66616e-26
3.30619e-26
2.26811e-26
1.68894e-26
1.76145e-27
-5.91792e-27
-7.20028e-27
-7.52993e-27
-3.02367e-27
-7.48494e-28
1.06922e-27
1.8307e-27
1.18811e-27
8.2267e-28
1.78425e-28
-1.09597e-28
-1.70369e-28
-1.79738e-28
-7.42181e-29
-2.29583e-29
1.96193e-29
3.6542e-29
3.36565e-29
3.09495e-29
2.41364e-29
2.05937e-29
1.82278e-29
1.68534e-29
1.62181e-29
1.56488e-29
1.52139e-29
1.47556e-29
1.42963e-29
1.38272e-29
1.33679e-29
1.29275e-29
1.252e-29
1.21378e-29
1.17574e-29
1.13577e-29
1.09245e-29
1.04667e-29
1.00199e-29
9.61098e-30
9.26666e-30
8.98006e-30
8.72174e-30
8.46586e-30
8.17647e-30
7.8557e-30
7.51116e-30
7.16326e-30
6.84352e-30
6.55788e-30
6.32001e-30
6.11849e-30
5.93347e-30
5.74787e-30
5.53462e-30
5.28897e-30
5.02083e-30
4.75273e-30
4.5189e-30
4.34177e-30
4.21508e-30
4.12016e-30
4.01379e-30
3.86093e-30
3.66256e-30
3.42535e-30
3.20049e-30
3.02415e-30
2.90679e-30
2.85305e-30
2.81098e-30
2.74974e-30
2.64194e-30
2.47448e-30
2.28686e-30
2.10462e-30
1.96931e-30
1.90256e-30
1.88617e-30
1.896e-30
1.88267e-30
1.80929e-30
1.67049e-30
1.48636e-30
1.30711e-30
1.18774e-30
1.15291e-30
1.19446e-30
1.26533e-30
1.30032e-30
1.26017e-30
1.13546e-30
9.64646e-31
8.05385e-31
7.05546e-31
6.8598e-31
7.23894e-31
7.81759e-31
8.11448e-31
7.93116e-31
7.2748e-31
6.32814e-31
5.45253e-31
4.76222e-31
4.45147e-31
4.41764e-31
4.51196e-31
4.65048e-31
4.5416e-31
4.28978e-31
3.82893e-31
3.32542e-31
3.03662e-31
2.86547e-31
2.98859e-31
3.08687e-31
2.99891e-31
2.73869e-31
2.14835e-31
1.66248e-31
1.37145e-31
1.39406e-31
1.79898e-31
2.14613e-31
2.36366e-31
2.22987e-31
1.75617e-31
1.27831e-31
8.42369e-32
6.58746e-32
6.46691e-32
6.05073e-32
5.77644e-32
4.9689e-32
5.70642e-32
9.32286e-32
1.41485e-31
1.87263e-31
1.8611e-31
1.19427e-31
8.32814e-33
-1.15052e-31
-1.76836e-31
-1.4371e-31
-2.43435e-32
1.43243e-31
2.62575e-31
2.83289e-31
1.85523e-31
4.64555e-35
-1.71887e-31
-2.67379e-31
-2.31934e-31
-8.03038e-32
1.01494e-31
2.45986e-31
2.70252e-31
1.70985e-31
4.69144e-33
-1.64881e-31
-2.42043e-31
-2.0946e-31
-8.95117e-32
6.48839e-32
1.64664e-31
1.86418e-31
1.22829e-31
1.11313e-32
-8.40157e-32
-1.42757e-31
-1.39695e-31
-9.59233e-32
-4.09448e-32
1.60153e-32
4.79767e-32
6.50182e-32
6.37302e-32
4.26784e-32
1.46002e-32
-2.69736e-32
-6.31189e-32
-8.92759e-32
-9.86689e-32
-8.51923e-32
-5.91411e-32
-1.99875e-32
1.72401e-32
4.95073e-32
6.47165e-32
5.6663e-32
2.89446e-32
-2.15161e-32
-6.76062e-32
-1.04694e-31
-1.14471e-31
-9.06752e-32
-5.51177e-32
-3.84208e-33
3.15311e-32
4.90691e-32
5.12628e-32
2.55374e-32
-2.04781e-33
-3.96982e-32
-7.31207e-32
-8.76268e-32
-9.08542e-32
-6.50293e-32
-2.80262e-32
1.11523e-32
4.27225e-32
4.59537e-32
3.01694e-32
-5.03676e-33
-4.37728e-32
-7.03198e-32
-8.14127e-32
-6.9489e-32
-4.34117e-32
-1.08905e-32
1.69602e-32
3.03575e-32
2.46583e-32
4.5139e-33
-2.01816e-32
-3.90949e-32
-3.91671e-32
-3.0454e-32
-1.65167e-32
-1.19468e-32
-2.47708e-32
-3.56553e-32
-4.23479e-32
-2.20188e-32
1.75666e-32
5.11124e-32
6.545e-32
3.10616e-32
-3.01244e-32
-9.21603e-32
-1.22066e-31
-8.96799e-32
-1.86048e-32
6.64055e-32
1.15046e-31
1.01062e-31
3.70501e-32
-5.22062e-32
-1.10606e-31
-1.15767e-31
-6.51792e-32
1.52713e-32
7.51451e-32
9.32361e-32
5.60568e-32
-9.81321e-33
-6.44524e-32
-8.48198e-32
-5.25237e-32
6.95849e-33
6.26349e-32
8.74986e-32
6.04832e-32
2.6664e-33
-6.13236e-32
-1.00546e-31
-8.92924e-32
-3.96592e-32
3.19388e-32
9.47211e-32
1.17355e-31
9.98188e-32
4.39782e-32
-2.74844e-32
-8.34409e-32
-1.14311e-31
-1.03039e-31
-5.68999e-32
5.91509e-33
7.53505e-32
1.20777e-31
1.33134e-31
1.06031e-31
3.91573e-32
-3.8815e-32
-1.09045e-31
-1.39901e-31
-1.14297e-31
-4.27677e-32
5.60536e-32
1.37089e-31
1.67291e-31
1.33238e-31
4.47995e-32
-5.49417e-32
-1.2332e-31
-1.29105e-31
-6.87601e-32
2.55599e-32
1.1016e-31
1.46143e-31
1.15751e-31
4.00135e-32
-4.45341e-32
-9.7121e-32
-8.81888e-32
-3.08961e-32
5.15916e-32
1.16944e-31
1.29131e-31
9.49845e-32
2.10521e-32
-4.73744e-32
-7.58327e-32
-6.31284e-32
-7.73381e-34
6.4272e-32
1.07211e-31
1.1581e-31
7.3446e-32
2.23318e-32
-2.5923e-32
-4.82558e-32
-2.86286e-32
4.52518e-33
4.96574e-32
8.04429e-32
8.60605e-32
7.79701e-32
5.36029e-32
3.163e-32
1.85807e-32
1.13765e-32
1.34435e-32
1.59119e-32
1.41285e-32
1.53237e-32
1.54571e-32
2.52851e-32
4.81332e-32
7.20734e-32
1.01257e-31
1.09848e-31
9.59061e-32
6.08112e-32
2.77379e-33
-4.08493e-32
-6.66338e-32
-5.17451e-32
1.786e-33
6.59729e-32
1.29315e-31
1.52911e-31
1.37761e-31
8.59875e-32
2.23784e-32
-2.66018e-32
-4.70867e-32
-2.57676e-32
4.97432e-33
5.37996e-32
7.42446e-32
7.49382e-32
6.79793e-32
2.32228e-32
1.38885e-32
-1.85213e-32
-2.46662e-32
-4.68561e-33
)
;

boundaryField
{
    left
    {
        type            calculated;
        value           uniform 0;
    }
    right
    {
        type            calculated;
        value           uniform 0;
    }
    empty
    {
        type            empty;
        value           nonuniform List<scalar> 0();
    }
}


// ************************************************************************* //
