/*--------------------------------*- C++ -*----------------------------------*\
| =========                 |                                                 |
| \\      /  F ield         | OpenFOAM: The Open Source CFD Toolbox           |
|  \\    /   O peration     | Version:  2106                                  |
|   \\  /    A nd           | Website:  www.openfoam.com                      |
|    \\/     M anipulation  |                                                 |
\*---------------------------------------------------------------------------*/
FoamFile
{
    version     2.0;
    format      ascii;
    arch        "LSB;label=32;scalar=64";
    class       surfaceScalarField;
    location    "0.058";
    object      phi;
}
// * * * * * * * * * * * * * * * * * * * * * * * * * * * * * * * * * * * * * //

dimensions      [0 3 -1 0 0 0 0];

oriented        oriented;

internalField   nonuniform List<scalar> 
799
(
1.83076e-32
4.66096e-32
6.02681e-32
4.98846e-32
2.5095e-32
-4.12721e-32
-1.00382e-31
-1.45988e-31
-1.55765e-31
-1.17738e-31
-6.16788e-32
8.52186e-34
3.95703e-32
4.95447e-32
2.81808e-32
-1.08373e-32
-6.15289e-32
-1.13695e-31
-1.53486e-31
-1.80937e-31
-1.72256e-31
-1.3562e-31
-7.39136e-32
-2.61505e-33
3.84975e-32
4.8108e-32
6.94463e-33
-6.31946e-32
-1.29022e-31
-1.81168e-31
-1.83585e-31
-1.55868e-31
-1.09141e-31
-5.37116e-32
-2.84591e-32
-1.70337e-32
-3.39019e-32
-7.14891e-32
-1.01075e-31
-1.37492e-31
-1.46194e-31
-1.33457e-31
-1.09751e-31
-6.28064e-32
-3.73396e-32
-2.68201e-32
-4.25142e-32
-9.12671e-32
-1.31022e-31
-1.6712e-31
-1.68867e-31
-1.34845e-31
-9.14929e-32
-3.70203e-32
-1.24402e-32
-1.8434e-32
-5.13772e-32
-1.10311e-31
-1.55562e-31
-1.80563e-31
-1.67252e-31
-1.13962e-31
-5.17249e-32
3.33652e-33
1.62741e-32
-2.43487e-32
-9.80313e-32
-1.81435e-31
-2.26753e-31
-2.09126e-31
-1.37638e-31
-3.57779e-32
4.07767e-32
5.74228e-32
1.04632e-32
-8.31876e-32
-1.69563e-31
-2.14055e-31
-2.02391e-31
-1.42982e-31
-7.6577e-32
-2.74054e-32
-1.18729e-32
-2.67095e-32
-5.06571e-32
-7.64293e-32
-9.58316e-32
-1.13799e-31
-1.3393e-31
-1.46023e-31
-1.43885e-31
-1.12598e-31
-5.98802e-32
-6.31946e-33
2.64906e-32
7.74585e-33
-5.07071e-32
-1.32348e-31
-2.01576e-31
-2.14807e-31
-1.794e-31
-9.34979e-32
-2.54283e-33
5.0816e-32
5.99694e-32
2.13808e-33
-7.70033e-32
-1.50671e-31
-1.94482e-31
-1.77368e-31
-1.33417e-31
-7.05488e-32
-2.38033e-32
-1.51216e-32
-2.64618e-32
-5.6988e-32
-7.37421e-32
-7.11594e-32
-5.83403e-32
-4.43706e-32
-5.42169e-32
-8.46379e-32
-1.261e-31
-1.5685e-31
-1.55361e-31
-1.20619e-31
-6.11814e-32
-1.6566e-33
3.62203e-32
4.16415e-32
1.17539e-32
-4.05664e-32
-1.01475e-31
-1.56748e-31
-1.88568e-31
-1.91265e-31
-1.5751e-31
-9.33324e-32
-1.95538e-32
4.52604e-32
7.05813e-32
4.80496e-32
-1.51274e-32
-9.92956e-32
-1.64113e-31
-1.9059e-31
-1.6708e-31
-1.06823e-31
-4.40873e-32
-7.71877e-34
1.19783e-35
-3.45629e-32
-8.15683e-32
-1.1867e-31
-1.19208e-31
-8.63283e-32
-3.55432e-32
6.16147e-33
8.95858e-33
-3.10947e-32
-1.02221e-31
-1.69076e-31
-1.96031e-31
-1.65141e-31
-8.49677e-32
4.36701e-33
6.24287e-32
5.44858e-32
-1.20491e-32
-1.02043e-31
-1.72849e-31
-1.79786e-31
-1.33435e-31
-5.60141e-32
6.62339e-33
1.2991e-32
-2.30288e-32
-9.19601e-32
-1.41623e-31
-1.43853e-31
-1.07682e-31
-3.67943e-32
1.25757e-32
2.59162e-32
-3.26505e-33
-7.07508e-32
-1.26838e-31
-1.6342e-31
-1.55877e-31
-1.08969e-31
-5.37906e-32
1.95036e-33
2.47632e-32
1.59905e-32
-1.5819e-32
-6.46541e-32
-1.02576e-31
-1.27154e-31
-1.31319e-31
-1.14132e-31
-8.81451e-32
-5.32241e-32
-2.01079e-32
1.704e-33
8.1837e-33
-1.11319e-32
-5.09728e-32
-9.74972e-32
-1.34253e-31
-1.37523e-31
-1.03669e-31
-4.57271e-32
1.13224e-32
3.21991e-32
3.5538e-33
-6.44193e-32
-1.3986e-31
-1.77271e-31
-1.5143e-31
-6.89889e-32
3.37918e-32
1.00416e-31
9.04435e-32
3.85449e-33
-1.25289e-31
-2.30064e-31
-2.55053e-31
-1.88089e-31
-5.19106e-32
8.20236e-32
1.50402e-31
1.25292e-31
1.17504e-32
-1.24841e-31
-2.24902e-31
-2.46489e-31
-1.77092e-31
-6.49249e-32
4.41519e-32
1.01588e-31
8.31268e-32
1.33649e-32
-7.86589e-32
-1.47838e-31
-1.65486e-31
-1.34383e-31
-7.15664e-32
-1.13494e-32
1.72326e-32
4.76367e-33
-3.45313e-32
-7.64985e-32
-9.06379e-32
-6.62309e-32
-2.20955e-32
1.97521e-32
2.32105e-32
-1.92044e-32
-8.29128e-32
-1.40182e-31
-1.47446e-31
-9.69826e-32
-1.46356e-32
6.69974e-32
1.01078e-31
7.52497e-32
1.19679e-32
-6.11754e-32
-1.02122e-31
-9.6532e-32
-6.20706e-32
-1.13363e-32
2.49375e-32
3.98999e-32
4.7553e-32
4.51612e-32
5.0922e-32
5.78576e-32
5.62612e-32
5.63239e-32
5.02127e-32
5.43488e-32
7.04589e-32
8.71808e-32
1.0356e-31
1.06298e-31
1.06328e-31
1.20051e-31
1.5928e-31
2.25743e-31
2.95762e-31
3.38189e-31
3.28642e-31
2.74733e-31
2.08334e-31
1.81135e-31
2.28113e-31
3.4284e-31
4.91821e-31
6.08901e-31
6.55842e-31
6.30176e-31
5.6418e-31
5.25364e-31
5.48224e-31
6.44598e-31
7.83881e-31
9.10462e-31
9.98308e-31
1.03365e-30
1.04748e-30
1.0791e-30
1.14653e-30
1.25875e-30
1.38393e-30
1.49694e-30
1.5857e-30
1.64982e-30
1.72327e-30
1.8238e-30
1.96277e-30
2.13418e-30
2.30323e-30
2.45608e-30
2.57838e-30
2.68192e-30
2.80198e-30
2.95319e-30
3.15806e-30
3.40071e-30
3.64927e-30
3.8841e-30
4.07305e-30
4.23411e-30
4.39228e-30
4.57822e-30
4.83437e-30
5.14876e-30
5.50852e-30
5.87019e-30
6.18123e-30
6.42704e-30
6.61051e-30
6.73503e-30
7.01938e-30
7.41299e-30
8.63354e-30
1.09178e-29
1.43951e-29
2.11342e-29
2.36807e-29
2.63323e-29
9.12618e-30
-3.37575e-29
-8.52611e-29
-1.90979e-28
-1.8174e-28
-1.21063e-28
1.66845e-28
8.10969e-28
1.17623e-27
1.81862e-27
1.05693e-27
-7.61026e-28
-3.0364e-27
-7.54287e-27
-7.21333e-27
-5.93107e-27
1.74823e-27
1.68762e-26
2.26677e-26
3.30485e-26
1.66479e-26
-1.36115e-26
-4.10079e-26
-9.04962e-26
-7.13231e-26
-4.21956e-26
3.15693e-26
1.54624e-25
1.62734e-25
1.91997e-25
5.43102e-26
-1.45601e-25
-2.41564e-25
-4.15712e-25
-2.36525e-25
-3.16446e-26
2.19153e-25
5.89194e-25
4.55155e-25
3.83033e-25
-3.70855e-26
-5.44003e-25
-5.80051e-25
-7.54253e-25
-2.54579e-25
2.23627e-25
5.06847e-25
9.15291e-25
5.06857e-25
2.23642e-25
-2.54566e-25
-7.54248e-25
-5.80056e-25
-5.44016e-25
-3.70995e-26
3.83024e-25
4.55153e-25
5.89198e-25
2.1916e-25
-3.16388e-26
-2.36523e-25
-4.15714e-25
-2.41569e-25
-1.45606e-25
5.43066e-26
1.91995e-25
1.62734e-25
1.54624e-25
3.15697e-26
-4.21958e-26
-7.13237e-26
-9.04968e-26
-4.10087e-26
-1.36122e-26
1.66471e-26
3.30476e-26
2.26669e-26
1.68754e-26
1.7476e-27
-5.93161e-27
-7.21378e-27
-7.54326e-27
-3.03682e-27
-7.61459e-28
1.05644e-27
1.81811e-27
1.17571e-27
8.1046e-28
1.66409e-28
-1.21419e-28
-1.81994e-28
-1.91166e-28
-8.54467e-29
-3.39875e-29
8.79038e-30
2.59138e-29
2.32293e-29
2.07235e-29
1.41117e-29
1.07702e-29
8.60512e-30
7.43115e-30
6.99578e-30
6.62559e-30
6.38902e-30
6.12799e-30
5.86482e-30
5.59065e-30
5.32487e-30
5.07651e-30
4.85949e-30
4.66602e-30
4.47252e-30
4.25786e-30
4.00761e-30
3.73071e-30
3.46259e-30
3.23011e-30
3.05988e-30
2.94496e-30
2.85582e-30
2.76659e-30
2.64126e-30
2.4819e-30
2.29608e-30
2.10415e-30
1.93761e-30
1.80236e-30
1.71202e-30
1.65518e-30
1.61197e-30
1.56526e-30
1.48798e-30
1.37538e-30
1.23736e-30
1.09645e-30
9.86872e-31
9.31083e-31
9.228e-31
9.43389e-31
9.49631e-31
9.06511e-31
8.15029e-31
6.81878e-31
5.58267e-31
4.80399e-31
4.58763e-31
4.98023e-31
5.46268e-31
5.727e-31
5.49951e-31
4.64981e-31
3.57316e-31
2.52532e-31
1.92227e-31
1.98088e-31
2.51948e-31
3.29704e-31
3.82034e-31
3.72094e-31
2.94556e-31
1.69566e-31
4.7376e-32
-1.69572e-32
1.2669e-33
9.39338e-32
2.14034e-31
2.96428e-31
3.01896e-31
2.21057e-31
9.24405e-32
-2.62709e-32
-8.71559e-32
-6.93109e-32
4.50788e-33
9.68261e-32
1.59559e-31
1.72906e-31
1.37628e-31
7.20396e-32
1.23214e-32
-3.00565e-32
-3.56327e-32
-1.4629e-32
1.81225e-32
5.42569e-32
6.46586e-32
5.98016e-32
3.31185e-32
1.28232e-33
-9.93848e-33
-1.02165e-32
1.81429e-32
4.32525e-32
4.90127e-32
3.68522e-32
-8.98943e-33
-4.50273e-32
-6.21994e-32
-4.85966e-32
2.67599e-33
4.76339e-32
7.91141e-32
7.49668e-32
3.6361e-32
-3.10857e-33
-3.88165e-32
-4.97046e-32
-4.38284e-32
-4.12766e-32
-3.76572e-32
-3.97118e-32
-2.66427e-32
1.49131e-32
6.82693e-32
1.18873e-31
1.2228e-31
5.9907e-32
-4.71191e-32
-1.66658e-31
-2.24816e-31
-1.8826e-31
-6.56535e-32
1.04987e-31
2.27201e-31
2.5063e-31
1.5542e-31
-2.76459e-32
-1.97309e-31
-2.90669e-31
-2.53211e-31
-9.96879e-32
8.38946e-32
2.30062e-31
2.55904e-31
1.58121e-31
-6.77724e-33
-1.75046e-31
-2.50985e-31
-2.17251e-31
-9.62168e-32
5.91983e-32
1.5993e-31
1.82581e-31
1.19832e-31
8.91946e-33
-8.54902e-32
-1.43541e-31
-1.39834e-31
-9.54524e-32
-3.99044e-32
1.75824e-32
5.00336e-32
6.75354e-32
6.66733e-32
4.60151e-32
1.83061e-32
-2.29238e-32
-5.87519e-32
-8.46153e-32
-9.37349e-32
-8.00062e-32
-5.37184e-32
-1.43497e-32
2.3063e-32
5.54935e-32
7.08498e-32
6.29298e-32
3.53348e-32
-1.50119e-32
-6.10001e-32
-9.79952e-32
-1.07694e-31
-8.38261e-32
-4.82054e-32
3.12362e-33
3.8544e-32
5.61168e-32
5.83376e-32
3.2625e-32
5.05406e-33
-3.25919e-32
-6.60231e-32
-8.05475e-32
-8.3799e-32
-5.80027e-32
-2.10387e-32
1.80947e-32
4.96153e-32
5.27908e-32
3.69439e-32
1.67767e-33
-3.71163e-32
-6.37319e-32
-7.48946e-32
-6.30431e-32
-3.70441e-32
-4.60719e-33
2.31623e-32
3.64708e-32
3.06757e-32
1.04391e-32
-1.43647e-32
-3.33923e-32
-3.35819e-32
-2.49867e-32
-1.1171e-32
-6.72872e-33
-1.96836e-32
-3.0702e-32
-3.75331e-32
-1.73454e-32
2.21032e-32
5.55119e-32
6.97066e-32
3.51648e-32
-2.61714e-32
-8.83596e-32
-1.18424e-31
-8.61929e-32
-1.52765e-32
6.95712e-32
1.18055e-31
1.03911e-31
3.97374e-32
-4.96845e-32
-1.08249e-31
-1.13577e-31
-6.316e-32
1.7122e-32
7.68258e-32
9.47407e-32
5.73845e-32
-8.66518e-33
-6.3485e-32
-8.40344e-32
-5.19189e-32
7.37738e-33
6.28666e-32
8.75449e-32
6.0341e-32
2.33425e-33
-6.18484e-32
-1.01265e-31
-9.02042e-32
-4.07627e-32
3.06418e-32
9.32316e-32
1.1567e-31
9.79396e-32
4.19025e-32
-2.97594e-32
-8.59145e-32
-1.16987e-31
-1.05916e-31
-5.99777e-32
2.63739e-33
7.18718e-32
1.17097e-31
1.29252e-31
1.01954e-31
3.48887e-32
-4.32732e-32
-1.13689e-31
-1.44723e-31
-1.19293e-31
-4.79376e-32
5.07061e-32
1.31561e-31
1.61589e-31
1.27358e-31
3.8747e-32
-6.11603e-32
-1.29705e-31
-1.35655e-31
-7.54684e-32
1.86953e-32
1.03144e-31
1.38979e-31
1.08448e-31
3.25708e-32
-5.21084e-32
-1.04823e-31
-9.60159e-32
-3.88428e-32
4.3532e-32
1.08776e-31
1.20864e-31
8.66322e-32
1.26194e-32
-5.58821e-32
-8.44076e-32
-7.1765e-32
-9.46715e-33
5.55307e-32
9.8424e-32
1.06988e-31
6.45988e-32
1.34695e-32
-3.47991e-32
-5.71392e-32
-3.7506e-32
-4.33861e-33
4.08192e-32
7.16416e-32
7.73035e-32
6.92628e-32
4.49528e-32
2.30465e-32
1.00735e-32
2.95209e-33
5.10898e-33
7.67734e-33
6.00499e-33
7.32027e-33
7.5841e-33
1.75524e-32
4.05544e-32
6.46593e-32
9.40155e-32
1.02786e-31
8.90296e-32
5.41277e-32
-3.7093e-33
-4.71251e-32
-7.26933e-32
-5.75783e-32
-3.81725e-33
6.06055e-32
1.24189e-31
1.48032e-31
1.3313e-31
8.16188e-32
1.82738e-32
-3.04356e-32
-5.06437e-32
-2.90417e-32
1.98762e-33
5.11064e-32
7.18477e-32
7.28423e-32
6.61828e-32
2.1723e-32
1.26878e-32
-1.94256e-32
-2.52716e-32
-4.98896e-33
)
;

boundaryField
{
    left
    {
        type            calculated;
        value           uniform 0;
    }
    right
    {
        type            calculated;
        value           uniform 0;
    }
    empty
    {
        type            empty;
        value           nonuniform List<scalar> 0();
    }
}


// ************************************************************************* //
