/*--------------------------------*- C++ -*----------------------------------*\
| =========                 |                                                 |
| \\      /  F ield         | OpenFOAM: The Open Source CFD Toolbox           |
|  \\    /   O peration     | Version:  2106                                  |
|   \\  /    A nd           | Website:  www.openfoam.com                      |
|    \\/     M anipulation  |                                                 |
\*---------------------------------------------------------------------------*/
FoamFile
{
    version     2.0;
    format      ascii;
    arch        "LSB;label=32;scalar=64";
    class       surfaceScalarField;
    location    "0.007";
    object      phi;
}
// * * * * * * * * * * * * * * * * * * * * * * * * * * * * * * * * * * * * * //

dimensions      [0 3 -1 0 0 0 0];

oriented        oriented;

internalField   nonuniform List<scalar> 
799
(
2.16524e-32
5.32685e-32
7.02498e-32
6.31419e-32
4.16148e-32
-2.15659e-32
-7.75255e-32
-1.20061e-31
-1.26826e-31
-8.58724e-32
-2.69598e-32
3.83292e-32
7.97234e-32
9.22795e-32
7.34e-32
3.67696e-32
-1.16398e-32
-6.16177e-32
-9.93318e-32
-1.24797e-31
-1.14235e-31
-7.58017e-32
-1.24012e-32
6.05133e-32
1.03137e-31
1.14188e-31
7.43672e-32
5.50094e-33
-5.91424e-32
-1.1016e-31
-1.11531e-31
-8.2827e-32
-3.51813e-32
2.11104e-32
4.71566e-32
5.93278e-32
4.31452e-32
6.19965e-33
-2.27982e-32
-5.86673e-32
-6.6871e-32
-5.36787e-32
-2.9557e-32
1.77697e-32
4.35771e-32
5.44038e-32
3.89801e-32
-9.53128e-33
-4.90766e-32
-8.49967e-32
-8.65913e-32
-5.24448e-32
-8.99253e-33
4.55568e-32
7.01913e-32
6.42302e-32
3.13009e-32
-2.76409e-32
-7.29205e-32
-9.79622e-32
-8.47138e-32
-3.1498e-32
3.06497e-32
8.56074e-32
9.84271e-32
5.76756e-32
-1.61462e-32
-9.97045e-32
-1.45188e-31
-1.2774e-31
-5.64393e-32
4.5227e-32
1.21575e-31
1.38009e-31
9.08317e-32
-3.04538e-33
-8.96581e-32
-1.34397e-31
-1.22997e-31
-6.38566e-32
2.27651e-33
5.11652e-32
6.6409e-32
5.12756e-32
2.70265e-32
9.44909e-34
-1.87763e-32
-3.70666e-32
-5.75251e-32
-6.99519e-32
-6.81572e-32
-3.72141e-32
1.51541e-32
6.83615e-32
1.00816e-31
8.17091e-32
2.28949e-32
-5.91104e-32
-1.28705e-31
-1.42302e-31
-1.07262e-31
-2.17269e-32
6.88633e-32
1.21863e-31
1.30658e-31
7.24778e-32
-7.01737e-33
-8.10361e-32
-1.2519e-31
-1.08409e-31
-6.47884e-32
-2.2451e-33
4.41881e-32
5.25598e-32
4.09194e-32
1.01021e-32
-6.93485e-33
-4.6259e-33
7.92979e-33
2.16477e-32
1.15614e-32
-1.9088e-32
-6.07669e-32
-9.17224e-32
-9.04284e-32
-5.5876e-32
3.3779e-33
6.27357e-32
1.00455e-31
1.05731e-31
7.57087e-32
2.32631e-32
-3.7761e-32
-9.31405e-32
-1.25058e-31
-1.27835e-31
-9.4155e-32
-3.00442e-32
4.36743e-32
1.08436e-31
1.33713e-31
1.11143e-31
4.79321e-32
-3.62635e-32
-1.01101e-31
-1.27594e-31
-1.041e-31
-4.3854e-32
1.8878e-32
6.2185e-32
6.2961e-32
2.83804e-32
-1.86368e-32
-5.57497e-32
-5.62981e-32
-2.34301e-32
2.73407e-32
6.90235e-32
7.1789e-32
3.16996e-32
-3.9471e-32
-1.06374e-31
-1.33384e-31
-1.02559e-31
-2.24593e-32
6.67949e-32
1.24766e-31
1.16721e-31
5.00772e-32
-4.00383e-32
-1.1097e-31
-1.18045e-31
-7.1844e-32
5.42551e-33
6.78981e-32
7.40866e-32
3.78863e-32
-3.12362e-32
-8.10956e-32
-8.35267e-32
-4.75652e-32
2.31097e-32
7.226e-32
8.53805e-32
5.59738e-32
-1.17391e-32
-6.80591e-32
-1.04876e-31
-9.75664e-32
-5.08897e-32
4.05348e-33
5.95646e-32
8.21439e-32
7.31376e-32
4.10968e-32
-7.96553e-33
-4.611e-32
-7.09103e-32
-7.52946e-32
-5.83228e-32
-3.2546e-32
2.16818e-33
3.50796e-32
5.66953e-32
6.29877e-32
4.34834e-32
3.45971e-33
-4.32447e-32
-8.01751e-32
-8.36124e-32
-4.99207e-32
7.86001e-33
6.47549e-32
8.54782e-32
5.66812e-32
-1.14397e-32
-8.70212e-32
-1.24572e-31
-9.88642e-32
-1.6554e-32
8.60951e-32
1.52585e-31
1.42477e-31
5.57609e-32
-7.35171e-32
-1.78425e-31
-2.03553e-31
-1.36726e-31
-6.91379e-34
1.33097e-31
2.01321e-31
1.76045e-31
6.23312e-32
-7.4443e-32
-1.74699e-31
-1.96493e-31
-1.27321e-31
-1.53931e-32
9.34211e-32
1.50571e-31
1.31801e-31
6.17027e-32
-3.06876e-32
-1.00275e-31
-1.18363e-31
-8.77359e-32
-2.54433e-32
3.41988e-32
6.21549e-32
4.89954e-32
8.94805e-33
-3.38482e-32
-4.88863e-32
-2.54644e-32
1.75801e-32
5.82357e-32
6.03899e-32
1.65502e-32
-4.8723e-32
-1.07706e-31
-1.1684e-31
-6.84141e-32
1.17e-32
9.08965e-32
1.22321e-31
9.36032e-32
2.71755e-32
-4.93881e-32
-9.40636e-32
-9.25236e-32
-6.24633e-32
-1.65077e-32
1.45865e-32
2.39365e-32
2.55095e-32
1.65382e-32
1.5178e-32
1.44136e-32
4.50186e-33
-4.41455e-33
-2.02119e-32
-2.65161e-32
-2.16547e-32
-1.70433e-32
-1.36899e-32
-2.49615e-32
-3.99801e-32
-4.24088e-32
-2.05127e-32
2.73617e-32
7.74611e-32
9.8558e-32
6.61843e-32
-1.21335e-32
-1.04624e-31
-1.59692e-31
-1.42462e-31
-5.94721e-32
5.56727e-32
1.36699e-31
1.45248e-31
7.87277e-32
-3.07156e-32
-1.15721e-31
-1.41925e-31
-9.7642e-32
-1.3635e-32
5.43293e-32
8.00451e-32
4.95791e-32
-6.26717e-33
-4.83709e-32
-5.89109e-32
-2.90933e-32
9.03334e-33
3.01371e-32
2.19066e-32
-1.62563e-32
-5.06219e-32
-6.36821e-32
-4.43196e-32
1.20653e-33
3.78551e-32
5.148e-32
2.75207e-32
-2.26143e-32
-6.38024e-32
-8.18866e-32
-5.44326e-32
2.06059e-33
5.577e-32
8.62837e-32
6.1585e-32
-1.20559e-33
-7.69146e-32
-1.35783e-31
-1.35259e-31
-8.81053e-32
-7.32907e-33
6.31814e-32
7.02453e-32
-5.58971e-34
-1.47768e-31
-3.6685e-31
-4.41578e-31
-4.20166e-31
4.11258e-31
2.29314e-30
5.34973e-30
1.16546e-29
1.37474e-29
1.59314e-29
-1.7621e-30
-4.51479e-29
-9.71731e-29
-2.03428e-28
-1.94744e-28
-1.34639e-28
1.52683e-28
7.96203e-28
1.16085e-27
1.80261e-27
1.04028e-27
-7.78331e-28
-3.05436e-27
-7.56149e-27
-7.23262e-27
-5.95102e-27
1.72762e-27
1.68549e-26
2.26458e-26
3.30259e-26
1.66248e-26
-1.36352e-26
-4.10322e-26
-9.0521e-26
-7.13485e-26
-4.22214e-26
3.15431e-26
1.54597e-25
1.62707e-25
1.91969e-25
5.42826e-26
-1.45629e-25
-2.41591e-25
-4.1574e-25
-2.36553e-25
-3.16729e-26
2.19124e-25
5.89166e-25
4.55127e-25
3.83005e-25
-3.71138e-26
-5.44032e-25
-5.80079e-25
-7.54282e-25
-2.54608e-25
2.23598e-25
5.06818e-25
9.15263e-25
5.06829e-25
2.23614e-25
-2.54594e-25
-7.54276e-25
-5.80084e-25
-5.44044e-25
-3.71275e-26
3.82996e-25
4.55125e-25
5.8917e-25
2.19133e-25
-3.16665e-26
-2.36551e-25
-4.15741e-25
-2.41596e-25
-1.45633e-25
5.42797e-26
1.91968e-25
1.62708e-25
1.54598e-25
3.15442e-26
-4.22209e-26
-7.13484e-26
-9.0521e-26
-4.10324e-26
-1.36353e-26
1.66246e-26
3.30257e-26
2.26456e-26
1.68547e-26
1.72754e-27
-5.95102e-27
-7.23254e-27
-7.56138e-27
-3.05428e-27
-7.78287e-28
1.04025e-27
1.80254e-27
1.16075e-27
7.96102e-28
1.52638e-28
-1.34619e-28
-1.94639e-28
-2.03272e-28
-9.70316e-29
-4.50664e-29
-1.80158e-30
1.57944e-29
1.3563e-29
1.14967e-29
5.30541e-30
2.37122e-30
5.95555e-31
-2.01901e-31
-2.77287e-31
-3.0023e-31
-2.04629e-31
-1.46049e-31
-1.0329e-31
-8.3793e-32
-6.83615e-32
-4.73267e-32
-6.34654e-33
4.69284e-32
8.96972e-32
1.00711e-31
6.64303e-32
-4.38149e-33
-7.54408e-32
-1.2e-31
-1.10727e-31
-5.45901e-32
1.94991e-32
8.57091e-32
1.08518e-31
9.01349e-32
3.85109e-32
-2.57939e-32
-7.09976e-32
-9.09596e-32
-7.17996e-32
-2.4697e-32
3.07049e-32
7.75127e-32
8.88591e-32
6.02274e-32
1.71077e-33
-6.39725e-32
-1.02392e-31
-9.09069e-32
-3.56297e-32
4.49805e-32
1.07879e-31
1.18214e-31
7.71395e-32
-8.50306e-33
-8.73635e-32
-1.23098e-31
-1.05086e-31
-2.85371e-32
5.47634e-32
1.14132e-31
1.22313e-31
6.63786e-32
-1.40473e-32
-9.32854e-32
-1.29649e-31
-1.01364e-31
-2.65041e-32
7.09043e-32
1.41613e-31
1.48859e-31
8.7377e-32
-2.26131e-32
-1.30803e-31
-1.82076e-31
-1.51667e-31
-4.76363e-32
8.30497e-32
1.75305e-31
1.89951e-31
1.17649e-31
-3.02431e-33
-1.14349e-31
-1.68365e-31
-1.44141e-31
-6.43983e-32
3.34224e-32
1.01262e-31
1.19346e-31
8.84686e-32
2.69585e-32
-2.89792e-32
-6.78601e-32
-7.01936e-32
-4.61819e-32
-1.06415e-32
2.80811e-32
4.08779e-32
3.8247e-32
1.36275e-32
-1.62912e-32
-2.57326e-32
-2.43593e-32
5.5378e-33
3.20845e-32
3.91867e-32
2.82758e-32
-1.6399e-32
-5.13456e-32
-6.74946e-32
-5.2933e-32
-7.67363e-34
4.50301e-32
7.72977e-32
7.3891e-32
3.59808e-32
-2.83322e-33
-3.79198e-32
-4.82229e-32
-4.17912e-32
-3.8715e-32
-3.46013e-32
-3.61849e-32
-2.26665e-32
1.93127e-32
7.30712e-32
1.24055e-31
1.27824e-31
6.57931e-32
-4.0908e-32
-1.60139e-31
-2.18003e-31
-1.8117e-31
-5.8306e-32
1.12578e-31
2.35025e-31
2.58676e-31
1.63679e-31
-1.91852e-32
-1.88655e-31
-2.81834e-31
-2.44202e-31
-9.05112e-32
9.32293e-32
2.39549e-31
2.65535e-31
1.67887e-31
3.11948e-33
-1.6502e-31
-2.40835e-31
-2.06983e-31
-8.58393e-32
6.96848e-32
1.70526e-31
1.93279e-31
1.30632e-31
1.9822e-32
-7.44883e-32
-1.32442e-31
-1.28636e-31
-8.41571e-32
-2.85083e-32
2.90851e-32
6.16373e-32
7.92392e-32
7.84786e-32
5.79222e-32
3.03108e-32
-1.08221e-32
-4.65535e-32
-7.23202e-32
-8.13461e-32
-6.75245e-32
-4.11457e-32
-1.69121e-33
3.58057e-32
6.83171e-32
8.37516e-32
7.59057e-32
4.8377e-32
-1.91018e-33
-4.78458e-32
-8.47947e-32
-9.44548e-32
-7.05635e-32
-3.49255e-32
1.64133e-32
5.18303e-32
6.93922e-32
7.15904e-32
4.58612e-32
1.82542e-32
-1.94384e-32
-5.29219e-32
-6.75114e-32
-7.08411e-32
-4.51367e-32
-8.27379e-33
3.07427e-32
6.21368e-32
6.51747e-32
4.9176e-32
1.37493e-32
-2.52222e-32
-5.20185e-32
-6.33781e-32
-5.17349e-32
-2.59549e-32
6.25744e-33
3.3785e-32
4.68543e-32
4.08175e-32
2.03276e-32
-4.73207e-33
-2.40185e-32
-2.44698e-32
-1.61479e-32
-2.60904e-33
1.55767e-33
-1.1679e-32
-2.29788e-32
-3.00912e-32
-1.01894e-32
2.89693e-32
6.20902e-32
7.6002e-32
4.11833e-32
-2.04298e-32
-8.28917e-32
-1.13225e-31
-8.12637e-32
-1.06122e-32
7.39768e-32
1.22199e-31
1.07796e-31
4.33695e-32
-4.62991e-32
-1.05103e-31
-1.10667e-31
-6.04802e-32
1.9576e-32
7.90609e-32
9.67644e-32
5.92051e-32
-7.04319e-33
-6.20556e-32
-8.27891e-32
-5.08551e-32
8.26571e-33
6.35783e-32
8.80836e-32
6.07097e-32
2.53888e-33
-6.18015e-32
-1.01376e-31
-9.04706e-32
-4.11846e-32
3.00656e-32
9.25018e-32
1.14787e-31
9.69036e-32
4.07161e-32
-3.10985e-32
-8.74056e-32
-1.18636e-31
-1.07725e-31
-6.19517e-32
4.9841e-34
6.95622e-32
1.14611e-31
1.26586e-31
9.91011e-32
3.18395e-32
-4.65278e-32
-1.17162e-31
-1.48428e-31
-1.23244e-31
-5.21446e-32
4.62374e-32
1.26821e-31
1.56563e-31
1.22039e-31
3.31221e-32
-6.71051e-32
-1.3598e-31
-1.42271e-31
-8.24442e-32
1.13505e-32
9.54179e-32
1.3086e-31
9.99227e-32
2.36295e-32
-6.14808e-32
-1.14633e-31
-1.06273e-31
-4.95573e-32
3.23504e-32
9.71145e-32
1.08713e-31
7.39768e-32
-5.46934e-34
-6.95659e-32
-9.86197e-32
-8.65119e-32
-2.47542e-32
3.97044e-32
8.20536e-32
9.00658e-32
4.71217e-32
-4.56355e-33
-5.33917e-32
-7.62879e-32
-5.72061e-32
-2.45902e-32
2.00154e-32
5.02871e-32
5.54058e-32
4.68302e-32
2.19981e-32
-4.18852e-34
-1.38863e-32
-2.14877e-32
-1.97884e-32
-1.76559e-32
-1.974e-32
-1.8805e-32
-1.88884e-32
-9.23008e-33
1.34988e-32
3.73766e-32
6.65559e-32
7.52038e-32
6.13874e-32
2.64898e-32
-3.12717e-32
-7.4538e-32
-9.98813e-32
-8.44619e-32
-3.03048e-32
3.46032e-32
9.87704e-32
1.2329e-31
1.0917e-31
5.8534e-32
-3.8308e-33
-5.14632e-32
-7.04951e-32
-4.76246e-32
-1.52337e-32
3.53303e-32
5.75973e-32
6.01928e-32
5.5205e-32
1.24858e-32
5.23086e-33
-2.50529e-32
-2.90428e-32
-6.87998e-33
)
;

boundaryField
{
    left
    {
        type            calculated;
        value           uniform 0;
    }
    right
    {
        type            calculated;
        value           uniform 0;
    }
    empty
    {
        type            empty;
        value           nonuniform List<scalar> 0();
    }
}


// ************************************************************************* //
