/*--------------------------------*- C++ -*----------------------------------*\
| =========                 |                                                 |
| \\      /  F ield         | OpenFOAM: The Open Source CFD Toolbox           |
|  \\    /   O peration     | Version:  2106                                  |
|   \\  /    A nd           | Website:  www.openfoam.com                      |
|    \\/     M anipulation  |                                                 |
\*---------------------------------------------------------------------------*/
FoamFile
{
    version     2.0;
    format      ascii;
    arch        "LSB;label=32;scalar=64";
    class       surfaceScalarField;
    location    "0.154";
    object      phi;
}
// * * * * * * * * * * * * * * * * * * * * * * * * * * * * * * * * * * * * * //

dimensions      [0 3 -1 0 0 0 0];

oriented        oriented;

internalField   nonuniform List<scalar> 
799
(
1.58806e-32
4.17537e-32
5.29932e-32
4.0197e-32
1.29978e-32
-5.57843e-32
-1.17308e-31
-1.6532e-31
-1.77492e-31
-1.41848e-31
-8.81593e-32
-2.79875e-32
8.38908e-33
1.60406e-32
-7.6315e-33
-4.89403e-32
-1.01907e-31
-1.56328e-31
-1.9836e-31
-2.28032e-31
-2.21545e-31
-1.87081e-31
-1.27524e-31
-5.83482e-32
-1.9336e-32
-1.17978e-32
-5.50071e-32
-1.27167e-31
-1.94985e-31
-2.49089e-31
-2.53443e-31
-2.27634e-31
-1.82778e-31
-1.29192e-31
-1.05752e-31
-9.61085e-32
-1.14727e-31
-1.54032e-31
-1.85301e-31
-2.23366e-31
-2.33683e-31
-2.22532e-31
-2.00373e-31
-1.54941e-31
-1.30956e-31
-1.21881e-31
-1.38986e-31
-1.89114e-31
-2.3021e-31
-2.67617e-31
-2.70638e-31
-2.37856e-31
-1.95709e-31
-1.42406e-31
-1.18962e-31
-1.26058e-31
-1.60067e-31
-2.20036e-31
-2.66288e-31
-2.92257e-31
-2.79883e-31
-2.27502e-31
-1.66137e-31
-1.11915e-31
-9.97872e-32
-1.41188e-31
-2.15615e-31
-2.99735e-31
-3.45738e-31
-3.28768e-31
-2.57908e-31
-1.56647e-31
-8.06607e-32
-6.45548e-32
-1.12027e-31
-2.06164e-31
-2.93e-31
-3.37928e-31
-3.2668e-31
-2.67658e-31
-2.01616e-31
-1.52784e-31
-1.37566e-31
-1.52695e-31
-1.76911e-31
-2.0293e-31
-2.22562e-31
-2.40736e-31
-2.61052e-31
-2.73312e-31
-2.71327e-31
-2.40166e-31
-1.87557e-31
-1.34091e-31
-1.01355e-31
-1.20158e-31
-1.78653e-31
-2.60319e-31
-3.29555e-31
-3.42782e-31
-3.07353e-31
-2.21417e-31
-1.30416e-31
-7.69966e-32
-6.77657e-32
-1.25503e-31
-2.04546e-31
-2.781e-31
-3.21783e-31
-3.04529e-31
-2.60432e-31
-1.97402e-31
-1.50483e-31
-1.41616e-31
-1.52764e-31
-1.83088e-31
-1.99624e-31
-1.96815e-31
-1.83758e-31
-1.6954e-31
-1.79125e-31
-2.09275e-31
-2.50455e-31
-2.80912e-31
-2.79117e-31
-2.44066e-31
-1.84311e-31
-1.24453e-31
-8.6231e-32
-8.04529e-32
-1.09973e-31
-1.61911e-31
-2.22427e-31
-2.77293e-31
-3.0869e-31
-3.1095e-31
-2.76747e-31
-2.12107e-31
-1.3785e-31
-7.25416e-32
-4.6709e-32
-6.87116e-32
-1.31341e-31
-2.14941e-31
-2.79171e-31
-3.05038e-31
-2.80897e-31
-2.1998e-31
-1.56556e-31
-1.12531e-31
-1.11011e-31
-1.44822e-31
-1.91038e-31
-2.27317e-31
-2.26994e-31
-1.93222e-31
-1.41505e-31
-9.88318e-32
-9.50251e-32
-1.3403e-31
-2.04061e-31
-2.69772e-31
-2.95532e-31
-2.63395e-31
-1.81921e-31
-9.12277e-32
-3.17462e-32
-3.82094e-32
-1.03194e-31
-1.91565e-31
-2.60673e-31
-2.65834e-31
-2.17627e-31
-1.38258e-31
-7.35886e-32
-6.50934e-32
-9.88863e-32
-1.65486e-31
-2.1271e-31
-2.12382e-31
-1.73539e-31
-9.98503e-32
-4.75494e-32
-3.11383e-32
-5.71053e-32
-1.21225e-31
-1.73787e-31
-2.06683e-31
-1.95279e-31
-1.44324e-31
-8.49185e-32
-2.47478e-32
2.70533e-33
-1.21913e-33
-2.79561e-32
-7.14813e-32
-1.03846e-31
-1.22611e-31
-1.20697e-31
-9.71487e-32
-6.45081e-32
-2.26282e-32
1.77607e-32
4.71755e-32
6.16102e-32
5.06058e-32
1.94521e-32
-1.79954e-32
-4.52669e-32
-3.8636e-32
5.56714e-33
7.43166e-32
1.42648e-31
1.75303e-31
1.58949e-31
1.03806e-31
4.17513e-32
1.83084e-32
5.87198e-32
1.56358e-31
2.74985e-31
3.5813e-31
3.65376e-31
2.96732e-31
1.86286e-31
1.00991e-31
9.62965e-32
1.84397e-31
3.42578e-31
4.99418e-31
5.91638e-31
5.91339e-31
5.0361e-31
3.93867e-31
3.21726e-31
3.29172e-31
4.28749e-31
5.72284e-31
7.13954e-31
8.05248e-31
8.21956e-31
7.88715e-31
7.34611e-31
7.04788e-31
7.27986e-31
8.01471e-31
9.08251e-31
1.01406e-30
1.08992e-30
1.12646e-30
1.13795e-30
1.14861e-30
1.18899e-30
1.26986e-30
1.37246e-30
1.47482e-30
1.54091e-30
1.56329e-30
1.56662e-30
1.57866e-30
1.64307e-30
1.76761e-30
1.92651e-30
2.08722e-30
2.20298e-30
2.2615e-30
2.2853e-30
2.30202e-30
2.35379e-30
2.45502e-30
2.5881e-30
2.74051e-30
2.88157e-30
3.00451e-30
3.12338e-30
3.23553e-30
3.3592e-30
3.48748e-30
3.61074e-30
3.73922e-30
3.86517e-30
4.00505e-30
4.16066e-30
4.32071e-30
4.48428e-30
4.63815e-30
4.79329e-30
4.96617e-30
5.16866e-30
5.40252e-30
5.64413e-30
5.8624e-30
6.03297e-30
6.16352e-30
6.28595e-30
6.45198e-30
6.69663e-30
7.0135e-30
7.36913e-30
7.69738e-30
7.96003e-30
8.15464e-30
8.31351e-30
8.50413e-30
8.76102e-30
9.09601e-30
9.47851e-30
9.85288e-30
1.01931e-29
1.04853e-29
1.07606e-29
1.10582e-29
1.1396e-29
1.1783e-29
1.21874e-29
1.2584e-29
1.29605e-29
1.33167e-29
1.36863e-29
1.4087e-29
1.45302e-29
1.50097e-29
1.54907e-29
1.59592e-29
1.64007e-29
1.6827e-29
1.72731e-29
1.77536e-29
1.82909e-29
1.8869e-29
1.94557e-29
2.00315e-29
2.05638e-29
2.10706e-29
2.15767e-29
2.21125e-29
2.27204e-29
2.33881e-29
2.41027e-29
2.48203e-29
2.54884e-29
2.6092e-29
2.66338e-29
2.71171e-29
2.77603e-29
2.85127e-29
3.00917e-29
3.27338e-29
3.65681e-29
4.36631e-29
4.65642e-29
4.95689e-29
3.27139e-29
-9.8207e-30
-6.09776e-29
-1.66352e-28
-1.56771e-28
-9.57568e-29
1.92486e-28
8.36942e-28
1.20253e-27
1.84524e-27
1.08387e-27
-7.33773e-28
-3.00884e-27
-7.515e-27
-7.18517e-27
-5.90261e-27
1.77697e-27
1.69052e-26
2.2697e-26
3.3078e-26
1.66777e-26
-1.35815e-26
-4.09776e-26
-9.04657e-26
-7.12924e-26
-4.21646e-26
3.16005e-26
1.54655e-25
1.62766e-25
1.92028e-25
5.43421e-26
-1.45569e-25
-2.41531e-25
-4.1568e-25
-2.36492e-25
-3.16119e-26
2.19185e-25
5.89227e-25
4.55188e-25
3.83066e-25
-3.70523e-26
-5.4397e-25
-5.80017e-25
-7.5422e-25
-2.54546e-25
2.2366e-25
5.0688e-25
9.15324e-25
5.06891e-25
2.23676e-25
-2.54533e-25
-7.54215e-25
-5.80023e-25
-5.43982e-25
-3.70664e-26
3.83057e-25
4.55186e-25
5.89231e-25
2.19193e-25
-3.16062e-26
-2.36491e-25
-4.15682e-25
-2.41536e-25
-1.45574e-25
5.43384e-26
1.92027e-25
1.62766e-25
1.54655e-25
3.16008e-26
-4.2165e-26
-7.12931e-26
-9.04665e-26
-4.09786e-26
-1.35824e-26
1.66767e-26
3.3077e-26
2.2696e-26
1.69042e-26
1.77612e-27
-5.90337e-27
-7.18584e-27
-7.51562e-27
-3.00948e-27
-7.34435e-28
1.08315e-27
1.8445e-27
1.20177e-27
8.36195e-28
1.91812e-28
-9.63514e-29
-1.57265e-28
-1.66779e-28
-6.14046e-29
-1.02923e-29
3.21366e-29
4.89091e-29
4.58721e-29
4.30124e-29
3.60456e-29
3.23483e-29
2.98267e-29
2.82959e-29
2.75035e-29
2.67764e-29
2.61832e-29
2.55661e-29
2.49477e-29
2.43191e-29
2.37002e-29
2.31e-29
2.25328e-29
2.19908e-29
2.14508e-29
2.08917e-29
2.02994e-29
1.96828e-29
1.90776e-29
1.85109e-29
1.80093e-29
1.7566e-29
1.71518e-29
1.67407e-29
1.6297e-29
1.58227e-29
1.53257e-29
1.48263e-29
1.43562e-29
1.39212e-29
1.35352e-29
1.31868e-29
1.28561e-29
1.25262e-29
1.217e-29
1.17828e-29
1.13746e-29
1.09678e-29
1.05969e-29
1.02842e-29
1.00235e-29
9.79626e-30
9.55918e-30
9.27728e-30
8.95156e-30
8.58872e-30
8.23997e-30
7.9415e-30
7.70379e-30
7.53148e-30
7.37265e-30
7.19648e-30
6.97556e-30
6.69683e-30
6.39979e-30
6.10996e-30
5.86892e-30
5.69831e-30
5.57991e-30
5.48959e-30
5.37797e-30
5.20815e-30
4.97476e-30
4.69788e-30
4.42773e-30
4.21928e-30
4.0972e-30
4.05331e-30
4.04053e-30
3.99367e-30
3.87344e-30
3.6704e-30
3.42301e-30
3.18891e-30
3.01594e-30
2.92493e-30
2.89308e-30
2.88285e-30
2.84608e-30
2.76291e-30
2.63404e-30
2.47771e-30
2.33005e-30
2.20245e-30
2.11432e-30
2.05538e-30
2.01072e-30
1.97192e-30
1.9098e-30
1.83479e-30
1.74024e-30
1.64278e-30
1.56811e-30
1.50651e-30
1.47561e-30
1.44347e-30
1.39394e-30
1.32839e-30
1.231e-30
1.14521e-30
1.08003e-30
1.04731e-30
1.05391e-30
1.05579e-30
1.04573e-30
1.00155e-30
9.24356e-31
8.4771e-31
7.76196e-31
7.30823e-31
7.03497e-31
6.74086e-31
6.46939e-31
6.15283e-31
5.9988e-31
6.14048e-31
6.41069e-31
6.66352e-31
6.4542e-31
5.5966e-31
4.30162e-31
2.89038e-31
2.10151e-31
2.26796e-31
3.3029e-31
4.82582e-31
5.87193e-31
5.93737e-31
4.8233e-31
2.83731e-31
9.91771e-32
-8.45453e-33
1.53219e-32
1.55739e-31
3.26757e-31
4.60898e-31
4.75222e-31
3.66411e-31
1.90957e-31
1.25915e-32
-7.30063e-32
-4.85124e-32
6.36817e-32
2.10645e-31
3.03301e-31
3.18233e-31
2.48106e-31
1.30148e-31
2.90108e-32
-3.54649e-32
-3.78949e-32
6.31193e-34
5.05925e-32
1.02757e-31
1.30128e-31
1.42787e-31
1.37316e-31
1.12267e-31
8.03775e-32
3.51655e-32
-4.45146e-33
-3.39197e-32
-4.64706e-32
-3.6004e-32
-1.28165e-32
2.36054e-32
5.82263e-32
8.80146e-32
1.00862e-31
9.05623e-32
6.07104e-32
8.22503e-33
-3.9787e-32
-7.86979e-32
-9.02088e-32
-6.80538e-32
-3.40476e-32
1.57573e-32
4.9742e-32
6.59676e-32
6.6917e-32
4.00074e-32
1.13073e-32
-2.73994e-32
-6.18149e-32
-7.72629e-32
-8.13735e-32
-5.63831e-32
-2.01647e-32
1.82723e-32
4.91503e-32
5.17315e-32
3.53358e-32
-4.37096e-34
-3.96997e-32
-6.67436e-32
-7.82966e-32
-6.68005e-32
-4.11186e-32
-8.9646e-33
1.85551e-32
3.16409e-32
2.56587e-32
5.2602e-33
-1.96776e-32
-3.8812e-32
-3.90828e-32
-3.05431e-32
-1.67634e-32
-1.23344e-32
-2.52823e-32
-3.62752e-32
-4.30611e-32
-2.28132e-32
1.66999e-32
5.01915e-32
6.44886e-32
3.00731e-32
-3.11259e-32
-9.31623e-32
-1.23061e-31
-9.06549e-32
-1.95497e-32
6.54967e-32
1.14182e-31
1.00249e-31
3.62948e-32
-5.28939e-32
-1.11217e-31
-1.16295e-31
-6.56185e-32
1.4926e-32
7.49006e-32
9.30931e-32
5.60225e-32
-9.73798e-33
-6.42644e-32
-8.45116e-32
-5.20919e-32
7.51339e-33
6.33134e-32
8.83057e-32
6.14176e-32
3.72698e-33
-6.01319e-32
-9.92223e-32
-8.78344e-32
-3.8067e-32
3.36647e-32
9.65809e-32
1.19349e-31
1.01947e-31
4.62434e-32
-2.50882e-32
-8.09146e-32
-1.11658e-31
-1.0026e-31
-5.39968e-32
8.94241e-33
7.84974e-32
1.24039e-31
1.36508e-31
1.09521e-31
4.27677e-32
-3.50835e-32
-1.05193e-31
-1.35929e-31
-1.10206e-31
-3.85607e-32
6.03704e-32
1.41514e-31
1.7182e-31
1.37863e-31
4.95214e-32
-5.01253e-32
-1.18415e-31
-1.24114e-31
-6.36844e-32
3.07168e-32
1.15395e-31
1.5145e-31
1.21132e-31
4.54565e-32
-3.90332e-32
-9.15644e-32
-8.25803e-32
-2.52425e-32
5.72881e-32
1.22679e-31
1.34899e-31
1.00788e-31
2.68833e-32
-4.15171e-32
-6.99556e-32
-5.72377e-32
5.12177e-33
7.01726e-32
1.13106e-31
1.21696e-31
7.93182e-32
2.81863e-32
-2.00947e-32
-4.24577e-32
-2.28584e-32
1.02646e-32
5.536e-32
8.61011e-32
9.16713e-32
8.35237e-32
5.90969e-32
3.70576e-32
2.39372e-32
1.66563e-32
1.86337e-32
2.10108e-32
1.91314e-32
2.02252e-32
2.02554e-32
2.99759e-32
5.27133e-32
7.65414e-32
1.05607e-31
1.1408e-31
1.00012e-31
6.47865e-32
6.61606e-33
-3.71419e-32
-6.30659e-32
-4.83182e-32
5.06836e-33
6.91097e-32
1.32302e-31
1.55746e-31
1.40436e-31
8.85063e-32
2.47377e-32
-2.44027e-32
-4.50502e-32
-2.38981e-32
6.68132e-33
5.53419e-32
7.56228e-32
7.61525e-32
6.90235e-32
2.40991e-32
1.45897e-32
-1.79999e-32
-2.43231e-32
-4.5159e-33
)
;

boundaryField
{
    left
    {
        type            calculated;
        value           uniform 0;
    }
    right
    {
        type            calculated;
        value           uniform 0;
    }
    empty
    {
        type            empty;
        value           nonuniform List<scalar> 0();
    }
}


// ************************************************************************* //
