/*--------------------------------*- C++ -*----------------------------------*\
| =========                 |                                                 |
| \\      /  F ield         | OpenFOAM: The Open Source CFD Toolbox           |
|  \\    /   O peration     | Version:  2106                                  |
|   \\  /    A nd           | Website:  www.openfoam.com                      |
|    \\/     M anipulation  |                                                 |
\*---------------------------------------------------------------------------*/
FoamFile
{
    version     2.0;
    format      ascii;
    arch        "LSB;label=32;scalar=64";
    class       surfaceScalarField;
    location    "0.064";
    object      phi;
}
// * * * * * * * * * * * * * * * * * * * * * * * * * * * * * * * * * * * * * //

dimensions      [0 3 -1 0 0 0 0];

oriented        oriented;

internalField   nonuniform List<scalar> 
799
(
1.8091e-32
4.61738e-32
5.96181e-32
4.90277e-32
2.40286e-32
-4.25465e-32
-1.01861e-31
-1.47671e-31
-1.57655e-31
-1.19832e-31
-6.39764e-32
-1.64738e-33
3.6873e-32
4.66558e-32
2.50987e-32
-1.41099e-32
-6.49926e-32
-1.17345e-31
-1.57325e-31
-1.84961e-31
-1.76466e-31
-1.40005e-31
-7.84696e-32
-7.3396e-33
3.36045e-32
4.30502e-32
1.72356e-33
-6.85782e-32
-1.34562e-31
-1.86857e-31
-1.89421e-31
-1.6185e-31
-1.1526e-31
-5.99683e-32
-3.48499e-32
-2.35561e-32
-4.05513e-32
-7.82597e-32
-1.0796e-31
-1.4449e-31
-1.53304e-31
-1.4068e-31
-1.17076e-31
-7.02302e-32
-4.48592e-32
-3.44298e-32
-5.02119e-32
-9.90479e-32
-1.38882e-31
-1.75058e-31
-1.76878e-31
-1.42928e-31
-9.96415e-32
-4.52318e-32
-2.07102e-32
-2.676e-32
-5.9755e-32
-1.18742e-31
-1.64038e-31
-1.89083e-31
-1.7581e-31
-1.22558e-31
-6.03582e-32
-5.32885e-33
7.58184e-33
-3.30673e-32
-1.06773e-31
-1.90199e-31
-2.35538e-31
-2.17931e-31
-1.46454e-31
-4.46041e-32
3.19373e-32
4.85816e-32
1.6235e-33
-9.20258e-32
-1.78398e-31
-2.2289e-31
-2.11232e-31
-1.51823e-31
-8.54137e-32
-3.6237e-32
-2.06957e-32
-3.55221e-32
-5.94586e-32
-8.52179e-32
-1.04611e-31
-1.22563e-31
-1.42677e-31
-1.54754e-31
-1.52606e-31
-1.213e-31
-6.85637e-32
-1.49816e-32
1.7851e-32
-8.74192e-34
-5.93062e-32
-1.40926e-31
-2.10132e-31
-2.23342e-31
-1.8791e-31
-1.01987e-31
-1.10098e-32
4.23712e-32
5.1548e-32
-6.25175e-33
-8.53715e-32
-1.59017e-31
-2.02801e-31
-1.85658e-31
-1.41681e-31
-7.87888e-32
-3.20171e-32
-2.33128e-32
-3.4635e-32
-6.51386e-32
-8.18701e-32
-7.92652e-32
-6.64226e-32
-5.24289e-32
-6.22502e-32
-9.26462e-32
-1.34083e-31
-1.64808e-31
-1.63296e-31
-1.28535e-31
-6.90739e-32
-9.52583e-33
2.83703e-32
3.38129e-32
3.94609e-33
-4.83529e-32
-1.09241e-31
-1.64494e-31
-1.96293e-31
-1.98966e-31
-1.65193e-31
-1.00997e-31
-2.72003e-32
3.7632e-32
6.29715e-32
4.04573e-32
-2.27023e-32
-1.06853e-31
-1.71653e-31
-1.98111e-31
-1.74583e-31
-1.14307e-31
-5.15503e-32
-8.21981e-33
-7.41971e-33
-4.19777e-32
-8.89675e-32
-1.26052e-31
-1.26573e-31
-9.36754e-32
-4.28749e-32
-1.15255e-33
1.66111e-33
-3.83802e-32
-1.09491e-31
-1.76331e-31
-2.03271e-31
-1.72369e-31
-9.21791e-32
-2.82636e-33
5.52554e-32
4.73297e-32
-1.91871e-32
-1.09164e-31
-1.79954e-31
-1.86875e-31
-1.40513e-31
-6.3075e-32
-4.24306e-34
5.96136e-33
-3.00415e-32
-9.89567e-32
-1.48604e-31
-1.50814e-31
-1.14627e-31
-4.37246e-32
5.66193e-33
1.90189e-32
-1.01442e-32
-7.7612e-32
-1.33681e-31
-1.70245e-31
-1.62682e-31
-1.15754e-31
-6.05615e-32
-4.79762e-33
1.80345e-32
9.27606e-33
-2.25168e-32
-7.13309e-32
-1.09234e-31
-1.33792e-31
-1.37938e-31
-1.2073e-31
-9.47196e-32
-5.97768e-32
-2.66416e-32
-4.80429e-33
1.70851e-33
-1.75811e-32
-5.73939e-32
-1.0389e-31
-1.40615e-31
-1.43855e-31
-1.09965e-31
-5.19853e-32
5.10371e-33
2.60211e-32
-2.58148e-33
-7.05071e-32
-1.45895e-31
-1.83254e-31
-1.57351e-31
-7.48434e-32
2.8008e-32
9.47091e-32
8.48161e-32
-1.68857e-33
-1.30744e-31
-2.35421e-31
-2.60301e-31
-1.93214e-31
-5.69048e-32
7.71696e-32
1.45703e-31
1.20758e-31
7.39687e-33
-1.29001e-31
-2.28852e-31
-2.5021e-31
-1.80567e-31
-6.81313e-32
4.12345e-32
9.8977e-32
8.08514e-32
1.14518e-32
-8.01792e-32
-1.48937e-31
-1.6613e-31
-1.3453e-31
-7.11751e-32
-1.03805e-32
1.8829e-32
7.03115e-33
-3.15446e-32
-7.274e-32
-8.60447e-32
-6.0742e-32
-1.56512e-32
2.72218e-32
3.17748e-32
-9.4664e-33
-7.1923e-32
-1.27852e-31
-1.33684e-31
-8.16925e-32
2.28102e-33
8.56501e-32
1.2158e-31
9.77229e-32
3.65403e-32
-3.43688e-32
-7.29536e-32
-6.48421e-32
-2.77123e-32
2.58537e-32
6.5128e-32
8.32709e-32
9.42905e-32
9.54616e-32
1.0499e-31
1.15905e-31
1.18508e-31
1.22995e-31
1.21551e-31
1.30604e-31
1.51894e-31
1.74071e-31
1.96185e-31
2.04946e-31
2.11302e-31
2.31668e-31
2.77863e-31
3.51626e-31
4.29289e-31
4.79718e-31
4.78541e-31
4.33384e-31
3.76126e-31
3.5847e-31
4.15404e-31
5.40511e-31
7.00307e-31
8.28649e-31
8.87309e-31
8.73828e-31
8.20491e-31
7.94822e-31
8.31332e-31
9.41858e-31
1.0958e-30
1.23758e-30
1.34115e-30
1.39276e-30
1.4234e-30
1.47239e-30
1.55774e-30
1.68844e-30
1.83268e-30
1.96532e-30
2.07428e-30
2.15919e-30
2.25401e-30
2.37649e-30
2.538e-30
2.73252e-30
2.92527e-30
3.10239e-30
3.24954e-30
3.3785e-30
3.52454e-30
3.70229e-30
3.93425e-30
4.20454e-30
4.48127e-30
4.7448e-30
4.96294e-30
5.1537e-30
5.34205e-30
5.55864e-30
5.84589e-30
6.1918e-30
6.5835e-30
6.97751e-30
7.32126e-30
7.60012e-30
7.81698e-30
7.9752e-30
8.29351e-30
8.72134e-30
9.97635e-30
1.22953e-29
1.58074e-29
2.25814e-29
2.51629e-29
2.78497e-29
1.06788e-29
-3.21697e-29
-8.36382e-29
-1.89321e-28
-1.80047e-28
-1.19336e-28
1.68607e-28
8.12767e-28
1.17806e-27
1.82049e-27
1.05883e-27
-7.59093e-28
-3.03443e-27
-7.54087e-27
-7.2113e-27
-5.92901e-27
1.75032e-27
1.68783e-26
2.26699e-26
3.30507e-26
1.66501e-26
-1.36093e-26
-4.10056e-26
-9.04939e-26
-7.13208e-26
-4.21933e-26
3.15717e-26
1.54626e-25
1.62737e-25
1.91999e-25
5.43126e-26
-1.45599e-25
-2.41561e-25
-4.1571e-25
-2.36523e-25
-3.16421e-26
2.19155e-25
5.89197e-25
4.55157e-25
3.83036e-25
-3.70829e-26
-5.44001e-25
-5.80048e-25
-7.54251e-25
-2.54577e-25
2.23629e-25
5.06849e-25
9.15294e-25
5.0686e-25
2.23645e-25
-2.54563e-25
-7.54246e-25
-5.80054e-25
-5.44013e-25
-3.70969e-26
3.83026e-25
4.55156e-25
5.89201e-25
2.19163e-25
-3.16363e-26
-2.36521e-25
-4.15711e-25
-2.41566e-25
-1.45603e-25
5.4309e-26
1.91997e-25
1.62737e-25
1.54626e-25
3.15721e-26
-4.21935e-26
-7.13214e-26
-9.04946e-26
-4.10065e-26
-1.361e-26
1.66493e-26
3.30498e-26
2.26691e-26
1.68775e-26
1.74966e-27
-5.92957e-27
-7.21178e-27
-7.54129e-27
-3.03488e-27
-7.59555e-28
1.05831e-27
1.81994e-27
1.17751e-27
8.12229e-28
1.68143e-28
-1.19719e-28
-1.80328e-28
-1.89535e-28
-8.38513e-29
-3.2427e-29
1.03159e-29
2.74044e-29
2.46851e-29
2.21446e-29
1.54983e-29
1.21223e-29
9.92298e-30
8.71499e-30
8.24585e-30
7.84216e-30
7.57239e-30
7.27848e-30
6.98278e-30
6.67645e-30
6.37889e-30
6.09916e-30
5.85119e-30
5.62721e-30
5.40367e-30
5.15943e-30
4.88009e-30
4.57461e-30
4.27841e-30
4.01839e-30
3.82115e-30
3.67975e-30
3.5647e-30
3.4501e-30
3.29997e-30
3.11636e-30
2.90688e-30
2.69186e-30
2.5028e-30
2.3456e-30
2.2339e-30
2.15626e-30
2.09282e-30
2.02646e-30
1.93009e-30
1.79897e-30
1.643e-30
1.48468e-30
1.35824e-30
1.28613e-30
1.26206e-30
1.26739e-30
1.2589e-30
1.20155e-30
1.09633e-30
9.49944e-31
8.13581e-31
7.23436e-31
6.89985e-31
7.17885e-31
7.55214e-31
7.7116e-31
7.38347e-31
6.43727e-31
5.26811e-31
4.1317e-31
3.44386e-31
3.42129e-31
3.88235e-31
4.58579e-31
5.03831e-31
4.87132e-31
4.03154e-31
2.72026e-31
1.43991e-31
7.40911e-32
8.70219e-32
1.74663e-31
2.89983e-31
3.67841e-31
3.69005e-31
2.84085e-31
1.51602e-31
2.9223e-32
-3.51272e-32
-2.05653e-32
5.01494e-32
1.3954e-31
1.99504e-31
2.10239e-31
1.72507e-31
1.04598e-31
4.2694e-32
-1.74537e-33
-9.25725e-33
9.92776e-33
4.09689e-32
7.54976e-32
8.43873e-32
7.81175e-32
5.01088e-32
1.70302e-32
4.64593e-33
3.27935e-33
3.06208e-32
5.47767e-32
5.96459e-32
4.66549e-32
3.98728e-35
-3.67206e-32
-5.45655e-32
-4.15903e-32
9.09099e-33
5.35006e-32
8.44718e-32
7.98494e-32
4.07992e-32
9.16321e-34
-3.51723e-32
-4.64161e-32
-4.08673e-32
-3.86202e-32
-3.52897e-32
-3.76083e-32
-2.47821e-32
1.65471e-32
6.96932e-32
1.201e-31
1.23325e-31
6.07842e-32
-4.63969e-32
-1.66078e-31
-2.24366e-31
-1.87935e-31
-6.54429e-32
1.05088e-31
2.27201e-31
2.50536e-31
1.55234e-31
-2.79156e-32
-1.97652e-31
-2.91079e-31
-2.5368e-31
-1.00213e-31
8.33134e-32
2.2943e-31
2.55223e-31
1.57395e-31
-7.54047e-33
-1.75837e-31
-2.51803e-31
-2.18097e-31
-9.70981e-32
5.82861e-32
1.58992e-31
1.81615e-31
1.18843e-31
7.91136e-33
-8.65179e-32
-1.44588e-31
-1.40901e-31
-9.65395e-32
-4.10095e-32
1.64654e-32
4.89021e-32
6.63821e-32
6.55057e-32
4.48355e-32
1.71144e-32
-2.4129e-32
-5.99652e-32
-8.58378e-32
-9.49656e-32
-8.12442e-32
-5.49642e-32
-1.56015e-32
2.18081e-32
5.42382e-32
6.95934e-32
6.16749e-32
3.40799e-32
-1.62643e-32
-6.22519e-32
-9.92422e-32
-1.08935e-31
-8.50622e-32
-4.94347e-32
1.90411e-33
3.73303e-32
5.49101e-32
5.71339e-32
3.14355e-32
3.87443e-33
-3.3767e-32
-6.71882e-32
-8.17046e-32
-8.49486e-32
-5.91458e-32
-2.2173e-32
1.69662e-32
4.84958e-32
5.16811e-32
3.58437e-32
5.89816e-34
-3.81951e-32
-6.47996e-32
-7.59524e-32
-6.40903e-32
-3.80808e-32
-5.62794e-33
2.21512e-32
3.54732e-32
2.96934e-32
9.46715e-33
-1.53142e-32
-3.43162e-32
-3.44847e-32
-2.58667e-32
-1.2028e-32
-7.56285e-33
-2.04961e-32
-3.14905e-32
-3.82944e-32
-1.80857e-32
2.13774e-32
5.48002e-32
6.9013e-32
3.44982e-32
-2.68106e-32
-8.89734e-32
-1.19007e-31
-8.67511e-32
-1.58062e-32
6.90657e-32
1.1757e-31
1.03448e-31
3.92965e-32
-5.00998e-32
-1.08638e-31
-1.13941e-31
-6.3497e-32
1.6809e-32
7.65354e-32
9.44774e-32
5.7151e-32
-8.86981e-33
-6.3661e-32
-8.4183e-32
-5.20422e-32
7.28107e-33
6.27989e-32
8.75016e-32
6.03245e-32
2.34271e-33
-6.18111e-32
-1.01198e-31
-9.01079e-32
-4.06399e-32
3.07908e-32
9.34061e-32
1.15869e-31
9.81653e-32
4.21553e-32
-2.9478e-32
-8.56001e-32
-1.16639e-31
-1.0553e-31
-5.95549e-32
3.09959e-33
7.23736e-32
1.17639e-31
1.29833e-31
1.02568e-31
3.55364e-32
-4.25946e-32
-1.12986e-31
-1.43996e-31
-1.18536e-31
-4.71522e-32
5.15261e-32
1.32414e-31
1.62476e-31
1.2828e-31
3.97079e-32
-6.01658e-32
-1.28676e-31
-1.34595e-31
-7.43817e-32
1.98109e-32
1.04288e-31
1.40151e-31
1.09647e-31
3.37986e-32
-5.08551e-32
-1.03543e-31
-9.47099e-32
-3.75112e-32
4.48885e-32
1.10155e-31
1.22263e-31
8.80496e-32
1.40563e-32
-5.44232e-32
-8.29346e-32
-7.02769e-32
-7.96252e-33
5.70474e-32
9.99588e-32
1.08541e-31
6.61632e-32
1.50463e-32
-3.32103e-32
-5.55443e-32
-3.59081e-32
-2.73542e-33
4.24186e-32
7.32357e-32
7.88917e-32
7.08456e-32
4.6534e-32
2.4622e-32
1.16428e-32
4.51089e-33
6.65349e-33
9.20605e-33
7.51564e-33
8.81468e-33
9.05939e-33
1.90065e-32
4.19808e-32
6.60556e-32
9.53802e-32
1.0412e-31
9.03315e-32
5.53968e-32
-2.47663e-33
-4.59289e-32
-7.15355e-32
-5.64613e-32
-2.7437e-33
6.16339e-32
1.25172e-31
1.48969e-31
1.34027e-31
8.24689e-32
1.9078e-32
-2.96785e-32
-4.99388e-32
-2.83939e-32
2.57894e-33
5.1636e-32
7.23172e-32
7.3247e-32
6.65258e-32
2.20142e-32
1.29225e-32
-1.9248e-32
-2.51513e-32
-4.92878e-33
)
;

boundaryField
{
    left
    {
        type            calculated;
        value           uniform 0;
    }
    right
    {
        type            calculated;
        value           uniform 0;
    }
    empty
    {
        type            empty;
        value           nonuniform List<scalar> 0();
    }
}


// ************************************************************************* //
