/*--------------------------------*- C++ -*----------------------------------*\
| =========                 |                                                 |
| \\      /  F ield         | OpenFOAM: The Open Source CFD Toolbox           |
|  \\    /   O peration     | Version:  2106                                  |
|   \\  /    A nd           | Website:  www.openfoam.com                      |
|    \\/     M anipulation  |                                                 |
\*---------------------------------------------------------------------------*/
FoamFile
{
    version     2.0;
    format      ascii;
    arch        "LSB;label=32;scalar=64";
    class       surfaceScalarField;
    location    "0.001";
    object      phi;
}
// * * * * * * * * * * * * * * * * * * * * * * * * * * * * * * * * * * * * * //

dimensions      [0 3 -1 0 0 0 0];

oriented        oriented;

internalField   nonuniform List<scalar> 
799
(
-7.52316e-37
2.55788e-35
2.55788e-35
2.40741e-35
1.97483e-35
1.95602e-35
1.50463e-35
1.50463e-35
1.33536e-35
1.35417e-35
1.44821e-35
1.6739e-35
1.49288e-35
1.48347e-35
1.52344e-35
1.42e-35
1.05324e-35
1.35417e-35
1.59867e-35
2.10649e-35
1.80556e-35
1.82437e-35
1.80556e-35
1.6551e-35
1.95602e-35
1.61748e-35
1.39179e-35
1.05324e-35
1.03444e-35
9.0278e-36
7.52316e-36
6.01853e-36
3.76158e-36
6.39469e-36
6.25363e-36
4.17888e-36
5.36025e-36
5.45429e-36
4.5139e-36
5.45429e-36
5.26621e-36
5.07814e-36
5.26621e-36
5.26621e-36
4.79602e-36
6.01853e-36
7.52316e-36
4.70198e-36
7.52316e-36
7.52316e-36
8.0874e-36
6.67681e-36
8.5576e-36
8.04038e-36
9.68607e-36
1.1943e-35
1.20371e-35
1.20371e-35
1.20371e-35
1.31185e-35
1.20371e-35
6.01853e-36
7.89932e-36
6.01853e-36
7.52316e-36
5.26621e-36
3.00927e-36
-1.50463e-36
4.5139e-36
6.01853e-36
9.59203e-36
9.0278e-36
8.65164e-36
9.0278e-36
7.52316e-36
7.6172e-36
3.00927e-36
3.00927e-36
3.00927e-36
3.00927e-36
5.07814e-36
4.5139e-36
2.63311e-36
3.00927e-36
-1.88079e-37
3.00927e-36
-1.50463e-36
7.52316e-37
0
0
-2.25695e-36
-3.00927e-36
-3.38542e-36
-3.00927e-36
-4.5139e-36
-6.01853e-36
-1.35417e-35
-7.71124e-36
-1.35417e-35
-7.52316e-36
-7.52316e-36
-7.52316e-36
-7.14701e-36
-8.27548e-36
-6.77085e-36
-3.94966e-36
-2.68013e-36
-2.63311e-36
-7.52316e-37
-1.50463e-36
-2.63311e-36
-1.88079e-36
-4.5139e-36
-3.00927e-36
8.46356e-36
1.50463e-36
1.50463e-36
2.25695e-36
2.44503e-36
1.9043e-36
2.39801e-36
1.41059e-37
0
-7.52316e-37
1.50463e-36
1.50463e-36
7.52316e-37
1.50463e-36
1.31655e-36
-2.06887e-36
-1.41059e-36
0
3.00927e-36
3.76158e-36
6.01853e-36
1.78675e-36
4.13774e-36
4.20827e-36
2.93286e-36
3.9177e-36
1.63981e-36
3.05629e-36
3.29138e-36
5.64237e-37
0
-5.26621e-36
-6.01853e-36
-9.0278e-36
-1.19548e-35
-1.20371e-35
-1.26424e-35
-1.05324e-35
-1.21311e-35
-1.20371e-35
-1.20371e-35
-6.01853e-36
-6.39469e-36
-6.01853e-36
-4.5139e-36
-7.52316e-36
-5.07814e-36
-4.70198e-36
-6.01853e-36
-1.05324e-35
-1.16609e-35
-1.17549e-35
-1.20371e-35
-1.20371e-35
-1.20371e-35
-1.20371e-35
-4.89006e-36
-7.52316e-36
-1.20371e-35
-4.97234e-36
-6.01853e-36
-4.5139e-36
-5.64237e-36
-1.50463e-36
-3.76158e-36
-6.01853e-36
-2.63311e-36
-3.76158e-36
-4.5139e-36
-6.39469e-36
-6.01853e-36
-7.52316e-36
-6.01853e-36
-6.77085e-36
-6.01853e-36
-6.01853e-36
-3.00927e-36
1.29304e-36
7.52316e-36
2.63311e-36
4.5139e-36
7.52316e-36
7.71124e-36
4.5139e-36
5.26621e-36
6.01853e-36
4.5139e-36
6.01853e-36
7.03827e-36
6.77085e-36
6.77085e-36
8.83972e-36
9.40395e-36
1.05324e-35
1.12847e-35
1.20371e-35
1.20371e-35
1.24132e-35
1.20371e-35
1.20371e-35
1.38238e-35
1.20371e-35
1.27894e-35
1.50463e-35
1.50463e-35
1.35417e-35
1.4294e-35
1.50463e-35
1.20371e-35
7.52316e-36
9.40395e-36
9.0278e-36
1.20371e-35
6.77085e-36
1.05324e-35
1.20371e-35
1.20371e-35
1.23192e-35
1.29775e-35
1.13788e-35
1.20371e-35
1.20371e-35
1.05324e-35
1.12847e-35
1.35417e-35
9.78011e-36
1.05324e-35
1.20371e-35
1.23192e-35
1.21311e-35
1.20371e-35
1.41059e-35
1.35417e-35
1.35417e-35
1.6551e-35
1.35417e-35
1.80556e-35
1.50463e-35
2.3745e-35
1.50463e-35
1.95602e-35
1.91841e-35
1.80556e-35
1.95602e-35
2.10649e-35
2.40741e-35
2.63311e-35
1.95602e-35
2.55788e-35
2.34158e-35
2.40741e-35
2.10649e-35
2.3792e-35
2.70834e-35
2.70834e-35
2.48264e-35
2.25695e-35
2.09708e-35
1.99834e-35
2.03125e-35
2.04066e-35
1.91841e-35
2.18172e-35
1.57986e-35
1.6551e-35
1.54695e-35
1.7462e-35
1.80556e-35
1.6551e-35
2.07357e-35
2.03125e-35
2.05006e-35
2.0494e-35
2.05006e-35
2.03125e-35
2.03125e-35
2.03125e-35
2.10649e-35
2.10649e-35
2.1347e-35
2.07857e-35
2.09708e-35
2.10649e-35
2.10649e-35
1.96543e-35
2.10649e-35
2.10649e-35
2.25695e-35
1.80556e-35
2.40741e-35
1.76794e-35
1.61748e-35
1.80556e-35
1.80556e-35
1.69271e-35
1.09086e-35
9.0278e-36
9.0278e-36
1.20371e-35
9.21588e-36
1.05324e-35
8.88674e-36
1.10967e-35
1.09086e-35
9.0278e-36
7.52316e-36
7.89932e-36
9.12184e-36
1.07205e-35
1.08851e-35
9.68607e-36
9.40395e-36
7.89932e-36
8.27548e-36
8.0874e-36
9.0278e-36
9.0278e-36
8.27548e-36
8.27548e-36
8.65164e-36
8.27548e-36
9.0278e-36
1.05324e-35
1.50463e-35
1.50463e-35
1.74914e-35
1.6551e-35
1.57986e-35
1.4294e-35
1.88079e-35
1.61748e-35
1.6551e-35
9.0278e-36
1.05324e-35
9.0278e-36
9.0278e-36
1.41059e-35
9.78011e-36
9.0278e-36
7.66422e-36
9.0278e-36
1.35417e-35
6.01853e-36
1.50463e-36
2.25695e-36
2.25695e-36
2.25695e-36
1.50463e-36
1.50463e-36
7.52316e-37
1.50463e-36
-3.00927e-36
-2.44503e-36
-3.00927e-36
-1.23427e-36
-2.25695e-36
-7.52316e-37
-7.52316e-37
-1.50463e-36
0
0
1.50463e-36
3.76158e-36
7.52316e-37
3.76158e-36
2.25695e-36
1.88079e-36
-7.52316e-37
2.25695e-36
1.98337e-36
3.76158e-36
5.26621e-36
5.26621e-36
9.0278e-36
5.26621e-36
6.01853e-36
7.89932e-36
9.0278e-36
9.0278e-36
1.20371e-35
4.5139e-36
6.01853e-36
4.5139e-36
9.0278e-36
5.26621e-36
9.0278e-36
1.05324e-35
7.52316e-36
7.52316e-36
7.52316e-36
6.01853e-36
3.00927e-36
3.00927e-36
4.5139e-36
5.26621e-36
3.00927e-36
9.40395e-36
4.0437e-36
5.64237e-36
7.52316e-36
5.64237e-36
4.5139e-36
5.26621e-36
8.27548e-36
6.67681e-36
6.01853e-36
0
6.01853e-36
0
4.5139e-36
0
0
3.00927e-36
3.00927e-36
3.76158e-36
6.01853e-36
3.00927e-36
3.76158e-37
6.01853e-36
6.01853e-36
7.89932e-36
8.27548e-36
5.83045e-36
4.89006e-36
6.01853e-36
6.01853e-36
3.76158e-36
7.52316e-36
7.52316e-36
4.5139e-36
6.01853e-36
6.01853e-36
7.04984e-36
6.01853e-36
7.14701e-36
7.14701e-36
6.77085e-36
9.0278e-36
6.39469e-36
1.12847e-35
8.27548e-36
9.0278e-36
8.27548e-36
8.93376e-36
8.27548e-36
7.52316e-36
1.50463e-35
9.0278e-36
9.0278e-36
8.46356e-36
6.01853e-36
9.0278e-36
8.27548e-36
1.05324e-35
9.0278e-36
1.05324e-35
1.03444e-35
1.01563e-35
9.78011e-36
9.78011e-36
9.21588e-36
1.00035e-35
7.52316e-36
5.26621e-36
6.01853e-36
7.52316e-36
-1.50463e-36
-3.00927e-36
-9.40395e-37
-1.50463e-36
-4.5139e-36
7.52316e-37
0
0
1.50463e-36
-1.50463e-36
-3.00927e-36
-3.97905e-36
-3.00927e-36
0
-7.52316e-37
7.52316e-37
-1.50463e-36
-1.50463e-36
0
6.11257e-37
7.52316e-37
1.17549e-37
1.50463e-36
1.03444e-36
1.50463e-36
-7.52316e-37
-3.00927e-36
0
-1.50463e-36
-6.01853e-36
-3.00927e-36
-4.5139e-36
-6.01853e-36
-1.50463e-36
-3.00927e-36
-3.00927e-36
-6.01853e-36
-1.50463e-36
7.52316e-37
3.00927e-36
0
1.84318e-35
1.4294e-35
2.10649e-35
1.50463e-35
1.6551e-35
1.20371e-35
1.50463e-35
1.6551e-35
2.10649e-35
2.03125e-35
2.40741e-35
2.55788e-35
2.44503e-35
2.55788e-35
2.06887e-35
1.95602e-35
1.82437e-35
2.10649e-35
1.95602e-35
2.40741e-35
2.27576e-35
2.21933e-35
2.10649e-35
1.95602e-35
2.30867e-35
2.03125e-35
2.25695e-35
2.40741e-35
2.35099e-35
2.87761e-35
2.63311e-35
2.18172e-35
1.95602e-35
2.68013e-35
2.40741e-35
2.63311e-35
2.55788e-35
2.8588e-35
2.70599e-35
2.55788e-35
2.33218e-35
2.40741e-35
2.10649e-35
2.41682e-35
2.31337e-35
2.47383e-35
2.52026e-35
2.65192e-35
2.70834e-35
2.70834e-35
2.78357e-35
2.55788e-35
2.40741e-35
2.25695e-35
2.25695e-35
2.25695e-35
1.84318e-35
1.6551e-35
2.44503e-35
2.55788e-35
2.55788e-35
1.43881e-35
1.6551e-35
1.88079e-35
1.73033e-35
1.73033e-35
1.44821e-35
1.4294e-35
1.80556e-35
1.50463e-35
1.50463e-35
1.50463e-35
1.4294e-35
1.20371e-35
1.50463e-35
1.55165e-35
1.50463e-35
1.20371e-35
1.73033e-35
1.53284e-35
1.6551e-35
1.4294e-35
1.61748e-35
1.80556e-35
1.4294e-35
1.50463e-35
7.6172e-36
1.05324e-35
9.78011e-36
9.12184e-36
1.05324e-35
1.31655e-35
1.16609e-35
1.05324e-35
3.00927e-36
7.52316e-36
6.77085e-36
6.39469e-36
4.5139e-36
6.01853e-36
1.07205e-35
8.27548e-36
8.65164e-36
7.52316e-36
6.77085e-36
7.52316e-36
1.05324e-35
1.01563e-35
1.05324e-35
1.20371e-35
4.5139e-36
7.52316e-36
7.52316e-36
2.82119e-37
1.50463e-36
-4.5139e-36
-8.46356e-36
-8.46356e-36
-6.01853e-36
-7.52316e-36
-8.27548e-36
-6.53575e-36
-7.52316e-36
-9.0278e-36
-7.89932e-36
-1.05324e-35
-8.88086e-36
-1.05324e-35
-1.17079e-35
-1.20371e-35
-1.20371e-35
-9.40395e-36
-3.00927e-36
-4.5139e-36
-7.52316e-36
-6.01853e-36
-6.77085e-36
-6.91117e-36
-6.77085e-36
-4.5139e-36
-6.01853e-36
-6.01853e-36
-3.00927e-36
-4.70198e-36
-6.01853e-36
-4.5139e-36
-6.01853e-36
-3.84681e-36
-3.00927e-36
-6.01853e-36
-4.5139e-36
-7.52316e-36
-6.01853e-36
-3.00927e-36
-8.46356e-36
-9.0278e-36
-1.20371e-35
-1.33536e-35
-1.11202e-35
-1.20371e-35
-1.05324e-35
-1.12847e-35
-1.20371e-35
-1.33536e-35
-1.50463e-35
-1.80556e-35
-1.80556e-35
-1.95602e-35
-1.83069e-35
-1.80556e-35
-1.6551e-35
-1.35417e-35
-1.39179e-35
-1.37797e-35
-1.39179e-35
-1.35417e-35
-1.31655e-35
-1.05324e-35
-1.20371e-35
-1.10967e-35
-1.12847e-35
-9.78011e-36
-9.78011e-36
-1.20371e-35
-1.12847e-35
-1.20371e-35
-1.20371e-35
-1.25543e-35
-1.35417e-35
-1.29775e-35
-1.71152e-35
-1.50463e-35
-1.73033e-35
-1.20371e-35
-1.39649e-35
-1.20371e-35
-1.50463e-35
-1.80556e-35
-1.95602e-35
-2.10649e-35
-2.10649e-35
-1.6551e-35
-2.18407e-35
-1.80556e-35
-2.10649e-35
-2.25695e-35
-1.91606e-35
-1.91841e-35
-1.95602e-35
-1.45761e-35
-1.50463e-35
-1.4294e-35
-1.35417e-35
-1.35417e-35
-1.20371e-35
-1.20371e-35
-9.78011e-36
-9.14535e-36
-6.01853e-36
-4.5139e-36
0
4.70198e-38
-5.26621e-36
1.50463e-36
0
9.87415e-37
0
1.50463e-36
-7.52316e-37
-9.0278e-36
-1.00622e-35
-9.78011e-36
-7.52316e-36
-6.01853e-36
-6.77085e-36
-4.5139e-36
-9.0278e-36
-1.20371e-35
-1.41059e-35
-1.34477e-35
-1.50463e-35
-1.95602e-35
-1.86198e-35
-1.84082e-35
-2.03125e-35
-2.06652e-35
-2.10649e-35
-2.1441e-35
-2.10649e-35
-1.88079e-35
-1.80556e-35
-1.51404e-35
-1.37298e-35
-1.20371e-35
-1.52344e-35
-1.20371e-35
-1.27894e-35
-1.22016e-35
-1.12847e-35
-1.20371e-35
-1.199e-35
-1.35417e-35
-1.20371e-35
-1.57986e-35
-1.27894e-35
-8.5576e-36
-1.35417e-35
-6.77085e-36
1.50463e-36
1.50463e-36
7.52316e-36
1.50463e-36
0
-3.76158e-37
1.50463e-36
0
1.88079e-37
-2.35099e-38
)
;

boundaryField
{
    left
    {
        type            calculated;
        value           uniform 0;
    }
    right
    {
        type            calculated;
        value           uniform 0;
    }
    empty
    {
        type            empty;
        value           nonuniform List<scalar> 0();
    }
}


// ************************************************************************* //
