/*--------------------------------*- C++ -*----------------------------------*\
| =========                 |                                                 |
| \\      /  F ield         | OpenFOAM: The Open Source CFD Toolbox           |
|  \\    /   O peration     | Version:  2106                                  |
|   \\  /    A nd           | Website:  www.openfoam.com                      |
|    \\/     M anipulation  |                                                 |
\*---------------------------------------------------------------------------*/
FoamFile
{
    version     2.0;
    format      ascii;
    arch        "LSB;label=32;scalar=64";
    class       surfaceScalarField;
    location    "0.084";
    object      phi;
}
// * * * * * * * * * * * * * * * * * * * * * * * * * * * * * * * * * * * * * //

dimensions      [0 3 -1 0 0 0 0];

oriented        oriented;

internalField   nonuniform List<scalar> 
799
(
1.7471e-32
4.4934e-32
5.77553e-32
4.65458e-32
2.09375e-32
-4.62479e-32
-1.0618e-31
-1.526e-31
-1.63192e-31
-1.25972e-31
-7.07202e-32
-8.98839e-33
2.89398e-32
3.81354e-32
1.59977e-32
-2.3785e-32
-7.52346e-32
-1.28153e-31
-1.68692e-31
-1.9688e-31
-1.88925e-31
-1.53003e-31
-9.20008e-32
-2.13944e-32
1.90351e-32
2.79749e-32
-1.38509e-32
-8.46386e-32
-1.51101e-31
-2.03869e-31
-2.06893e-31
-1.79775e-31
-1.3363e-31
-7.87732e-32
-5.4079e-32
-4.31991e-32
-6.05986e-32
-9.87022e-32
-1.28789e-31
-1.65696e-31
-1.74876e-31
-1.62601e-31
-1.39338e-31
-9.28231e-32
-6.77742e-32
-5.7659e-32
-7.37451e-32
-1.22875e-31
-1.62994e-31
-1.99442e-31
-2.01526e-31
-1.67828e-31
-1.24785e-31
-7.06095e-32
-4.63121e-32
-5.25769e-32
-8.57761e-32
-1.44953e-31
-1.90437e-31
-2.15658e-31
-2.02557e-31
-1.49464e-31
-8.74131e-32
-3.25266e-32
-1.97528e-32
-6.05284e-32
-1.34349e-31
-2.17883e-31
-2.63318e-31
-2.45803e-31
-1.74416e-31
-7.26474e-32
3.8259e-33
2.04013e-32
-2.6623e-32
-1.20328e-31
-2.06752e-31
-2.5128e-31
-2.39656e-31
-1.80273e-31
-1.13884e-31
-6.4724e-32
-4.91958e-32
-6.40304e-32
-8.7972e-32
-1.13731e-31
-1.33115e-31
-1.51056e-31
-1.71158e-31
-1.83218e-31
-1.81046e-31
-1.49717e-31
-9.69507e-32
-4.33379e-32
-1.04707e-32
-2.91583e-32
-8.75516e-32
-1.69127e-31
-2.38287e-31
-2.5145e-31
-2.15971e-31
-1.29996e-31
-3.89659e-32
1.44723e-32
2.37085e-32
-3.40357e-32
-1.13098e-31
-1.86681e-31
-2.3041e-31
-2.13209e-31
-1.69172e-31
-1.06212e-31
-5.93698e-32
-5.05978e-32
-6.18519e-32
-9.22882e-32
-1.08952e-31
-1.0628e-31
-9.3369e-32
-7.93076e-32
-8.90602e-32
-1.19388e-31
-1.60757e-31
-1.91414e-31
-1.89832e-31
-1.55001e-31
-9.54772e-32
-3.58614e-32
2.10649e-33
7.61777e-33
-2.21809e-32
-7.44131e-32
-1.35234e-31
-1.9042e-31
-2.22153e-31
-2.24759e-31
-1.9092e-31
-1.26659e-31
-5.27971e-32
1.21002e-32
3.75043e-32
1.50543e-32
-4.80427e-32
-1.3213e-31
-1.96868e-31
-2.23265e-31
-1.99677e-31
-1.39338e-31
-7.65194e-32
-3.31245e-32
-3.22618e-32
-6.6756e-32
-1.13682e-31
-1.50704e-31
-1.51166e-31
-1.18207e-31
-6.73451e-32
-2.55622e-32
-2.26869e-32
-6.2668e-32
-1.33721e-31
-2.00501e-31
-2.27382e-31
-1.96421e-31
-1.16169e-31
-2.67536e-32
3.13874e-32
2.35227e-32
-4.29362e-32
-1.32853e-31
-2.0358e-31
-2.10439e-31
-1.64009e-31
-8.65064e-32
-2.37882e-32
-1.73364e-32
-5.32681e-32
-1.22113e-31
-1.71684e-31
-1.73821e-31
-1.37557e-31
-6.65732e-32
-1.71047e-32
-3.66246e-33
-3.27393e-32
-1.00117e-31
-1.56092e-31
-1.92562e-31
-1.84895e-31
-1.37857e-31
-8.25562e-32
-2.66762e-32
-3.72246e-33
-1.23474e-32
-4.40037e-32
-9.26748e-32
-1.30424e-31
-1.54819e-31
-1.58794e-31
-1.41403e-31
-1.15198e-31
-8.00472e-32
-4.66978e-32
-2.46316e-32
-1.78758e-32
-3.69041e-32
-7.6436e-32
-1.22634e-31
-1.59037e-31
-1.61932e-31
-1.27674e-31
-6.92969e-32
-1.17828e-32
9.58902e-33
-1.85312e-32
-8.59386e-32
-1.60777e-31
-1.97543e-31
-1.71011e-31
-8.78254e-32
1.5749e-32
8.32227e-32
7.41573e-32
-1.14612e-32
-1.39567e-31
-2.43233e-31
-2.6703e-31
-1.98783e-31
-6.12389e-32
7.41573e-32
1.441e-31
1.2066e-31
8.90536e-33
-1.25779e-31
-2.23805e-31
-2.43216e-31
-1.715e-31
-5.68541e-32
5.48619e-32
1.15109e-31
9.96436e-32
3.30718e-32
-5.55538e-32
-1.2112e-31
-1.34922e-31
-9.97236e-32
-3.25572e-32
3.22804e-32
6.5772e-32
5.85076e-32
2.47362e-32
-1.1375e-32
-1.93039e-32
1.1685e-32
6.27808e-32
1.11995e-31
1.23247e-31
8.90713e-32
3.40649e-32
-1.40104e-32
-1.15684e-32
4.91398e-32
1.42289e-31
2.35304e-31
2.81375e-31
2.6818e-31
2.18199e-31
1.59049e-31
1.32808e-31
1.53855e-31
2.04547e-31
2.72324e-31
3.26481e-31
3.60202e-31
3.87515e-31
4.05724e-31
4.33057e-31
4.6257e-31
4.8459e-31
5.09337e-31
5.29022e-31
5.601e-31
6.04337e-31
6.50402e-31
6.97384e-31
7.3201e-31
7.65256e-31
8.13561e-31
8.88769e-31
9.92651e-31
1.10156e-30
1.18439e-30
1.2168e-30
1.20642e-30
1.18518e-30
1.20478e-30
1.30024e-30
1.46518e-30
1.66612e-30
1.83694e-30
1.93944e-30
1.97116e-30
1.96442e-30
1.98677e-30
2.07271e-30
2.23411e-30
2.44038e-30
2.63595e-30
2.79478e-30
2.90313e-30
2.99201e-30
3.10072e-30
3.24729e-30
3.44073e-30
3.64919e-30
3.84755e-30
4.02373e-30
4.17734e-30
4.34235e-30
4.53648e-30
4.7711e-30
5.04018e-30
5.30891e-30
5.56342e-30
5.78934e-30
5.99844e-30
6.22594e-30
6.48647e-30
6.80249e-30
7.15806e-30
7.52129e-30
7.87247e-30
8.17941e-30
8.46003e-30
8.73928e-30
9.04775e-30
9.42783e-30
9.86744e-30
1.03537e-29
1.0843e-29
1.12827e-29
1.16582e-29
1.19723e-29
1.22282e-29
1.26447e-29
1.31711e-29
1.45249e-29
1.69428e-29
2.05541e-29
2.74274e-29
3.01081e-29
3.28939e-29
1.58219e-29
-2.69279e-29
-7.82981e-29
-1.83883e-28
-1.74512e-28
-1.13704e-28
1.74335e-28
8.1859e-28
1.18398e-27
1.8265e-27
1.06493e-27
-7.529e-28
-3.02815e-27
-7.5345e-27
-7.20484e-27
-5.92246e-27
1.75695e-27
1.6885e-26
2.26767e-26
3.30575e-26
1.66571e-26
-1.36023e-26
-4.09985e-26
-9.04868e-26
-7.13136e-26
-4.2186e-26
3.15791e-26
1.54634e-25
1.62744e-25
1.92007e-25
5.43202e-26
-1.45591e-25
-2.41553e-25
-4.15702e-25
-2.36515e-25
-3.16343e-26
2.19163e-25
5.89204e-25
4.55165e-25
3.83043e-25
-3.70749e-26
-5.43993e-25
-5.8004e-25
-7.54243e-25
-2.54569e-25
2.23637e-25
5.06857e-25
9.15302e-25
5.06868e-25
2.23653e-25
-2.54555e-25
-7.54238e-25
-5.80046e-25
-5.44005e-25
-3.7089e-26
3.83034e-25
4.55164e-25
5.89209e-25
2.19171e-25
-3.16285e-26
-2.36513e-25
-4.15704e-25
-2.41558e-25
-1.45596e-25
5.43165e-26
1.92005e-25
1.62744e-25
1.54634e-25
3.15794e-26
-4.21862e-26
-7.13143e-26
-9.04875e-26
-4.09995e-26
-1.36031e-26
1.66562e-26
3.30566e-26
2.26758e-26
1.68841e-26
1.75622e-27
-5.9231e-27
-7.20539e-27
-7.53499e-27
-3.02867e-27
-7.53433e-28
1.06434e-27
1.82588e-27
1.18336e-27
8.17978e-28
1.73797e-28
-1.14161e-28
-1.74867e-28
-1.84171e-28
-7.85849e-29
-2.72587e-29
1.53859e-29
3.23759e-29
2.9558e-29
2.69188e-29
2.01738e-29
1.66994e-29
1.44018e-29
1.30958e-29
1.2529e-29
1.20281e-29
1.16616e-29
1.12715e-29
1.08803e-29
1.04791e-29
1.00875e-29
9.71443e-30
9.37404e-30
9.05856e-30
8.74448e-30
8.41073e-30
8.04292e-30
7.65009e-30
7.26768e-30
6.92264e-30
6.6416e-30
6.41767e-30
6.22136e-30
6.02683e-30
5.7981e-30
5.53727e-30
5.25194e-30
4.9625e-30
4.70043e-30
4.47166e-30
4.28985e-30
4.14356e-30
4.01294e-30
3.88088e-30
3.72028e-30
3.52642e-30
3.30919e-30
3.09109e-30
2.90635e-30
2.77741e-30
2.69799e-30
2.64942e-30
2.58848e-30
2.48012e-30
2.32532e-30
2.13077e-30
1.94763e-30
1.8121e-30
1.73462e-30
1.71984e-30
1.71582e-30
1.69172e-30
1.62014e-30
1.48803e-30
1.33486e-30
1.18619e-30
1.08357e-30
1.04865e-30
1.06324e-30
1.10319e-30
1.11915e-30
1.07424e-30
9.63097e-31
8.05823e-31
6.5264e-31
5.58562e-31
5.48264e-31
6.13592e-31
7.07496e-31
7.64805e-31
7.46262e-31
6.42454e-31
4.91876e-31
3.52174e-31
2.7124e-31
2.69942e-31
3.25494e-31
4.00389e-31
4.4651e-31
4.44029e-31
3.9368e-31
3.13748e-31
2.40379e-31
1.85016e-31
1.67099e-31
1.7638e-31
1.97997e-31
2.23565e-31
2.23933e-31
2.09575e-31
1.73877e-31
1.33497e-31
1.14185e-31
1.06248e-31
1.2736e-31
1.45618e-31
1.44902e-31
1.2662e-31
7.49977e-32
3.35037e-32
1.11845e-32
1.99296e-32
6.66206e-32
1.07259e-31
1.34671e-31
1.26692e-31
8.44776e-32
4.16106e-32
2.70984e-33
-1.11842e-32
-8.12803e-33
-8.2326e-33
-7.10864e-33
-1.15059e-32
-6.32134e-34
3.88617e-32
9.02839e-32
1.39073e-31
1.4078e-31
7.68145e-32
-3.17041e-32
-1.5264e-31
-2.12104e-31
-1.76773e-31
-5.53143e-32
1.14251e-31
2.35458e-31
2.57946e-31
1.61857e-31
-2.20306e-32
-1.92461e-31
-2.86533e-31
-2.49741e-31
-9.68427e-32
8.61534e-32
2.31777e-31
2.57112e-31
1.58856e-31
-6.47895e-33
-1.75151e-31
-2.51466e-31
-2.18084e-31
-9.73828e-32
5.77241e-32
1.58173e-31
1.80556e-31
1.17557e-31
6.41575e-33
-8.82121e-32
-1.4647e-31
-1.42953e-31
-9.87498e-32
-4.33665e-32
1.39713e-32
4.6284e-32
6.36595e-32
6.2686e-32
4.19225e-32
1.41165e-32
-2.7203e-32
-6.31105e-32
-8.90494e-32
-9.8242e-32
-8.45792e-32
-5.83527e-32
-1.90441e-32
1.83249e-32
5.07215e-32
6.60428e-32
5.80939e-32
3.04748e-32
-1.98966e-32
-6.59014e-32
-1.02909e-31
-1.12614e-31
-8.87523e-32
-5.31301e-32
-1.79578e-33
3.36327e-32
5.12192e-32
5.34506e-32
2.7756e-32
2.06135e-34
-3.74187e-32
-7.08186e-32
-8.53112e-32
-8.85281e-32
-6.26947e-32
-2.56901e-32
1.34875e-32
4.50532e-32
4.82822e-32
3.24854e-32
-2.7279e-33
-4.14797e-32
-6.80412e-32
-7.91542e-32
-6.72531e-32
-4.11999e-32
-8.70943e-33
1.91149e-32
3.2488e-32
2.67618e-32
6.5933e-33
-1.81353e-32
-3.70877e-32
-3.7199e-32
-2.85184e-32
-1.46196e-32
-1.00931e-32
-2.29637e-32
-3.38979e-32
-4.06416e-32
-2.03637e-32
1.91651e-32
5.26576e-32
6.69426e-32
3.24986e-32
-2.87401e-32
-9.08302e-32
-1.20793e-31
-8.84619e-32
-1.74417e-32
6.75069e-32
1.16091e-31
1.02052e-31
3.79799e-32
-5.13366e-32
-1.09792e-31
-1.15012e-31
-6.44856e-32
1.59032e-32
7.57184e-32
9.37461e-32
5.6504e-32
-9.42953e-33
-6.4132e-32
-8.45598e-32
-5.23236e-32
7.0933e-33
6.27011e-32
8.74943e-32
6.04065e-32
2.51725e-33
-6.15427e-32
-1.00835e-31
-8.96505e-32
-4.00892e-32
3.14363e-32
9.41464e-32
1.16706e-31
9.90951e-32
4.31815e-32
-2.83601e-32
-8.43888e-32
-1.15331e-31
-1.0413e-31
-5.80638e-32
4.67889e-33
7.40422e-32
1.19396e-31
1.31679e-31
1.04507e-31
3.75707e-32
-4.04611e-32
-1.10756e-31
-1.4167e-31
-1.16121e-31
-4.46485e-32
5.41201e-32
1.35098e-31
1.65245e-31
1.31135e-31
4.26419e-32
-5.71505e-32
-1.25583e-31
-1.31419e-31
-7.11192e-32
2.31561e-32
1.07713e-31
1.43653e-31
1.13224e-31
3.74443e-32
-4.71386e-32
-9.97617e-32
-9.0864e-32
-3.36067e-32
4.88472e-32
1.14166e-31
1.26323e-31
9.21557e-32
1.82046e-32
-5.02392e-32
-7.87164e-32
-6.60308e-32
-3.68936e-33
6.13567e-32
1.04289e-31
1.12887e-31
7.05236e-32
1.94143e-32
-2.88408e-32
-5.11703e-32
-3.15296e-32
1.6408e-33
4.67903e-32
7.75984e-32
8.32393e-32
7.51699e-32
5.08269e-32
2.8881e-32
1.58618e-32
8.68925e-33
1.07905e-32
1.32998e-32
1.15586e-32
1.28007e-32
1.29827e-32
2.28607e-32
4.57627e-32
6.976e-32
9.90018e-32
1.07657e-31
9.37794e-32
5.87499e-32
7.80528e-34
-4.27722e-32
-6.84886e-32
-5.3529e-32
7.29747e-35
6.4334e-32
1.27752e-31
1.51426e-31
1.36356e-31
8.46642e-32
2.11363e-32
-2.77598e-32
-4.8158e-32
-2.67524e-32
4.07981e-33
5.29947e-32
7.35329e-32
7.43183e-32
6.74527e-32
2.27895e-32
1.35432e-32
-1.87831e-32
-2.48432e-32
-4.77589e-33
)
;

boundaryField
{
    left
    {
        type            calculated;
        value           uniform 0;
    }
    right
    {
        type            calculated;
        value           uniform 0;
    }
    empty
    {
        type            empty;
        value           nonuniform List<scalar> 0();
    }
}


// ************************************************************************* //
