/*--------------------------------*- C++ -*----------------------------------*\
| =========                 |                                                 |
| \\      /  F ield         | OpenFOAM: The Open Source CFD Toolbox           |
|  \\    /   O peration     | Version:  2106                                  |
|   \\  /    A nd           | Website:  www.openfoam.com                      |
|    \\/     M anipulation  |                                                 |
\*---------------------------------------------------------------------------*/
FoamFile
{
    version     2.0;
    format      ascii;
    arch        "LSB;label=32;scalar=64";
    class       surfaceScalarField;
    location    "0.046";
    object      phi;
}
// * * * * * * * * * * * * * * * * * * * * * * * * * * * * * * * * * * * * * //

dimensions      [0 3 -1 0 0 0 0];

oriented        oriented;

internalField   nonuniform List<scalar> 
799
(
1.87741e-32
4.75413e-32
6.16674e-32
5.17503e-32
2.7428e-32
-3.8475e-32
-9.7124e-32
-1.42272e-31
-1.51596e-31
-1.13112e-31
-5.66056e-32
6.36892e-33
4.55284e-32
5.5943e-32
3.50124e-32
-3.57745e-33
-5.38493e-32
-1.05603e-31
-1.44994e-31
-1.72053e-31
-1.62985e-31
-1.25959e-31
-6.38732e-32
7.79851e-33
4.92707e-32
5.92325e-32
1.84092e-32
-5.13983e-32
-1.16901e-31
-1.68725e-31
-1.70833e-31
-1.42817e-31
-9.57924e-32
-4.00827e-32
-1.45584e-32
-2.8708e-33
-1.94855e-32
-5.68264e-32
-8.61741e-32
-1.22363e-31
-1.30846e-31
-1.17901e-31
-9.39944e-32
-4.68603e-32
-2.121e-32
-1.05159e-32
-2.60433e-32
-7.46382e-32
-1.14244e-31
-1.50203e-31
-1.51819e-31
-1.17675e-31
-7.42076e-32
-1.96267e-32
5.05406e-33
-8.45416e-34
-3.37008e-32
-9.25567e-32
-1.37737e-31
-1.62673e-31
-1.49302e-31
-9.5964e-32
-3.36818e-32
2.14192e-32
3.43899e-32
-6.20435e-33
-7.98599e-32
-1.63248e-31
-2.08553e-31
-1.9092e-31
-1.19427e-31
-1.75666e-32
5.89842e-32
7.56259e-32
2.86617e-32
-6.50001e-32
-1.51393e-31
-1.95903e-31
-1.8427e-31
-1.24891e-31
-5.85174e-32
-9.38007e-33
6.1169e-33
-8.75772e-33
-3.2746e-32
-5.85573e-32
-7.80062e-32
-9.60181e-32
-1.16194e-31
-1.28336e-31
-1.26251e-31
-9.50161e-32
-4.23518e-32
1.11569e-32
4.39142e-32
2.51108e-32
-3.33949e-32
-1.15094e-31
-1.84378e-31
-1.97667e-31
-1.62315e-31
-7.64745e-32
1.44223e-32
6.77265e-32
7.68281e-32
1.89418e-32
-6.02621e-32
-1.33987e-31
-1.77848e-31
-1.6079e-31
-1.16896e-31
-5.40834e-32
-7.39076e-33
1.23681e-33
-1.01642e-32
-4.07455e-32
-5.75522e-32
-5.50224e-32
-4.2255e-32
-2.83349e-32
-3.82305e-32
-6.86991e-32
-1.10208e-31
-1.41003e-31
-1.39556e-31
-1.04859e-31
-4.54708e-32
1.40096e-32
5.18399e-32
5.72165e-32
2.72875e-32
-2.50762e-32
-8.60251e-32
-1.41341e-31
-1.73201e-31
-1.75932e-31
-1.42213e-31
-7.80722e-32
-4.33109e-33
6.04463e-32
8.57315e-32
6.3164e-32
-4.88065e-35
-8.42506e-32
-1.49102e-31
-1.75609e-31
-1.5213e-31
-9.1906e-32
-2.91999e-32
1.40834e-32
1.48368e-32
-1.97664e-32
-6.68024e-32
-1.03931e-31
-1.04499e-31
-7.16476e-32
-2.08952e-32
2.0779e-32
2.35445e-32
-1.65389e-32
-8.7696e-32
-1.54579e-31
-1.81563e-31
-1.50703e-31
-7.05569e-32
1.87465e-32
7.67792e-32
6.88038e-32
2.23588e-33
-8.77893e-32
-1.58624e-31
-1.65591e-31
-1.19274e-31
-4.1885e-32
2.07218e-32
2.70563e-32
-8.99357e-33
-7.79595e-32
-1.27655e-31
-1.29915e-31
-9.37755e-32
-2.29208e-32
2.64168e-32
3.97251e-32
1.05084e-32
-5.7009e-32
-1.1313e-31
-1.49749e-31
-1.42236e-31
-9.53576e-32
-4.02188e-32
1.54873e-32
3.82688e-32
2.94622e-32
-2.38259e-33
-5.12493e-32
-8.92052e-32
-1.13818e-31
-1.18019e-31
-1.00867e-31
-7.49127e-32
-4.00262e-32
-6.949e-33
1.48267e-32
2.12793e-32
1.93101e-33
-3.79442e-32
-8.45032e-32
-1.21296e-31
-1.24608e-31
-9.07926e-32
-3.28806e-32
2.41313e-32
4.49675e-32
1.62806e-32
-5.17383e-32
-1.27225e-31
-1.64687e-31
-1.38896e-31
-5.65065e-32
4.62208e-32
1.12786e-31
1.02751e-31
1.60999e-32
-1.13116e-31
-2.1797e-31
-2.4304e-31
-1.76159e-31
-4.00748e-32
9.37567e-32
1.62023e-31
1.36786e-31
2.31088e-32
-1.13631e-31
-2.13854e-31
-2.35616e-31
-1.66414e-31
-5.44594e-32
5.43804e-32
1.11556e-31
9.28091e-32
2.27358e-32
-6.96288e-32
-1.39184e-31
-1.57241e-31
-1.26579e-31
-6.42448e-32
-4.55753e-33
2.34482e-32
1.03444e-32
-2.96413e-32
-7.23608e-32
-8.73134e-32
-6.37904e-32
-2.06285e-32
2.0164e-32
2.24792e-32
-2.11785e-32
-8.62335e-32
-1.44963e-31
-1.53807e-31
-1.05047e-31
-2.45496e-32
5.50898e-32
8.70159e-32
5.88642e-32
-6.92667e-33
-8.27638e-32
-1.26618e-31
-1.24153e-31
-9.3048e-32
-4.59173e-32
-1.35056e-32
-2.68126e-33
5.44677e-34
-6.58371e-33
-5.89064e-33
-4.36945e-33
-1.17437e-32
-1.78455e-32
-3.05256e-32
-3.33878e-32
-2.47196e-32
-1.59094e-32
-7.93769e-33
-1.4127e-32
-2.35688e-32
-1.98864e-32
8.70806e-33
6.39138e-32
1.22026e-31
1.5187e-31
1.29036e-31
6.11115e-32
-2.00673e-32
-6.28379e-32
-3.22503e-32
6.52349e-32
1.96092e-31
2.94138e-31
3.21107e-31
2.74492e-31
1.8655e-31
1.24755e-31
1.23577e-31
1.94821e-31
3.07854e-31
4.07039e-31
4.66317e-31
4.71887e-31
4.54716e-31
4.54077e-31
4.87969e-31
5.65353e-31
6.54374e-31
7.29877e-31
7.79766e-31
8.03635e-31
8.35444e-31
8.92917e-31
9.87408e-31
1.11291e-30
1.2346e-30
1.33866e-30
1.41071e-30
1.46255e-30
1.52946e-30
1.62609e-30
1.77493e-30
1.96013e-30
2.14983e-30
2.32441e-30
2.45172e-30
2.54979e-30
2.64363e-30
2.76394e-30
2.9532e-30
3.19945e-30
3.48987e-30
3.78105e-30
4.02049e-30
4.19362e-30
4.3034e-30
4.35328e-30
4.56208e-30
4.87929e-30
6.02267e-30
8.22908e-30
1.16279e-29
1.82878e-29
2.07547e-29
2.33263e-29
6.03984e-30
-3.69245e-29
-8.85089e-29
-1.94308e-28
-1.85149e-28
-1.24554e-28
1.63274e-28
8.07318e-28
1.1725e-27
1.81481e-27
1.05304e-27
-7.64994e-28
-3.04044e-27
-7.54699e-27
-7.21753e-27
-5.93534e-27
1.74389e-27
1.68718e-26
2.26633e-26
3.30439e-26
1.66433e-26
-1.36162e-26
-4.10126e-26
-9.0501e-26
-7.1328e-26
-4.22005e-26
3.15643e-26
1.54619e-25
1.62729e-25
1.91992e-25
5.4305e-26
-1.45607e-25
-2.41569e-25
-4.15717e-25
-2.3653e-25
-3.165e-26
2.19147e-25
5.89189e-25
4.55149e-25
3.83027e-25
-3.7091e-26
-5.44009e-25
-5.80056e-25
-7.54259e-25
-2.54585e-25
2.23621e-25
5.06841e-25
9.15285e-25
5.06852e-25
2.23637e-25
-2.54571e-25
-7.54254e-25
-5.80062e-25
-5.44021e-25
-3.7105e-26
3.83018e-25
4.55148e-25
5.89193e-25
2.19155e-25
-3.16442e-26
-2.36528e-25
-4.15719e-25
-2.41574e-25
-1.45611e-25
5.43014e-26
1.9199e-25
1.62729e-25
1.54619e-25
3.15648e-26
-4.22007e-26
-7.13285e-26
-9.05016e-26
-4.10134e-26
-1.36169e-26
1.66425e-26
3.30431e-26
2.26625e-26
1.6871e-26
1.74332e-27
-5.93581e-27
-7.21791e-27
-7.54731e-27
-3.04079e-27
-7.65359e-28
1.05262e-27
1.81436e-27
1.17205e-27
8.06876e-28
1.62905e-28
-1.24842e-28
-1.85337e-28
-1.94429e-28
-8.86296e-29
-3.70904e-29
5.76714e-30
2.29699e-29
2.03644e-29
1.79371e-29
1.14033e-29
8.13905e-30
6.05058e-30
4.95245e-30
4.5921e-30
4.29605e-30
4.13268e-30
3.94386e-30
3.75186e-30
3.54777e-30
3.35093e-30
3.17035e-30
3.01988e-30
2.89172e-30
2.76225e-30
2.61032e-30
2.42147e-30
2.20462e-30
1.99516e-30
1.81998e-30
1.70563e-30
1.64519e-30
1.60911e-30
1.57151e-30
1.49639e-30
1.3858e-30
1.24734e-30
1.10135e-30
9.79332e-31
8.87205e-31
8.38604e-31
8.22119e-31
8.17894e-31
8.0883e-31
7.67858e-31
6.90259e-31
5.85963e-31
4.775e-31
3.99129e-31
3.73328e-31
3.93844e-31
4.42061e-31
4.74796e-31
4.57053e-31
3.89858e-31
2.79946e-31
1.78546e-31
1.21893e-31
1.20502e-31
1.79068e-31
2.45717e-31
2.89668e-31
2.83589e-31
2.14469e-31
1.21863e-31
3.13772e-32
-1.53619e-32
3.35232e-33
6.93937e-32
1.58682e-31
2.21917e-31
2.22287e-31
1.54487e-31
3.86871e-32
-7.48369e-32
-1.31002e-31
-1.05087e-31
-5.17406e-33
1.21736e-31
2.10531e-31
2.22009e-31
1.46809e-31
2.34802e-32
-9.0281e-32
-1.46523e-31
-1.24331e-31
-4.6454e-32
4.96634e-32
1.15942e-31
1.32599e-31
1.00412e-31
3.77023e-32
-1.9336e-32
-5.92197e-32
-6.24718e-32
-3.93033e-32
-4.54098e-33
3.34593e-32
4.55844e-32
4.23336e-32
1.71348e-32
-1.33241e-32
-2.32699e-32
-2.23656e-32
7.08832e-33
3.32063e-32
3.99029e-32
2.86098e-32
-1.64298e-32
-5.17259e-32
-6.82095e-32
-5.39712e-32
-2.11401e-33
4.33823e-32
7.53609e-32
7.16769e-32
3.34958e-32
-5.58369e-33
-4.09305e-32
-5.14867e-32
-4.53015e-32
-4.24675e-32
-3.85893e-32
-4.04024e-32
-2.71064e-32
1.46569e-32
6.8206e-32
1.18988e-31
1.2256e-31
6.03433e-32
-4.65383e-32
-1.65943e-31
-2.23977e-31
-1.87303e-31
-6.45913e-32
1.06149e-31
2.28457e-31
2.51974e-31
1.56846e-31
-2.61437e-32
-1.95736e-31
-2.89026e-31
-2.51508e-31
-9.7923e-32
8.57167e-32
2.31938e-31
2.57829e-31
1.60092e-31
-4.75765e-33
-1.72976e-31
-2.48868e-31
-2.15087e-31
-9.40204e-32
6.14293e-32
1.62196e-31
1.84877e-31
1.22158e-31
1.12757e-32
-8.31069e-32
-1.4113e-31
-1.37402e-31
-9.29983e-32
-3.743e-32
2.00765e-32
5.25463e-32
7.00655e-32
6.92191e-32
4.8579e-32
2.08873e-32
-2.03268e-32
-5.61398e-32
-8.19935e-32
-9.11059e-32
-7.73724e-32
-5.10808e-32
-1.17113e-32
2.57067e-32
5.81447e-32
7.35021e-32
6.55854e-32
3.79905e-32
-1.23589e-32
-5.83497e-32
-9.53482e-32
-1.05053e-31
-8.11907e-32
-4.55753e-32
5.7477e-33
4.11596e-32
5.87243e-32
6.09346e-32
3.52129e-32
7.62548e-33
-3.004e-32
-6.34881e-32
-7.80318e-32
-8.13013e-32
-5.55241e-32
-1.85796e-32
2.05322e-32
5.20302e-32
5.51817e-32
3.93104e-32
4.02038e-33
-3.48037e-32
-6.1446e-32
-7.26437e-32
-6.08271e-32
-3.48623e-32
-2.46219e-33
2.52718e-32
3.85427e-32
3.2716e-32
1.24433e-32
-1.23937e-32
-3.14574e-32
-3.16815e-32
-2.31223e-32
-9.34256e-33
-4.93632e-33
-1.79292e-32
-2.89837e-32
-3.58509e-32
-1.57023e-32
2.36899e-32
5.70451e-32
7.11857e-32
3.65972e-32
-2.4786e-32
-8.70204e-32
-1.17131e-31
-8.49493e-32
-1.40788e-32
7.07207e-32
1.19155e-31
1.04962e-31
4.07379e-32
-4.87366e-32
-1.07352e-31
-1.12734e-31
-6.23715e-32
1.78525e-32
7.74999e-32
9.53561e-32
5.794e-32
-8.16865e-33
-6.30486e-32
-8.36534e-32
-5.15969e-32
7.64339e-33
6.30757e-32
8.76936e-32
6.04306e-32
2.36303e-33
-6.18821e-32
-1.01361e-31
-9.0366e-32
-4.09917e-32
3.03454e-32
9.28659e-32
1.15241e-31
9.74415e-32
4.1342e-32
-3.03846e-32
-8.66037e-32
-1.17735e-31
-1.06724e-31
-6.08481e-32
1.70574e-33
7.08787e-32
1.16041e-31
1.28133e-31
1.00767e-31
3.36293e-32
-4.46063e-32
-1.15095e-31
-1.46199e-31
-1.20843e-31
-4.95626e-32
4.90104e-32
1.29799e-31
1.59759e-31
1.25464e-31
3.6785e-32
-6.31946e-32
-1.31809e-31
-1.37826e-31
-7.77094e-32
1.63857e-32
1.00765e-31
1.3653e-31
1.05929e-31
2.99843e-32
-5.47671e-32
-1.0755e-31
-9.88077e-32
-4.16979e-32
4.06115e-32
1.05793e-31
1.17816e-31
8.35207e-32
9.44533e-33
-5.91129e-32
-8.76938e-32
-7.51083e-32
-1.28616e-32
5.20857e-32
9.49393e-32
1.03466e-31
6.10358e-32
9.87641e-33
-3.84247e-32
-6.07954e-32
-4.11863e-32
-8.037e-33
3.71027e-32
6.79131e-32
7.3569e-32
6.55237e-32
4.12147e-32
1.93131e-32
6.34805e-33
-7.5683e-34
1.42075e-33
4.01565e-33
2.37431e-33
3.72961e-33
4.03618e-33
1.4052e-32
3.71012e-32
6.12581e-32
9.06707e-32
9.95072e-32
8.58224e-32
5.0998e-32
-6.75712e-33
-5.00832e-32
-7.55619e-32
-6.0354e-32
-6.494e-33
5.80303e-32
1.21721e-31
1.45677e-31
1.30897e-31
7.95063e-32
1.62899e-32
-3.22881e-32
-5.23672e-32
-3.06381e-32
5.27374e-34
4.97793e-32
7.06621e-32
7.17966e-32
6.528e-32
2.09743e-32
1.2089e-32
-1.98754e-32
-2.55726e-32
-5.14182e-33
)
;

boundaryField
{
    left
    {
        type            calculated;
        value           uniform 0;
    }
    right
    {
        type            calculated;
        value           uniform 0;
    }
    empty
    {
        type            empty;
        value           nonuniform List<scalar> 0();
    }
}


// ************************************************************************* //
