/*--------------------------------*- C++ -*----------------------------------*\
| =========                 |                                                 |
| \\      /  F ield         | OpenFOAM: The Open Source CFD Toolbox           |
|  \\    /   O peration     | Version:  2106                                  |
|   \\  /    A nd           | Website:  www.openfoam.com                      |
|    \\/     M anipulation  |                                                 |
\*---------------------------------------------------------------------------*/
FoamFile
{
    version     2.0;
    format      ascii;
    arch        "LSB;label=32;scalar=64";
    class       surfaceScalarField;
    location    "0.017";
    object      phi;
}
// * * * * * * * * * * * * * * * * * * * * * * * * * * * * * * * * * * * * * //

dimensions      [0 3 -1 0 0 0 0];

oriented        oriented;

internalField   nonuniform List<scalar> 
799
(
2.04465e-32
5.08803e-32
6.66718e-32
5.84113e-32
3.57382e-32
-2.85324e-32
-8.5564e-32
-1.29113e-31
-1.36865e-31
-9.68397e-32
-3.88094e-32
2.56585e-32
6.62792e-32
7.81177e-32
5.85788e-32
2.13431e-32
-2.761e-32
-7.80844e-32
-1.16232e-31
-1.42088e-31
-1.31863e-31
-9.37273e-32
-3.05711e-32
4.21282e-32
8.45874e-32
9.54911e-32
5.55695e-32
-1.33792e-32
-7.80671e-32
-1.29126e-31
-1.30509e-31
-1.01809e-31
-5.41382e-32
2.17833e-33
2.82694e-32
4.04862e-32
2.43641e-32
-1.25204e-32
-4.14459e-32
-7.7243e-32
-8.53708e-32
-7.21026e-32
-4.78977e-32
-4.91263e-34
2.53987e-32
3.63075e-32
2.09667e-32
-2.74637e-32
-6.69276e-32
-1.02766e-31
-1.04281e-31
-7.00556e-32
-2.65249e-32
2.81015e-32
5.28113e-32
4.69242e-32
1.40653e-32
-4.48042e-32
-9.00154e-32
-1.14992e-31
-1.01676e-31
-4.83965e-32
1.38139e-32
6.88322e-32
8.17136e-32
4.10185e-32
-3.27483e-32
-1.16254e-31
-1.61682e-31
-1.44177e-31
-7.28193e-32
2.89025e-32
1.05307e-31
1.21796e-31
7.46719e-32
-1.9154e-32
-1.05712e-31
-1.50394e-31
-1.38933e-31
-7.97275e-32
-1.35378e-32
3.54153e-32
5.0724e-32
3.5659e-32
1.14794e-32
-1.45287e-32
-3.41702e-32
-5.238e-32
-7.2758e-32
-8.51005e-32
-8.3215e-32
-5.21792e-32
2.81084e-34
5.3583e-32
8.61327e-32
6.71262e-32
8.41598e-33
-7.34822e-32
-1.42966e-31
-1.56453e-31
-1.21307e-31
-3.56658e-32
5.50297e-32
1.08133e-31
1.17037e-31
5.89651e-32
-2.04195e-32
-9.43228e-32
-1.38371e-31
-1.21493e-31
-7.7779e-32
-1.51338e-32
3.13896e-32
3.98577e-32
2.82997e-32
-2.43751e-33
-1.93947e-32
-1.70117e-32
-4.38384e-33
9.39935e-33
-6.25739e-34
-3.12198e-32
-7.28475e-32
-1.03758e-31
-1.02422e-31
-6.78319e-32
-8.54255e-33
5.0843e-32
8.8586e-32
9.38795e-32
6.38705e-32
1.14352e-32
-4.95844e-32
-1.04962e-31
-1.36884e-31
-1.39675e-31
-1.06011e-31
-4.19197e-32
3.17764e-32
9.65121e-32
1.21758e-31
9.91551e-32
3.59098e-32
-4.83237e-32
-1.13204e-31
-1.39744e-31
-1.1629e-31
-5.60927e-32
6.58874e-33
4.9847e-32
5.05773e-32
1.59476e-32
-3.11162e-32
-6.82742e-32
-6.88685e-32
-3.60405e-32
1.46886e-32
5.63365e-32
5.90719e-32
1.89508e-32
-5.22425e-32
-1.19166e-31
-1.46193e-31
-1.15383e-31
-3.52897e-32
5.39645e-32
1.11944e-31
1.03914e-31
3.72878e-32
-5.28036e-32
-1.23706e-31
-1.30744e-31
-8.45024e-32
-7.19177e-33
5.53314e-32
6.15786e-32
2.544e-32
-4.36193e-32
-9.34132e-32
-9.57729e-32
-5.97377e-32
1.10124e-32
6.0241e-32
7.34385e-32
4.41128e-32
-2.35159e-32
-7.97501e-32
-1.16481e-31
-1.09083e-31
-6.23249e-32
-7.29747e-33
4.82906e-32
7.0951e-32
6.20202e-32
3.00543e-32
-1.89351e-32
-5.70085e-32
-8.17399e-32
-8.60578e-32
-6.90216e-32
-4.31807e-32
-8.40488e-33
2.45592e-32
4.62253e-32
5.25659e-32
3.31088e-32
-6.87015e-33
-5.35303e-32
-9.04186e-32
-9.38229e-32
-6.0098e-32
-2.283e-33
5.46392e-32
7.53881e-32
4.66194e-32
-2.14741e-32
-9.7036e-32
-1.34568e-31
-1.08842e-31
-2.65146e-32
7.61502e-32
1.42654e-31
1.32564e-31
4.58533e-32
-8.34116e-32
-1.88314e-31
-2.13429e-31
-1.46587e-31
-1.054e-32
1.23258e-31
1.91492e-31
1.66227e-31
5.25222e-32
-8.42425e-32
-1.8449e-31
-2.06273e-31
-1.37094e-31
-2.51605e-32
8.36621e-32
1.4082e-31
1.22058e-31
5.19678e-32
-4.04184e-32
-1.09999e-31
-1.28083e-31
-9.74552e-32
-3.51603e-32
2.44819e-32
5.2438e-32
3.92709e-32
-7.82409e-34
-4.35922e-32
-5.86483e-32
-3.52415e-32
7.78497e-33
4.84183e-32
5.05496e-32
6.67756e-33
-5.86295e-32
-1.17646e-31
-1.26825e-31
-7.8447e-32
1.61297e-33
8.0757e-32
1.12119e-31
8.33356e-32
1.68357e-32
-5.98031e-32
-1.04563e-31
-1.03112e-31
-7.31477e-32
-2.72905e-32
3.70079e-33
1.29421e-32
1.44006e-32
5.31248e-33
3.82703e-33
2.93479e-33
-7.10939e-33
-1.61606e-32
-3.20949e-32
-3.85412e-32
-3.38226e-32
-2.9356e-32
-2.61498e-32
-3.75703e-32
-5.27394e-32
-5.53257e-32
-3.35887e-32
1.41291e-32
6.40703e-32
8.50087e-32
5.24771e-32
-2.6001e-32
-1.18651e-31
-1.7388e-31
-1.5681e-31
-7.39798e-32
4.10056e-32
1.21875e-31
1.30271e-31
6.35978e-32
-4.59996e-32
-1.3115e-31
-1.57489e-31
-1.13337e-31
-2.94517e-32
3.84042e-32
6.40298e-32
3.34916e-32
-2.23985e-32
-6.45126e-32
-7.50225e-32
-4.51239e-32
-6.84805e-33
1.44819e-32
6.57722e-33
-3.11423e-32
-6.49219e-32
-7.72178e-32
-5.68951e-32
-1.01407e-32
2.80031e-32
4.35152e-32
2.18016e-32
-2.55199e-32
-6.34184e-32
-7.74073e-32
-4.52194e-32
1.7125e-32
7.75345e-32
1.16254e-31
1.00924e-31
4.9462e-32
-1.33216e-32
-5.68104e-32
-3.86946e-32
2.90319e-32
1.33414e-31
2.31046e-31
2.69332e-31
2.33784e-31
1.27305e-31
-4.65315e-32
-6.88983e-32
9.90801e-33
9.07707e-31
2.86162e-30
6.00113e-30
1.23954e-29
1.45904e-29
1.68843e-29
-6.85341e-31
-4.39379e-29
-9.58152e-29
-2.01911e-28
-1.93053e-28
-1.32761e-28
1.5476e-28
7.98496e-28
1.16337e-27
1.80537e-27
1.04329e-27
-7.75056e-28
-3.05081e-27
-7.55767e-27
-7.22851e-27
-5.94662e-27
1.73231e-27
1.68599e-26
2.26511e-26
3.30315e-26
1.66306e-26
-1.36292e-26
-4.10259e-26
-9.05145e-26
-7.13418e-26
-4.22145e-26
3.15501e-26
1.54604e-25
1.62715e-25
1.91977e-25
5.42899e-26
-1.45622e-25
-2.41584e-25
-4.15733e-25
-2.36546e-25
-3.16658e-26
2.19131e-25
5.89173e-25
4.55133e-25
3.83011e-25
-3.71073e-26
-5.44025e-25
-5.80073e-25
-7.54275e-25
-2.54601e-25
2.23605e-25
5.06825e-25
9.15269e-25
5.06835e-25
2.2362e-25
-2.54588e-25
-7.5427e-25
-5.80078e-25
-5.44037e-25
-3.71211e-26
3.83002e-25
4.55132e-25
5.89177e-25
2.19139e-25
-3.16597e-26
-2.36544e-25
-4.15735e-25
-2.41589e-25
-1.45626e-25
5.42867e-26
1.91975e-25
1.62715e-25
1.54605e-25
3.15509e-26
-4.22144e-26
-7.1342e-26
-9.05148e-26
-4.10264e-26
-1.36295e-26
1.66301e-26
3.3031e-26
2.26507e-26
1.68595e-26
1.73205e-27
-5.94679e-27
-7.22859e-27
-7.5577e-27
-3.05088e-27
-7.75136e-28
1.04315e-27
1.80519e-27
1.16318e-27
7.98312e-28
1.54641e-28
-1.32808e-28
-1.93007e-28
-2.01807e-28
-9.57189e-29
-4.38954e-29
-7.58277e-31
1.6719e-29
1.43825e-29
1.22184e-29
5.94164e-30
2.92813e-30
1.08371e-30
2.22859e-31
9.2752e-32
1.98551e-32
7.23661e-32
9.21496e-32
1.01381e-31
9.11943e-32
8.08695e-32
7.95078e-32
1.00979e-31
1.37601e-31
1.65808e-31
1.64616e-31
1.19639e-31
4.00022e-32
-3.87879e-32
-8.96406e-32
-8.58624e-32
-3.41571e-32
3.60911e-32
9.92208e-32
1.19392e-31
9.89071e-32
4.55131e-32
-2.01942e-32
-6.65559e-32
-8.74237e-32
-6.89979e-32
-2.24627e-32
3.24984e-32
7.89752e-32
9.00824e-32
6.12747e-32
2.64063e-33
-6.31178e-32
-1.01578e-31
-9.01125e-32
-3.48292e-32
4.58098e-32
1.08746e-31
1.19122e-31
7.80859e-32
-7.51188e-33
-8.63298e-32
-1.2202e-31
-1.03966e-31
-2.7378e-32
5.59573e-32
1.15353e-31
1.23559e-31
6.76425e-32
-1.27683e-32
-9.20015e-32
-1.28364e-31
-1.00082e-31
-2.52312e-32
7.21652e-32
1.4286e-31
1.50089e-31
8.85898e-32
-2.1426e-32
-1.2964e-31
-1.80938e-31
-1.50563e-31
-4.65646e-32
8.40853e-32
1.76304e-31
1.90914e-31
1.18581e-31
-2.12605e-33
-1.13491e-31
-1.67542e-31
-1.4336e-31
-6.3661e-32
3.41191e-32
1.01919e-31
1.19964e-31
8.90442e-32
2.74942e-32
-2.84842e-32
-6.74049e-32
-6.97747e-32
-4.58003e-32
-1.03015e-32
2.83796e-32
4.11382e-32
3.84712e-32
1.3814e-32
-1.61419e-32
-2.56235e-32
-2.42915e-32
5.55962e-33
3.20604e-32
3.91107e-32
2.81427e-32
-1.65893e-32
-5.15972e-32
-6.78136e-32
-5.33227e-32
-1.22928e-33
4.44922e-32
7.6685e-32
7.32072e-32
3.52238e-32
-3.66529e-33
-3.88286e-32
-4.92069e-32
-4.28504e-32
-3.98494e-32
-3.58073e-32
-3.74639e-32
-2.40167e-32
1.78934e-32
7.15844e-32
1.22503e-31
1.26209e-31
6.41214e-32
-4.26323e-32
-1.61912e-31
-2.19825e-31
-1.83036e-31
-6.0209e-32
1.10642e-31
2.33059e-31
2.56682e-31
1.61653e-31
-2.12398e-32
-1.90733e-31
-2.8393e-31
-2.46318e-31
-9.26387e-32
9.10852e-32
2.37393e-31
2.63369e-31
1.65718e-31
9.50552e-34
-1.67188e-31
-2.42997e-31
-2.09141e-31
-8.79969e-32
6.75268e-32
1.68368e-31
1.91118e-31
1.28469e-31
1.76554e-32
-7.6661e-32
-1.34624e-31
-1.30832e-31
-8.63697e-32
-3.07442e-32
2.68221e-32
5.93502e-32
7.69244e-32
7.61314e-32
5.55461e-32
2.79019e-32
-1.32679e-32
-4.90367e-32
-7.48442e-32
-8.39141e-32
-7.01377e-32
-4.38059e-32
-4.4018e-33
3.30493e-32
6.55192e-32
8.09045e-32
7.30123e-32
4.54369e-32
-4.89476e-33
-5.08724e-32
-8.786e-32
-9.75544e-32
-7.36916e-32
-3.8083e-32
1.32287e-32
4.86262e-32
6.61722e-32
6.83555e-32
4.26052e-32
1.49801e-32
-2.27215e-32
-5.62074e-32
-7.07945e-32
-7.41152e-32
-4.83931e-32
-1.15072e-32
2.75408e-32
5.89681e-32
6.20473e-32
4.60921e-32
1.07092e-32
-2.82089e-32
-5.49545e-32
-6.6258e-32
-5.45492e-32
-2.86964e-32
3.58761e-33
3.1194e-32
4.43445e-32
3.83871e-32
1.79804e-32
-6.98751e-33
-2.61806e-32
-2.65402e-32
-1.8122e-32
-4.48802e-33
-2.27388e-34
-1.33702e-32
-2.45722e-32
-3.15868e-32
-1.15857e-32
2.76651e-32
6.08789e-32
7.48796e-32
4.01481e-32
-2.13759e-32
-8.37524e-32
-1.14003e-31
-8.19604e-32
-1.12306e-32
7.34291e-32
1.21723e-31
1.07389e-31
4.3025e-32
-4.65819e-32
-1.05329e-31
-1.10839e-31
-6.06021e-32
1.95e-32
7.90256e-32
9.67674e-32
5.92388e-32
-6.97999e-33
-6.19698e-32
-8.2685e-32
-5.07362e-32
8.39451e-33
6.37182e-32
8.82292e-32
6.08586e-32
2.68803e-33
-6.16534e-32
-1.01226e-31
-9.03224e-32
-4.10383e-32
3.02085e-32
9.26387e-32
1.14918e-31
9.70277e-32
4.0829e-32
-3.09947e-32
-8.73093e-32
-1.18543e-31
-1.07635e-31
-6.18667e-32
5.76651e-34
6.96352e-32
1.1468e-31
1.2665e-31
9.91583e-32
3.18945e-32
-4.64751e-32
-1.17112e-31
-1.48378e-31
-1.23182e-31
-5.20693e-32
4.63276e-32
1.26935e-31
1.56704e-31
1.22212e-31
3.33315e-32
-6.68553e-32
-1.35688e-31
-1.41931e-31
-8.20433e-32
1.18135e-32
9.59482e-32
1.31463e-31
1.00604e-31
2.43931e-32
-6.06277e-32
-1.1369e-31
-1.05234e-31
-4.84198e-32
3.35939e-32
9.84723e-32
1.1019e-31
7.55867e-32
1.19844e-33
-6.76761e-32
-9.65771e-32
-8.43121e-32
-2.23859e-32
4.22466e-32
8.478e-32
9.29878e-32
5.02446e-32
-1.23229e-33
-4.98455e-32
-7.25135e-32
-5.31993e-32
-2.03389e-32
2.45255e-32
5.50696e-32
6.04674e-32
5.21807e-32
2.76484e-32
5.53846e-33
-7.61344e-33
-1.48914e-32
-1.28622e-32
-1.03927e-32
-1.21386e-32
-1.08635e-32
-1.06099e-32
-6.18686e-34
2.24378e-32
4.66293e-32
7.61103e-32
8.50459e-32
7.14928e-32
3.68342e-32
-2.07201e-32
-6.3813e-32
-8.90205e-32
-7.35081e-32
-1.93067e-32
4.55983e-32
1.09704e-31
1.34109e-31
1.19811e-31
6.89355e-32
6.25852e-33
-4.17457e-32
-6.12182e-32
-3.88474e-32
-7.01986e-33
4.29212e-32
6.45096e-32
6.63694e-32
6.06006e-32
1.70502e-32
8.933e-33
-2.22528e-32
-2.71603e-32
-5.93507e-33
)
;

boundaryField
{
    left
    {
        type            calculated;
        value           uniform 0;
    }
    right
    {
        type            calculated;
        value           uniform 0;
    }
    empty
    {
        type            empty;
        value           nonuniform List<scalar> 0();
    }
}


// ************************************************************************* //
