/*--------------------------------*- C++ -*----------------------------------*\
| =========                 |                                                 |
| \\      /  F ield         | OpenFOAM: The Open Source CFD Toolbox           |
|  \\    /   O peration     | Version:  2106                                  |
|   \\  /    A nd           | Website:  www.openfoam.com                      |
|    \\/     M anipulation  |                                                 |
\*---------------------------------------------------------------------------*/
FoamFile
{
    version     2.0;
    format      ascii;
    arch        "LSB;label=32;scalar=64";
    class       surfaceScalarField;
    location    "0.006";
    object      phi;
}
// * * * * * * * * * * * * * * * * * * * * * * * * * * * * * * * * * * * * * //

dimensions      [0 3 -1 0 0 0 0];

oriented        oriented;

internalField   nonuniform List<scalar> 
799
(
2.18555e-32
5.36633e-32
7.08396e-32
6.39055e-32
4.25608e-32
-2.04525e-32
-7.62458e-32
-1.1864e-31
-1.25266e-31
-8.41947e-32
-2.51734e-32
4.02094e-32
8.16828e-32
9.43057e-32
7.54776e-32
3.88914e-32
-9.49122e-33
-5.9445e-32
-9.71468e-32
-1.22603e-31
-1.12047e-31
-7.36181e-32
-1.02345e-32
6.26665e-32
1.0527e-31
1.16301e-31
7.64549e-32
7.5683e-33
-5.70961e-32
-1.08135e-31
-1.09536e-31
-8.08529e-32
-3.32253e-32
2.30472e-32
4.90758e-32
6.12294e-32
4.50316e-32
8.07292e-33
-2.09347e-32
-5.68174e-32
-6.50342e-32
-5.18502e-32
-2.77372e-32
1.95768e-32
4.53742e-32
5.61928e-32
4.07628e-32
-7.75732e-33
-4.73102e-32
-8.32363e-32
-8.48385e-32
-5.06987e-32
-7.25318e-33
4.72891e-32
7.19162e-32
6.59476e-32
3.30101e-32
-2.59376e-32
-7.12256e-32
-9.6277e-32
-8.30302e-32
-2.98233e-32
3.23179e-32
8.72685e-32
1.00082e-31
5.93232e-32
-1.45032e-32
-9.80674e-32
-1.43552e-31
-1.26103e-31
-5.48034e-32
4.68543e-32
1.23199e-31
1.3963e-31
9.24507e-32
-1.43062e-33
-8.80481e-32
-1.3279e-31
-1.21388e-31
-6.22482e-32
3.8797e-33
5.27656e-32
6.80047e-32
5.28675e-32
2.86106e-32
2.52327e-33
-1.7204e-32
-3.55018e-32
-5.59708e-32
-6.84096e-32
-6.66237e-32
-3.56929e-32
1.66671e-32
6.98646e-32
1.02308e-31
8.31896e-32
2.43621e-32
-5.76567e-32
-1.27263e-31
-1.40877e-31
-1.05848e-31
-2.03246e-32
7.02487e-32
1.2323e-31
1.32011e-31
7.38212e-32
-5.6837e-33
-7.97121e-32
-1.23884e-31
-1.07124e-31
-6.35196e-32
-9.89108e-34
4.54279e-32
5.37936e-32
4.21434e-32
1.13163e-32
-5.72814e-33
-3.42614e-33
9.12325e-33
2.28339e-32
1.27409e-32
-1.79166e-32
-5.96023e-32
-9.05676e-32
-8.92819e-32
-5.4731e-32
4.52293e-33
6.38792e-32
1.01598e-31
1.06873e-31
7.68477e-32
2.44021e-32
-3.66228e-32
-9.20023e-32
-1.23917e-31
-1.26693e-31
-9.30085e-32
-2.88947e-32
4.48285e-32
1.09595e-31
1.34877e-31
1.12311e-31
4.91068e-32
-3.50818e-32
-9.99151e-32
-1.26402e-31
-1.02896e-31
-4.26383e-32
2.00961e-32
6.34127e-32
6.42008e-32
2.96307e-32
-1.73759e-32
-5.44767e-32
-5.50161e-32
-2.21422e-32
2.86313e-32
7.03205e-32
7.30951e-32
3.30116e-32
-3.81496e-32
-1.05048e-31
-1.32054e-31
-1.01227e-31
-2.11232e-32
6.81321e-32
1.26106e-31
1.18061e-31
5.14133e-32
-3.87037e-32
-1.09638e-31
-1.16717e-31
-7.05176e-32
6.74237e-33
6.92041e-32
7.53851e-32
3.91716e-32
-2.99618e-32
-7.98341e-32
-8.22748e-32
-4.6325e-32
2.43386e-32
7.34757e-32
8.65854e-32
5.71655e-32
-1.0558e-32
-6.689e-32
-1.03722e-31
-9.64229e-32
-4.97582e-32
5.17293e-33
6.0672e-32
8.32438e-32
7.42269e-32
4.21794e-32
-6.89197e-33
-4.50448e-32
-6.98526e-32
-7.42457e-32
-5.72791e-32
-3.15093e-32
3.20111e-33
3.61076e-32
5.77162e-32
6.40041e-32
4.44956e-32
4.46782e-33
-4.22396e-32
-7.91753e-32
-8.26224e-32
-4.89337e-32
8.85006e-33
6.57434e-32
8.64667e-32
5.76724e-32
-1.04452e-32
-8.60304e-32
-1.23585e-31
-9.78809e-32
-1.55729e-32
8.70746e-32
1.5357e-31
1.43464e-31
5.67416e-32
-7.25357e-32
-1.77447e-31
-2.02572e-31
-1.35742e-31
2.94156e-34
1.34081e-31
2.02305e-31
1.77031e-31
6.33172e-32
-7.34581e-32
-1.73717e-31
-1.95515e-31
-1.26345e-31
-1.44196e-32
9.43946e-32
1.51543e-31
1.32771e-31
6.2671e-32
-2.97211e-32
-9.93074e-32
-1.17396e-31
-8.67729e-32
-2.44834e-32
3.51557e-32
6.31118e-32
4.99508e-32
9.90199e-33
-3.28943e-32
-4.79377e-32
-2.45165e-32
1.85311e-32
5.91881e-32
6.13439e-32
1.74989e-32
-4.77751e-32
-1.06751e-31
-1.15883e-31
-6.74527e-32
1.2666e-32
9.1869e-32
1.23296e-31
9.45812e-32
2.81662e-32
-4.8392e-32
-9.30585e-32
-9.15125e-32
-6.14447e-32
-1.54779e-32
1.56277e-32
2.49912e-32
2.6576e-32
1.76179e-32
1.62734e-32
1.55248e-32
5.62883e-33
-3.27314e-33
-1.90531e-32
-2.53425e-32
-2.04615e-32
-1.58288e-32
-1.24576e-32
-2.37061e-32
-3.87066e-32
-4.1122e-32
-1.92081e-32
2.86854e-32
7.88046e-32
9.99197e-32
6.7564e-32
-1.07392e-32
-1.03213e-31
-1.58266e-31
-1.4102e-31
-5.80126e-32
5.71485e-32
1.38191e-31
1.46762e-31
8.02511e-32
-2.91839e-32
-1.14178e-31
-1.40369e-31
-9.60757e-32
-1.20611e-32
5.59152e-32
8.16483e-32
5.11916e-32
-4.63991e-33
-4.67339e-32
-5.72603e-32
-2.74332e-32
1.07053e-32
3.1819e-32
2.35945e-32
-1.45603e-32
-4.89337e-32
-6.19849e-32
-4.26467e-32
2.8888e-33
3.9492e-32
5.3133e-32
2.91169e-32
-2.09808e-32
-6.22087e-32
-8.02135e-32
-5.27294e-32
3.90828e-33
5.77884e-32
8.85251e-32
6.42018e-32
1.70362e-33
-7.33888e-32
-1.31955e-31
-1.30605e-31
-8.32227e-32
-1.4941e-33
6.90892e-32
7.7062e-32
6.13288e-33
-1.40337e-31
-3.59635e-31
-4.33901e-31
-4.12549e-31
4.18979e-31
2.30126e-30
5.35742e-30
1.16633e-29
1.37547e-29
1.594e-29
-1.75676e-30
-4.51422e-29
-9.71738e-29
-2.03431e-28
-1.94759e-28
-1.34662e-28
1.52642e-28
7.96145e-28
1.16077e-27
1.8025e-27
1.04014e-27
-7.78516e-28
-3.05458e-27
-7.56177e-27
-7.23294e-27
-5.95141e-27
1.72719e-27
1.68544e-26
2.26453e-26
3.30253e-26
1.66241e-26
-1.3636e-26
-4.1033e-26
-9.05219e-26
-7.13494e-26
-4.22224e-26
3.1542e-26
1.54596e-25
1.62706e-25
1.91968e-25
5.42815e-26
-1.4563e-25
-2.41593e-25
-4.15741e-25
-2.36554e-25
-3.16738e-26
2.19123e-25
5.89165e-25
4.55126e-25
3.83004e-25
-3.71143e-26
-5.44032e-25
-5.80079e-25
-7.54282e-25
-2.54608e-25
2.23598e-25
5.06818e-25
9.15263e-25
5.06829e-25
2.23614e-25
-2.54594e-25
-7.54277e-25
-5.80085e-25
-5.44044e-25
-3.71279e-26
3.82995e-25
4.55125e-25
5.8917e-25
2.19132e-25
-3.16674e-26
-2.36552e-25
-4.15742e-25
-2.41597e-25
-1.45634e-25
5.42786e-26
1.91967e-25
1.62707e-25
1.54597e-25
3.15431e-26
-4.22219e-26
-7.13493e-26
-9.05219e-26
-4.10332e-26
-1.36361e-26
1.66239e-26
3.30251e-26
2.26451e-26
1.68542e-26
1.72712e-27
-5.95139e-27
-7.23285e-27
-7.56164e-27
-3.0545e-27
-7.78467e-28
1.04011e-27
1.80243e-27
1.16067e-27
7.96047e-28
1.526e-28
-1.34641e-28
-1.94653e-28
-2.03275e-28
-9.70325e-29
-4.50611e-29
-1.79698e-30
1.5802e-29
1.35692e-29
1.15042e-29
5.31174e-30
2.37788e-30
6.01752e-31
-1.95869e-31
-2.71245e-31
-2.94691e-31
-1.98915e-31
-1.41102e-31
-9.82465e-32
-7.96763e-32
-6.43306e-32
-4.42452e-32
-3.50579e-33
4.8935e-32
9.13914e-32
1.01788e-31
6.72176e-32
-3.96922e-33
-7.52467e-32
-1.19967e-31
-1.10833e-31
-5.47249e-32
1.9292e-32
8.55466e-32
1.08323e-31
9.00027e-32
3.83672e-32
-2.58853e-32
-7.10909e-32
-9.10198e-32
-7.18628e-32
-2.47482e-32
3.06471e-32
7.74517e-32
8.87944e-32
6.01552e-32
1.63704e-33
-6.40522e-32
-1.02475e-31
-9.10032e-32
-3.5735e-32
4.48661e-32
1.07759e-31
1.18082e-31
7.69951e-32
-8.65427e-33
-8.75185e-32
-1.23257e-31
-1.05245e-31
-2.86961e-32
5.46024e-32
1.1397e-31
1.22151e-31
6.62161e-32
-1.42098e-32
-9.34494e-32
-1.29813e-31
-1.01527e-31
-2.66681e-32
7.07448e-32
1.4146e-31
1.48709e-31
8.72356e-32
-2.275e-32
-1.30936e-31
-1.82202e-31
-1.5179e-31
-4.77533e-32
8.29395e-32
1.75205e-31
1.89855e-31
1.17557e-31
-3.11196e-33
-1.14436e-31
-1.68453e-31
-1.44231e-31
-6.44886e-32
3.33306e-32
1.01175e-31
1.19266e-31
8.83942e-32
2.689e-32
-2.90454e-32
-6.79203e-32
-7.02466e-32
-4.623e-32
-1.06859e-32
2.80401e-32
4.08418e-32
3.82132e-32
1.35974e-32
-1.63206e-32
-2.57597e-32
-2.43833e-32
5.51899e-33
3.207e-32
3.91746e-32
2.82668e-32
-1.64035e-32
-5.13456e-32
-6.74862e-32
-5.29172e-32
-7.39527e-34
4.50686e-32
7.73446e-32
7.39489e-32
3.60516e-32
-2.74896e-33
-3.7825e-32
-4.81175e-32
-4.16768e-32
-3.85916e-32
-3.44636e-32
-3.60375e-32
-2.25095e-32
1.94796e-32
7.32478e-32
1.2424e-31
1.28017e-31
6.59962e-32
-4.06943e-32
-1.59915e-31
-2.17773e-31
-1.80935e-31
-5.80647e-32
1.12823e-31
2.35273e-31
2.58928e-31
1.63934e-31
-1.89311e-32
-1.88401e-31
-2.81581e-31
-2.43954e-31
-9.02674e-32
9.34618e-32
2.39772e-31
2.65748e-31
1.68094e-31
3.32185e-33
-1.64821e-31
-2.40639e-31
-2.06791e-31
-8.56478e-32
6.9874e-32
1.70713e-31
1.93466e-31
1.30819e-31
2.00086e-32
-7.43003e-32
-1.32252e-31
-1.28445e-31
-8.3963e-32
-2.83157e-32
2.92728e-32
6.18299e-32
7.94378e-32
7.86833e-32
5.81317e-32
3.05298e-32
-1.05956e-32
-4.63176e-32
-7.20772e-32
-8.10982e-32
-6.72721e-32
-4.08929e-32
-1.43166e-33
3.60721e-32
6.85921e-32
8.4033e-32
7.61946e-32
4.86704e-32
-1.61047e-33
-4.75404e-32
-8.4484e-32
-9.41373e-32
-7.02363e-32
-3.45825e-32
1.67714e-32
5.22046e-32
6.97879e-32
7.19967e-32
4.62607e-32
1.86514e-32
-1.90456e-32
-5.25343e-32
-6.71277e-32
-7.04589e-32
-4.47561e-32
-7.89556e-33
3.11218e-32
6.25115e-32
6.55433e-32
4.95395e-32
1.41104e-32
-2.48656e-32
-5.16719e-32
-6.30411e-32
-5.14093e-32
-2.56389e-32
6.56321e-33
3.4086e-32
4.71401e-32
4.10883e-32
2.05834e-32
-4.48982e-33
-2.37882e-32
-2.42532e-32
-1.59408e-32
-2.41403e-33
1.73691e-33
-1.15119e-32
-2.28268e-32
-2.99572e-32
-1.0069e-32
2.90787e-32
6.21865e-32
7.60863e-32
4.1257e-32
-2.03648e-32
-8.28376e-32
-1.1318e-31
-8.12261e-32
-1.05791e-32
7.40008e-32
1.22212e-31
1.07803e-31
4.33695e-32
-4.63081e-32
-1.0512e-31
-1.10691e-31
-6.05088e-32
1.95422e-32
7.90226e-32
9.67223e-32
5.91588e-32
-7.09133e-33
-6.21052e-32
-8.28421e-32
-5.09092e-32
8.21034e-33
6.35271e-32
8.80336e-32
6.06615e-32
2.48941e-33
-6.18508e-32
-1.01423e-31
-9.05149e-32
-4.12264e-32
3.0028e-32
9.24657e-32
1.14753e-31
9.68698e-32
4.06823e-32
-3.11293e-32
-8.74342e-32
-1.18658e-31
-1.07745e-31
-6.19683e-32
4.83975e-34
6.95501e-32
1.146e-31
1.26577e-31
9.90921e-32
3.18343e-32
-4.65278e-32
-1.17162e-31
-1.48428e-31
-1.23244e-31
-5.21446e-32
4.62374e-32
1.26821e-31
1.56563e-31
1.22039e-31
3.31221e-32
-6.71051e-32
-1.3598e-31
-1.42274e-31
-8.24487e-32
1.13427e-32
9.54067e-32
1.30845e-31
9.99031e-32
2.36054e-32
-6.15109e-32
-1.14673e-31
-1.06323e-31
-4.96198e-32
3.22736e-32
9.70254e-32
1.0861e-31
7.38669e-32
-6.71066e-34
-6.97007e-32
-9.87701e-32
-8.66804e-32
-2.49348e-32
3.9507e-32
8.184e-32
8.98401e-32
4.6878e-32
-4.82385e-33
-5.36709e-32
-7.65851e-32
-5.75251e-32
-2.49295e-32
1.96543e-32
4.99049e-32
5.50003e-32
4.64014e-32
2.15458e-32
-8.98548e-34
-1.43978e-32
-2.20308e-32
-2.03684e-32
-1.82746e-32
-2.04043e-32
-1.952e-32
-1.9661e-32
-1.00642e-32
1.26005e-32
3.64099e-32
6.55177e-32
7.40929e-32
6.02e-32
2.52259e-32
-3.26103e-32
-7.59493e-32
-1.01361e-31
-8.60074e-32
-3.1908e-32
3.29492e-32
9.70747e-32
1.21565e-31
1.07431e-31
5.67924e-32
-5.56413e-33
-5.31725e-32
-7.21599e-32
-4.92301e-32
-1.67624e-32
3.38979e-32
5.62778e-32
5.90027e-32
5.41547e-32
1.15902e-32
4.50261e-33
-2.56081e-32
-2.94173e-32
-7.06536e-33
)
;

boundaryField
{
    left
    {
        type            calculated;
        value           uniform 0;
    }
    right
    {
        type            calculated;
        value           uniform 0;
    }
    empty
    {
        type            empty;
        value           nonuniform List<scalar> 0();
    }
}


// ************************************************************************* //
