/*--------------------------------*- C++ -*----------------------------------*\
| =========                 |                                                 |
| \\      /  F ield         | OpenFOAM: The Open Source CFD Toolbox           |
|  \\    /   O peration     | Version:  2106                                  |
|   \\  /    A nd           | Website:  www.openfoam.com                      |
|    \\/     M anipulation  |                                                 |
\*---------------------------------------------------------------------------*/
FoamFile
{
    version     2.0;
    format      ascii;
    arch        "LSB;label=32;scalar=64";
    class       surfaceScalarField;
    location    "0.002";
    object      phi;
}
// * * * * * * * * * * * * * * * * * * * * * * * * * * * * * * * * * * * * * //

dimensions      [0 3 -1 0 0 0 0];

oriented        oriented;

internalField   nonuniform List<scalar> 
799
(
2.29141e-32
5.59432e-32
7.47532e-32
6.94546e-32
5.02141e-32
-1.12983e-32
-6.55388e-32
-1.07398e-31
-1.13944e-31
-7.34908e-32
-1.55914e-32
4.89035e-32
8.93793e-32
1.02015e-31
8.34123e-32
4.7977e-32
7.92941e-34
-4.78789e-32
-8.47658e-32
-1.10091e-31
-1.00118e-31
-6.29593e-32
-1.21574e-33
7.00482e-32
1.11305e-31
1.21637e-31
8.17354e-32
1.34228e-32
-5.02758e-32
-1.00261e-31
-1.00744e-31
-7.15363e-32
-2.38183e-32
3.21461e-32
5.76033e-32
6.9075e-32
5.22578e-32
1.47967e-32
-1.45047e-32
-5.05267e-32
-5.87532e-32
-4.54634e-32
-2.12108e-32
2.63559e-32
5.24303e-32
6.35783e-32
4.85105e-32
2.43751e-34
-3.91099e-32
-7.50797e-32
-7.68778e-32
-4.31004e-32
-1.42117e-34
5.39795e-32
7.8198e-32
7.20252e-32
3.89926e-32
-1.99296e-32
-6.50844e-32
-9.00298e-32
-7.66144e-32
-2.32707e-32
3.90725e-32
9.42549e-32
1.07304e-31
6.67643e-32
-7.00858e-33
-9.06722e-32
-1.36517e-31
-1.19588e-31
-4.88944e-32
5.22311e-32
1.28292e-31
1.44729e-31
9.792e-32
4.61922e-33
-8.13134e-32
-1.25486e-31
-1.13775e-31
-5.46302e-32
1.11898e-32
5.96295e-32
7.43821e-32
5.89146e-32
3.45208e-32
8.51472e-33
-1.10064e-32
-2.91011e-32
-4.94588e-32
-6.19833e-32
-6.03933e-32
-2.97646e-32
2.2398e-32
7.55341e-32
1.08139e-31
8.93767e-32
3.08935e-32
-5.08076e-32
-1.20447e-31
-1.34334e-31
-9.99134e-32
-1.51607e-32
7.47731e-32
1.2726e-31
1.36072e-31
7.82123e-32
-5.94424e-34
-7.3821e-32
-1.17398e-31
-1.0029e-31
-5.69571e-32
4.95842e-33
5.03631e-32
5.76485e-32
4.516e-32
1.38276e-32
-3.04688e-33
-1.39461e-34
1.3507e-32
2.84305e-32
1.93868e-32
-1.06011e-32
-5.23225e-32
-8.39028e-32
-8.38607e-32
-5.07889e-32
7.02739e-33
6.53612e-32
1.02781e-31
1.08505e-31
7.97013e-32
2.88604e-32
-3.04666e-32
-8.454e-32
-1.15842e-31
-1.18836e-31
-8.62039e-32
-2.3635e-32
4.83417e-32
1.11664e-31
1.36087e-31
1.13452e-31
5.09739e-32
-3.1942e-32
-9.51981e-32
-1.20231e-31
-9.56465e-32
-3.48985e-32
2.76867e-32
7.0325e-32
7.00532e-32
3.43252e-32
-1.37214e-32
-5.15307e-32
-5.23183e-32
-1.92051e-32
3.22326e-32
7.48871e-32
7.87254e-32
3.96004e-32
-3.08901e-32
-9.75512e-32
-1.24736e-31
-9.4503e-32
-1.51864e-32
7.32335e-32
1.30525e-31
1.22139e-31
5.54578e-32
-3.42951e-32
-1.0471e-31
-1.11162e-31
-6.44126e-32
1.31509e-32
7.57342e-32
8.1676e-32
4.50867e-32
-2.45917e-32
-7.50387e-32
-7.79084e-32
-4.22956e-32
2.83704e-32
7.76706e-32
9.11631e-32
6.22166e-32
-5.15939e-33
-6.12401e-32
-9.81991e-32
-9.12469e-32
-4.51901e-32
9.04886e-33
6.40014e-32
8.62124e-32
7.72603e-32
4.5558e-32
-2.88965e-33
-4.03563e-32
-6.4627e-32
-6.87245e-32
-5.18694e-32
-2.64996e-32
7.55627e-33
3.97717e-32
6.08135e-32
6.67598e-32
4.72432e-32
7.46147e-33
-3.87804e-32
-7.5185e-32
-7.81326e-32
-4.40647e-32
1.38973e-32
7.0787e-32
9.12936e-32
6.2137e-32
-6.4624e-33
-8.256e-32
-1.20565e-31
-9.51763e-32
-1.29293e-32
8.99116e-32
1.56861e-31
1.47361e-31
6.12476e-32
-6.75614e-32
-1.72308e-31
-1.97573e-31
-1.31163e-31
4.32808e-33
1.37635e-31
2.05566e-31
1.80306e-31
6.68456e-32
-6.9534e-32
-1.69417e-31
-1.91046e-31
-1.21929e-31
-1.03233e-32
9.80795e-32
1.54868e-31
1.35916e-31
6.59473e-32
-2.60967e-32
-9.51546e-32
-1.12751e-31
-8.18161e-32
-1.9488e-32
3.98299e-32
6.7242e-32
5.33859e-32
1.27141e-32
-3.04899e-32
-4.56338e-32
-2.19225e-32
2.16652e-32
6.30554e-32
6.59089e-32
2.25687e-32
-4.25074e-32
-1.0171e-31
-1.11365e-31
-6.37046e-32
1.56723e-32
9.43198e-32
1.25541e-31
9.70609e-32
3.12043e-32
-4.45251e-32
-8.83851e-32
-8.62034e-32
-5.5864e-32
-1.00694e-32
2.05289e-32
2.91041e-32
2.99223e-32
2.03408e-32
1.87259e-32
1.81451e-32
8.77803e-33
7.51164e-34
-1.40965e-32
-1.95061e-32
-1.40202e-32
-9.18795e-33
-5.98919e-33
-1.78139e-32
-3.35319e-32
-3.66984e-32
-1.533e-32
3.23899e-32
8.26937e-32
1.04405e-31
7.28077e-32
-4.68608e-33
-9.65316e-32
-1.51285e-31
-1.34043e-31
-5.13757e-32
6.335e-32
1.4396e-31
1.52266e-31
8.57611e-32
-2.34843e-32
-1.08099e-31
-1.33929e-31
-8.93643e-32
-5.25117e-33
6.26048e-32
8.81136e-32
5.73623e-32
1.32502e-33
-4.08463e-32
-5.12749e-32
-2.11724e-32
1.73321e-32
3.88602e-32
3.09953e-32
-6.90231e-33
-4.11472e-32
-5.42315e-32
-3.50139e-32
1.02833e-32
4.66663e-32
6.00445e-32
3.58947e-32
-1.42729e-32
-5.53269e-32
-7.29333e-32
-4.4685e-32
1.2982e-32
6.81335e-32
9.97472e-32
7.52807e-32
1.02368e-32
-7.28543e-32
-1.43756e-31
-1.68875e-31
-1.46432e-31
-1.07644e-31
-5.10575e-32
-4.06627e-32
-3.77603e-32
2.26538e-32
5.23048e-32
5.09401e-31
8.35426e-31
2.12423e-30
3.76273e-30
5.83494e-30
1.05608e-29
8.86539e-30
8.74306e-30
-1.34144e-29
-5.61112e-29
-1.04779e-28
-2.02836e-28
-1.74494e-28
-1.02354e-28
2.10326e-28
8.51186e-28
1.20624e-27
1.81269e-27
9.70805e-28
-8.94354e-28
-3.27073e-27
-7.76271e-27
-7.40262e-27
-5.99707e-27
1.94249e-27
1.72022e-26
2.32889e-26
3.35883e-26
1.70712e-26
-1.35428e-26
-4.16407e-26
-9.14009e-26
-7.29011e-26
-4.3459e-26
3.06723e-26
1.54539e-25
1.64165e-25
1.93789e-25
5.72797e-26
-1.43539e-25
-2.40401e-25
-4.16054e-25
-2.39481e-25
-3.48125e-26
2.1441e-25
5.86376e-25
4.54003e-25
3.84105e-25
-3.24663e-26
-5.39691e-25
-5.74183e-25
-7.51456e-25
-2.54141e-25
2.21477e-25
5.00945e-25
9.10423e-25
5.00956e-25
2.21493e-25
-2.54127e-25
-7.51451e-25
-5.74188e-25
-5.39702e-25
-3.24795e-26
3.84096e-25
4.54003e-25
5.86381e-25
2.14419e-25
-3.48058e-26
-2.39478e-25
-4.16055e-25
-2.40405e-25
-1.43543e-25
5.7277e-26
1.93788e-25
1.64166e-25
1.5454e-25
3.06735e-26
-4.34584e-26
-7.29009e-26
-9.14008e-26
-4.16409e-26
-1.35428e-26
1.70711e-26
3.35881e-26
2.32887e-26
1.7202e-26
1.94245e-27
-5.99703e-27
-7.40252e-27
-7.76256e-27
-3.27063e-27
-8.94298e-28
9.70787e-28
1.81262e-27
1.20614e-27
8.51083e-28
2.10278e-28
-1.0234e-28
-1.74395e-28
-2.02686e-28
-1.04645e-28
-5.60356e-29
-1.34598e-29
8.60015e-30
8.67454e-30
1.03956e-29
5.78211e-30
3.83114e-30
2.29825e-30
1.0432e-30
6.63756e-31
1.09898e-31
-4.21402e-32
-1.90259e-31
-2.20897e-31
-2.04954e-31
-1.76594e-31
-1.14819e-31
-5.04925e-32
2.74296e-32
8.1849e-32
1.00461e-31
6.93331e-32
-6.24423e-34
-7.15724e-32
-1.16724e-31
-1.08201e-31
-5.28796e-32
2.02202e-32
8.57031e-32
1.07817e-31
8.91418e-32
3.74625e-32
-2.66551e-32
-7.1461e-32
-9.10875e-32
-7.15423e-32
-2.42697e-32
3.12305e-32
7.80265e-32
8.92518e-32
6.05186e-32
1.7544e-33
-6.4129e-32
-1.02864e-31
-9.17013e-32
-3.6698e-32
4.36528e-32
1.06519e-31
1.16863e-31
7.60095e-32
-9.37838e-33
-8.79954e-32
-1.23516e-31
-1.05494e-31
-2.89609e-32
5.41457e-32
1.13327e-31
1.2132e-31
6.51833e-32
-1.53397e-32
-9.47407e-32
-1.31155e-31
-1.0292e-31
-2.79959e-32
6.96344e-32
1.40652e-31
1.48385e-31
8.73199e-32
-2.23137e-32
-1.30419e-31
-1.81904e-31
-1.51929e-31
-4.85413e-32
8.16399e-32
1.73535e-31
1.88242e-31
1.16336e-31
-3.69237e-33
-1.14238e-31
-1.67702e-31
-1.43122e-31
-6.34835e-32
3.39626e-32
1.01229e-31
1.187e-31
8.7462e-32
2.57608e-32
-2.99903e-32
-6.85484e-32
-7.04729e-32
-4.60747e-32
-1.04015e-32
2.83556e-32
4.0911e-32
3.80108e-32
1.31114e-32
-1.70302e-32
-2.64417e-32
-2.49536e-32
5.29255e-33
3.21952e-32
3.96215e-32
2.89394e-32
-1.57964e-32
-5.09593e-32
-6.75825e-32
-5.35469e-32
-1.83866e-33
4.36759e-32
7.60458e-32
7.30484e-32
3.58987e-32
-2.02373e-33
-3.62737e-32
-4.59828e-32
-3.94124e-32
-3.66303e-32
-3.32373e-32
-3.57125e-32
-2.30275e-32
1.84265e-32
7.21594e-32
1.23593e-31
1.28225e-31
6.71698e-32
-3.86781e-32
-1.57432e-31
-2.15322e-31
-1.78925e-31
-5.67773e-32
1.13433e-31
2.3544e-31
2.5904e-31
1.64384e-31
-1.79394e-32
-1.86831e-31
-2.79653e-31
-2.41997e-31
-8.85898e-32
9.46493e-32
2.40499e-31
2.66164e-31
1.6845e-31
3.84434e-33
-1.64065e-31
-2.39686e-31
-2.05828e-31
-8.48613e-32
7.0383e-32
1.70974e-31
1.93682e-31
1.31259e-31
2.08993e-32
-7.28513e-32
-1.30369e-31
-1.2644e-31
-8.22432e-32
-2.73068e-32
2.93836e-32
6.10324e-32
7.80558e-32
7.72478e-32
5.71903e-32
3.06441e-32
-9.23167e-33
-4.3708e-32
-6.8618e-32
-7.74156e-32
-6.39661e-32
-3.86269e-32
-4.25059e-34
3.57621e-32
6.73331e-32
8.24407e-32
7.4866e-32
4.83017e-32
-7.76296e-34
-4.53752e-32
-8.12983e-32
-9.04585e-32
-6.65913e-32
-3.1601e-32
1.88523e-32
5.32553e-32
7.00392e-32
7.18703e-32
4.61832e-32
1.90893e-32
-1.79142e-32
-5.0656e-32
-6.46992e-32
-6.78288e-32
-4.22251e-32
-5.77196e-33
3.27528e-32
6.37152e-32
6.64987e-32
5.05554e-32
1.53698e-32
-2.31954e-32
-4.96076e-32
-6.07661e-32
-4.91132e-32
-2.36528e-32
8.09911e-33
3.50549e-32
4.76036e-32
4.1264e-32
2.06466e-32
-4.20846e-33
-2.32044e-32
-2.32541e-32
-1.46072e-32
-9.52745e-34
3.18267e-33
-1.0388e-32
-2.20534e-32
-2.96247e-32
-1.0066e-32
2.89512e-32
6.20571e-32
7.62096e-32
4.16046e-32
-1.97545e-32
-8.21274e-32
-1.12566e-31
-8.08131e-32
-1.0543e-32
7.37511e-32
1.21725e-31
1.07263e-31
4.29573e-32
-4.65172e-32
-1.05039e-31
-1.10437e-31
-6.01763e-32
1.97882e-32
7.90308e-32
9.645e-32
5.85666e-32
-7.90384e-33
-6.30276e-32
-8.3722e-32
-5.15833e-32
7.83719e-33
6.35271e-32
8.83586e-32
6.11957e-32
3.04086e-33
-6.15331e-32
-1.01531e-31
-9.11868e-32
-4.24337e-32
2.84692e-32
9.08663e-32
1.1351e-31
9.62957e-32
4.09757e-32
-3.00272e-32
-8.58002e-32
-1.16932e-31
-1.06437e-31
-6.14424e-32
1.81026e-35
6.82238e-32
1.12763e-31
1.24733e-31
9.7774e-32
3.13588e-32
-4.60132e-32
-1.1587e-31
-1.46721e-31
-1.216e-31
-5.10071e-32
4.66541e-32
1.26463e-31
1.55675e-31
1.20926e-31
3.21462e-32
-6.76678e-32
-1.36043e-31
-1.41839e-31
-8.17033e-32
1.22251e-32
9.62326e-32
1.31488e-31
1.00336e-31
2.37935e-32
-6.15109e-32
-1.14865e-31
-1.06694e-31
-5.01396e-32
3.15995e-32
9.62888e-32
1.07849e-31
7.31628e-32
-1.2496e-33
-7.0187e-32
-9.91433e-32
-8.70535e-32
-2.5338e-32
3.90376e-32
8.12712e-32
8.92653e-32
4.62344e-32
-5.46483e-33
-5.44197e-32
-7.7551e-32
-5.87875e-32
-2.66749e-32
1.75124e-32
4.73576e-32
5.23296e-32
4.38631e-32
1.94017e-32
-2.34234e-33
-1.51652e-32
-2.21061e-32
-2.01352e-32
-1.80892e-32
-2.07331e-32
-2.08206e-32
-2.20752e-32
-1.37536e-32
7.98358e-33
3.11798e-32
6.02169e-32
6.92385e-32
5.60029e-32
2.19105e-32
-3.54318e-32
-7.86065e-32
-1.04538e-31
-9.0336e-32
-3.7764e-32
2.51733e-32
8.7625e-32
1.10661e-31
9.56134e-32
4.47545e-32
-1.75433e-32
-6.44271e-32
-8.28406e-32
-5.91607e-32
-2.60384e-32
2.484e-32
4.79165e-32
5.05692e-32
4.66286e-32
4.42329e-33
-1.543e-33
-3.03499e-32
-3.2997e-32
-8.5122e-33
)
;

boundaryField
{
    left
    {
        type            calculated;
        value           uniform 0;
    }
    right
    {
        type            calculated;
        value           uniform 0;
    }
    empty
    {
        type            empty;
        value           nonuniform List<scalar> 0();
    }
}


// ************************************************************************* //
