/*--------------------------------*- C++ -*----------------------------------*\
| =========                 |                                                 |
| \\      /  F ield         | OpenFOAM: The Open Source CFD Toolbox           |
|  \\    /   O peration     | Version:  2106                                  |
|   \\  /    A nd           | Website:  www.openfoam.com                      |
|    \\/     M anipulation  |                                                 |
\*---------------------------------------------------------------------------*/
FoamFile
{
    version     2.0;
    format      ascii;
    arch        "LSB;label=32;scalar=64";
    class       surfaceScalarField;
    location    "0.137";
    object      phi;
}
// * * * * * * * * * * * * * * * * * * * * * * * * * * * * * * * * * * * * * //

dimensions      [0 3 -1 0 0 0 0];

oriented        oriented;

internalField   nonuniform List<scalar> 
799
(
1.62102e-32
4.24158e-32
5.39847e-32
4.15143e-32
1.46421e-32
-5.38027e-32
-1.14989e-31
-1.62663e-31
-1.74507e-31
-1.38532e-31
-8.4512e-32
-2.40084e-32
1.26937e-32
2.06666e-32
-2.68558e-33
-4.36751e-32
-9.63221e-32
-1.50426e-31
-1.9214e-31
-2.21495e-31
-2.14696e-31
-1.79916e-31
-1.20049e-31
-5.05647e-32
-1.12471e-32
-3.40818e-33
-4.63239e-32
-1.1819e-31
-1.85719e-31
-2.39532e-31
-2.43588e-31
-2.1749e-31
-1.72352e-31
-1.18488e-31
-9.47747e-32
-8.48597e-32
-1.03209e-31
-1.42248e-31
-1.73254e-31
-2.1106e-31
-2.21121e-31
-2.09715e-31
-1.87303e-31
-1.41624e-31
-1.17395e-31
-1.08082e-31
-1.24953e-31
-1.74851e-31
-2.15719e-31
-2.52902e-31
-2.55705e-31
-2.22707e-31
-1.80348e-31
-1.26837e-31
-1.03187e-31
-1.1008e-31
-1.43893e-31
-2.03669e-31
-2.49735e-31
-2.75523e-31
-2.62966e-31
-2.10405e-31
-1.48863e-31
-9.44706e-32
-8.2174e-32
-1.23414e-31
-1.97682e-31
-2.81649e-31
-3.27503e-31
-3.10391e-31
-2.39389e-31
-1.37993e-31
-6.18761e-32
-4.564e-32
-9.29833e-32
-1.86996e-31
-2.73714e-31
-3.18525e-31
-3.07168e-31
-2.4804e-31
-1.81893e-31
-1.32961e-31
-1.17647e-31
-1.32685e-31
-1.56816e-31
-1.82751e-31
-2.02301e-31
-2.20398e-31
-2.40643e-31
-2.52834e-31
-2.5078e-31
-2.19559e-31
-1.66896e-31
-1.13376e-31
-8.05866e-32
-9.93449e-32
-1.57795e-31
-2.39422e-31
-3.08626e-31
-3.21818e-31
-2.86359e-31
-2.00399e-31
-1.09376e-31
-5.5934e-32
-4.66865e-32
-1.04414e-31
-1.83457e-31
-2.57011e-31
-3.00697e-31
-2.8345e-31
-2.3936e-31
-1.76344e-31
-1.29442e-31
-1.20599e-31
-1.31775e-31
-1.62127e-31
-1.78699e-31
-1.7593e-31
-1.62916e-31
-1.48746e-31
-1.58385e-31
-1.88593e-31
-2.29838e-31
-2.60365e-31
-2.58648e-31
-2.23671e-31
-1.63995e-31
-1.04224e-31
-6.60986e-32
-6.04236e-32
-9.00519e-32
-1.4211e-31
-2.02747e-31
-2.57744e-31
-2.89282e-31
-2.91687e-31
-2.57636e-31
-1.93155e-31
-1.19068e-31
-5.39385e-32
-2.82946e-32
-5.04963e-32
-1.13336e-31
-1.97157e-31
-2.61621e-31
-2.87731e-31
-2.63843e-31
-2.03201e-31
-1.40058e-31
-9.63311e-32
-9.51241e-32
-1.29263e-31
-1.75821e-31
-2.12454e-31
-2.12511e-31
-1.79133e-31
-1.27831e-31
-8.55955e-32
-8.22432e-32
-1.21728e-31
-1.9226e-31
-2.58494e-31
-2.84804e-31
-2.53246e-31
-1.7237e-31
-8.23046e-32
-2.34813e-32
-3.06283e-32
-9.63326e-32
-1.85455e-31
-2.5535e-31
-2.61334e-31
-2.13992e-31
-1.35529e-31
-7.18011e-32
-6.42945e-32
-9.91196e-32
-1.66798e-31
-2.15145e-31
-2.15993e-31
-1.78374e-31
-1.05967e-31
-5.50019e-32
-3.99832e-32
-6.74015e-32
-1.33035e-31
-1.87182e-31
-2.21727e-31
-2.12039e-31
-1.62876e-31
-1.05339e-31
-4.71151e-32
-2.16923e-32
-2.77232e-32
-5.66547e-32
-1.02463e-31
-1.37204e-31
-1.58439e-31
-1.59097e-31
-1.38222e-31
-1.0836e-31
-6.93703e-32
-3.19813e-32
-5.68525e-33
5.50545e-33
-8.86351e-33
-4.35104e-32
-8.45844e-32
-1.1562e-31
-1.12887e-31
-7.27339e-32
-8.18417e-33
5.57948e-32
8.39389e-32
6.29103e-32
2.92501e-33
-6.41448e-32
-9.27847e-32
-5.77486e-32
3.43237e-32
1.47197e-31
2.24386e-31
2.25472e-31
1.5046e-31
3.34318e-32
-5.86656e-32
-7.03897e-32
1.04508e-32
1.61137e-31
3.10242e-31
3.94476e-31
3.85934e-31
2.89704e-31
1.71195e-31
9.00159e-32
8.81444e-32
1.78122e-31
3.11766e-31
4.43248e-31
5.24051e-31
5.29959e-31
4.85606e-31
4.20067e-31
3.78481e-31
3.89581e-31
4.50631e-31
5.44635e-31
6.37314e-31
6.9968e-31
7.22361e-31
7.19633e-31
7.15688e-31
7.41087e-31
8.06588e-31
8.93418e-31
9.79617e-31
1.02913e-30
1.03454e-30
1.02047e-30
1.0147e-30
1.06086e-30
1.16674e-30
1.30653e-30
1.4477e-30
1.54346e-30
1.58154e-30
1.58444e-30
1.5798e-30
1.60976e-30
1.6887e-30
1.79902e-30
1.9282e-30
2.04556e-30
2.14432e-30
2.23853e-30
2.32552e-30
2.42356e-30
2.52572e-30
2.62237e-30
2.72376e-30
2.82211e-30
2.93391e-30
3.06095e-30
3.19192e-30
3.32594e-30
3.44975e-30
3.57435e-30
3.71619e-30
3.88715e-30
4.089e-30
4.29813e-30
4.48342e-30
4.62054e-30
4.71717e-30
4.8052e-30
4.93637e-30
5.14571e-30
5.4268e-30
5.7462e-30
6.03778e-30
6.26333e-30
6.4204e-30
6.54131e-30
6.69356e-30
6.91167e-30
7.20749e-30
7.55042e-30
7.88485e-30
8.18474e-30
8.43632e-30
8.67057e-30
8.92677e-30
9.22292e-30
9.56797e-30
9.93006e-30
1.0284e-29
1.06177e-29
1.09308e-29
1.1257e-29
1.16142e-29
1.20136e-29
1.24491e-29
1.28859e-29
1.33101e-29
1.37071e-29
1.40887e-29
1.44901e-29
1.49258e-29
1.54182e-29
1.59513e-29
1.64931e-29
1.70237e-29
1.75111e-29
1.79729e-29
1.8434e-29
1.89249e-29
1.94879e-29
2.01109e-29
2.07809e-29
2.1454e-29
2.20778e-29
2.26373e-29
2.31352e-29
2.35748e-29
2.41746e-29
2.48838e-29
2.642e-29
2.90196e-29
3.28117e-29
3.98649e-29
4.27245e-29
4.56881e-29
2.87926e-29
-1.37821e-29
-6.49787e-29
-1.70392e-28
-1.6085e-28
-9.98738e-29
1.88332e-28
8.3275e-28
1.1983e-27
1.84098e-27
1.07957e-27
-7.38106e-28
-3.0132e-27
-7.5194e-27
-7.1896e-27
-5.90708e-27
1.77248e-27
1.69007e-26
2.26925e-26
3.30734e-26
1.66731e-26
-1.35861e-26
-4.09822e-26
-9.04704e-26
-7.12971e-26
-4.21693e-26
3.15958e-26
1.5465e-25
1.62761e-25
1.92024e-25
5.43373e-26
-1.45574e-25
-2.41536e-25
-4.15685e-25
-2.36497e-25
-3.16168e-26
2.1918e-25
5.89222e-25
4.55183e-25
3.83061e-25
-3.70572e-26
-5.43975e-25
-5.80022e-25
-7.54225e-25
-2.54551e-25
2.23655e-25
5.06875e-25
9.15319e-25
5.06886e-25
2.23671e-25
-2.54538e-25
-7.5422e-25
-5.80028e-25
-5.43987e-25
-3.70713e-26
3.83052e-25
4.55181e-25
5.89226e-25
2.19188e-25
-3.16111e-26
-2.36495e-25
-4.15687e-25
-2.41541e-25
-1.45579e-25
5.43336e-26
1.92022e-25
1.62761e-25
1.5465e-25
3.1596e-26
-4.21697e-26
-7.12978e-26
-9.04711e-26
-4.09833e-26
-1.3587e-26
1.66721e-26
3.30724e-26
2.26915e-26
1.68997e-26
1.77165e-27
-5.90781e-27
-7.19025e-27
-7.52e-27
-3.01383e-27
-7.38747e-28
1.07887e-27
1.84025e-27
1.19757e-27
8.32026e-28
1.8768e-28
-1.00445e-28
-1.61321e-28
-1.70796e-28
-6.5382e-29
-1.42298e-29
2.82393e-29
4.50526e-29
4.20568e-29
3.92387e-29
3.23138e-29
2.86587e-29
2.61797e-29
2.46918e-29
2.39426e-29
2.32589e-29
2.27094e-29
2.21362e-29
2.15618e-29
2.09775e-29
2.0403e-29
1.98474e-29
1.93247e-29
1.88275e-29
1.83323e-29
1.7818e-29
1.72705e-29
1.66988e-29
1.61384e-29
1.56165e-29
1.51596e-29
1.4761e-29
1.43913e-29
1.40248e-29
1.36254e-29
1.31953e-29
1.27424e-29
1.22868e-29
1.18604e-29
1.14689e-29
1.11261e-29
1.08207e-29
1.05328e-29
1.02454e-29
9.93135e-30
9.58605e-30
9.21941e-30
8.85397e-30
8.52398e-30
8.25191e-30
8.03149e-30
7.84411e-30
7.64654e-30
7.40377e-30
7.11678e-30
6.79228e-30
6.48146e-30
6.2205e-30
6.01987e-30
5.88421e-30
5.76159e-30
5.62117e-30
5.43557e-30
5.1917e-30
4.92905e-30
4.67315e-30
4.46558e-30
4.32795e-30
4.24207e-30
4.18377e-30
4.1037e-30
3.96494e-30
3.76213e-30
3.51534e-30
3.27479e-30
3.09546e-30
3.002e-30
2.98623e-30
3.0011e-30
2.98138e-30
2.88782e-30
2.71096e-30
2.48928e-30
2.28038e-30
2.13214e-30
2.06539e-30
2.05731e-30
2.07038e-30
2.05643e-30
1.99562e-30
1.88865e-30
1.75375e-30
1.62706e-30
1.51999e-30
1.45193e-30
1.41262e-30
1.38714e-30
1.3671e-30
1.32331e-30
1.26619e-30
1.18913e-30
1.10873e-30
1.05072e-30
1.00537e-30
9.90316e-31
9.73631e-31
9.39166e-31
8.88305e-31
8.05231e-31
7.33384e-31
6.81781e-31
6.62287e-31
6.8175e-31
6.96146e-31
6.98272e-31
6.65936e-31
6.00266e-31
5.3482e-31
4.74187e-31
4.39385e-31
4.22329e-31
4.02889e-31
3.85424e-31
3.63164e-31
3.56877e-31
3.79888e-31
4.15484e-31
4.49082e-31
4.3621e-31
3.58258e-31
2.36327e-31
1.02532e-31
3.07381e-32
5.42571e-32
1.64397e-31
3.23123e-31
4.33953e-31
4.46511e-31
3.4092e-31
1.47943e-31
-3.1179e-32
-1.33566e-31
-1.04721e-31
4.0583e-32
2.16326e-31
3.55021e-31
3.73737e-31
2.69166e-31
9.7803e-32
-7.66204e-32
-1.5842e-31
-1.30262e-31
-1.45434e-32
1.35815e-31
2.31738e-31
2.49817e-31
1.82718e-31
6.76754e-32
-3.06599e-32
-9.24454e-32
-9.22856e-32
-5.12711e-32
1.07882e-33
5.55401e-32
8.51186e-32
9.98986e-32
9.6456e-32
7.33561e-32
4.33334e-32
-9.10303e-35
-3.79904e-32
-6.58119e-32
-7.6784e-32
-6.48042e-32
-4.01707e-32
-2.36077e-33
3.35864e-32
6.46368e-32
7.86934e-32
6.95532e-32
4.08086e-32
-1.06214e-32
-5.76229e-32
-9.5566e-32
-1.06153e-31
-8.31219e-32
-4.82799e-32
2.32391e-33
3.70655e-32
5.40133e-32
5.56503e-32
2.94028e-32
1.32558e-33
-3.67853e-32
-7.06381e-32
-8.55474e-32
-8.9151e-32
-6.36778e-32
-2.70035e-32
1.18716e-32
4.31619e-32
4.61343e-32
3.01093e-32
-5.31211e-33
-4.42482e-32
-7.09769e-32
-8.22327e-32
-7.04531e-32
-4.4504e-32
-1.20991e-32
1.56512e-32
2.89582e-32
2.31821e-32
2.97616e-33
-2.1775e-32
-4.07319e-32
-4.08387e-32
-3.21476e-32
-1.82259e-32
-1.36668e-32
-2.64966e-32
-3.73781e-32
-4.40617e-32
-2.3719e-32
1.58861e-32
4.94633e-32
6.3834e-32
2.94803e-32
-3.16591e-32
-9.36453e-32
-1.23499e-31
-9.10506e-32
-1.99108e-32
6.51656e-32
1.13877e-31
9.99649e-32
3.60284e-32
-5.31512e-32
-1.1147e-31
-1.16549e-31
-6.58758e-32
1.46611e-32
7.46275e-32
9.28073e-32
5.57204e-32
-1.00555e-32
-6.46014e-32
-8.48698e-32
-5.24741e-32
7.10895e-33
6.28906e-32
8.78597e-32
6.09489e-32
3.23703e-33
-6.06483e-32
-9.97664e-32
-8.84085e-32
-3.86734e-32
3.30267e-32
9.59098e-32
1.18643e-31
1.01207e-31
4.54708e-32
-2.58872e-32
-8.17377e-32
-1.12502e-31
-1.01123e-31
-5.48777e-32
8.04443e-33
7.75834e-32
1.23113e-31
1.35569e-31
1.08562e-31
4.17837e-32
-3.60946e-32
-1.06235e-31
-1.36995e-31
-1.11296e-31
-3.96742e-32
5.92329e-32
1.40349e-31
1.70634e-31
1.36655e-31
4.82915e-32
-5.13772e-32
-1.19688e-31
-1.25407e-31
-6.49984e-32
2.93833e-32
1.14044e-31
1.50084e-31
1.19749e-31
4.40617e-32
-4.04415e-32
-9.29863e-32
-8.40202e-32
-2.66959e-32
5.58181e-32
1.21196e-31
1.33407e-31
9.92907e-32
2.53786e-32
-4.30242e-32
-7.14678e-32
-5.87544e-32
3.6051e-33
6.86584e-32
1.11596e-31
1.20193e-31
7.78192e-32
2.66937e-32
-2.15825e-32
-4.39436e-32
-2.43374e-32
8.79383e-33
5.38937e-32
8.46469e-32
9.02253e-32
8.20913e-32
5.76793e-32
3.566e-32
2.25605e-32
1.53006e-32
1.73025e-32
1.9706e-32
1.7854e-32
1.8977e-32
1.90359e-32
2.87854e-32
5.15555e-32
7.54182e-32
1.04518e-31
1.1302e-31
9.89864e-32
6.37964e-32
5.66043e-33
-3.80657e-32
-6.39555e-32
-4.91716e-32
4.25134e-33
6.83284e-32
1.31558e-31
1.55037e-31
1.39774e-31
8.78879e-32
2.41621e-32
-2.49335e-32
-4.554e-32
-2.4345e-32
6.27281e-33
5.49703e-32
7.52888e-32
7.58515e-32
6.87647e-32
2.38776e-32
1.44151e-32
-1.81293e-32
-2.44074e-32
-4.55803e-33
)
;

boundaryField
{
    left
    {
        type            calculated;
        value           uniform 0;
    }
    right
    {
        type            calculated;
        value           uniform 0;
    }
    empty
    {
        type            empty;
        value           nonuniform List<scalar> 0();
    }
}


// ************************************************************************* //
