/*--------------------------------*- C++ -*----------------------------------*\
| =========                 |                                                 |
| \\      /  F ield         | OpenFOAM: The Open Source CFD Toolbox           |
|  \\    /   O peration     | Version:  2106                                  |
|   \\  /    A nd           | Website:  www.openfoam.com                      |
|    \\/     M anipulation  |                                                 |
\*---------------------------------------------------------------------------*/
FoamFile
{
    version     2.0;
    format      ascii;
    arch        "LSB;label=32;scalar=64";
    class       surfaceScalarField;
    location    "0.034";
    object      phi;
}
// * * * * * * * * * * * * * * * * * * * * * * * * * * * * * * * * * * * * * //

dimensions      [0 3 -1 0 0 0 0];

oriented        oriented;

internalField   nonuniform List<scalar> 
799
(
1.93375e-32
4.86655e-32
6.33496e-32
5.39937e-32
3.02326e-32
-3.51196e-32
-9.3218e-32
-1.37824e-31
-1.46607e-31
-1.07592e-31
-5.05562e-32
1.29413e-32
5.26141e-32
6.35322e-32
4.30968e-32
4.99416e-33
-4.47989e-32
-9.60813e-32
-1.35007e-31
-1.6161e-31
-1.52097e-31
-1.14646e-31
-5.2143e-32
1.99319e-32
6.18013e-32
7.21454e-32
3.16989e-32
-3.77437e-32
-1.02895e-31
-1.54393e-31
-1.56184e-31
-1.27862e-31
-8.05475e-32
-2.45511e-32
1.24461e-33
1.3191e-32
-3.17736e-33
-4.02852e-32
-6.94102e-32
-1.05387e-31
-1.13671e-31
-1.00539e-31
-7.64534e-32
-2.91493e-32
-3.34583e-33
7.49081e-33
-7.90459e-33
-5.63771e-32
-9.58707e-32
-1.31725e-31
-1.33247e-31
-9.90183e-32
-5.54744e-32
-8.26278e-34
2.39144e-32
1.80666e-32
-1.47439e-32
-7.35622e-32
-1.18712e-31
-1.43626e-31
-1.3024e-31
-7.68882e-32
-1.45973e-32
4.05049e-32
5.34746e-32
1.28676e-32
-6.08067e-32
-1.44212e-31
-1.89539e-31
-1.71931e-31
-1.0047e-31
1.35342e-33
7.78647e-32
9.44608e-32
4.74456e-32
-4.62669e-32
-1.32712e-31
-1.77279e-31
-1.65697e-31
-1.06373e-31
-4.00593e-32
9.01651e-33
2.44514e-32
9.51229e-33
-1.45423e-32
-4.04235e-32
-5.99416e-32
-7.80235e-32
-9.82706e-32
-1.10485e-31
-1.08474e-31
-7.73095e-32
-2.47139e-32
2.87219e-32
6.14041e-32
4.25299e-32
-1.60509e-32
-9.7821e-32
-1.67178e-31
-1.80538e-31
-1.4526e-31
-5.94872e-32
3.13404e-32
8.45701e-32
9.36009e-32
3.5654e-32
-4.36149e-32
-1.17407e-31
-1.61338e-31
-1.44342e-31
-1.00513e-31
-3.77653e-32
8.86379e-33
1.74327e-32
5.97452e-33
-2.46654e-32
-4.15309e-32
-3.90586e-32
-2.63457e-32
-1.24803e-32
-2.24272e-32
-5.29473e-32
-9.45056e-32
-1.25351e-31
-1.23956e-31
-8.93075e-32
-2.99587e-32
2.94818e-32
6.72754e-32
7.26153e-32
4.26489e-32
-9.74852e-33
-7.07335e-32
-1.2608e-31
-1.57973e-31
-1.60741e-31
-1.27057e-31
-6.29489e-32
1.07624e-32
7.55111e-32
1.00768e-31
7.81737e-32
1.49352e-32
-6.92932e-32
-1.3417e-31
-1.60705e-31
-1.3725e-31
-7.70522e-32
-1.43672e-32
2.88935e-32
2.96256e-32
-4.99989e-33
-5.20612e-32
-8.92187e-32
-8.98078e-32
-5.69699e-32
-6.23896e-33
3.5413e-32
3.8156e-32
-1.95301e-33
-7.31338e-32
-1.40042e-31
-1.67053e-31
-1.36223e-31
-5.61064e-32
3.31741e-32
9.11823e-32
8.31821e-32
1.65901e-32
-7.34637e-32
-1.44332e-31
-1.51331e-31
-1.05042e-31
-2.76788e-32
3.48985e-32
4.11968e-32
5.11161e-33
-6.38822e-32
-1.13614e-31
-1.15911e-31
-7.98099e-32
-8.99319e-33
4.03061e-32
5.35761e-32
2.43224e-32
-4.32326e-32
-9.93915e-32
-1.36046e-31
-1.28574e-31
-8.17377e-32
-2.6635e-32
2.90337e-32
5.17759e-32
4.29283e-32
1.10433e-32
-3.78641e-32
-7.58596e-32
-1.00512e-31
-1.04753e-31
-8.76387e-32
-6.17238e-32
-2.68727e-32
6.16899e-33
2.79087e-32
3.43214e-32
1.49328e-32
-2.49776e-32
-7.15724e-32
-1.08398e-31
-1.1174e-31
-7.7952e-32
-2.00791e-32
3.69011e-32
5.77087e-32
2.89929e-32
-3.90497e-32
-1.14562e-31
-1.52049e-31
-1.26282e-31
-4.39142e-32
5.87898e-32
1.25336e-31
1.15279e-31
2.86038e-32
-1.00632e-31
-2.05503e-31
-2.30594e-31
-1.63733e-31
-2.76657e-32
1.06149e-31
1.74397e-31
1.49146e-31
3.54521e-32
-1.01305e-31
-2.01547e-31
-2.2333e-31
-1.54148e-31
-4.22155e-32
6.65996e-32
1.23747e-31
1.0497e-31
3.48616e-32
-5.75436e-32
-1.27143e-31
-1.4525e-31
-1.1465e-31
-5.23838e-32
7.22675e-33
3.51452e-32
2.19421e-32
-1.81579e-32
-6.10098e-32
-7.61117e-32
-5.27554e-32
-9.78312e-33
3.07949e-32
3.28642e-32
-1.10651e-32
-7.64293e-32
-1.35507e-31
-1.44744e-31
-9.64259e-32
-1.64216e-32
6.26641e-32
9.39764e-32
6.51446e-32
-1.39686e-33
-7.80754e-32
-1.22856e-31
-1.2142e-31
-9.14531e-32
-4.55763e-32
-1.45504e-32
-5.24891e-33
-3.70318e-33
-1.26758e-32
-1.40014e-32
-1.46912e-32
-2.44864e-32
-3.32364e-32
-4.8809e-32
-5.48228e-32
-4.95927e-32
-4.45264e-32
-4.06221e-32
-5.12277e-32
-6.54566e-32
-6.69595e-32
-4.39804e-32
5.15694e-33
5.67158e-32
7.94913e-32
4.90405e-32
-2.70833e-32
-1.17078e-31
-1.69319e-31
-1.48894e-31
-6.23053e-32
5.68852e-32
1.42453e-31
1.56085e-31
9.5235e-32
-7.89029e-33
-8.58574e-32
-1.04242e-31
-5.12918e-32
4.23133e-32
1.20885e-31
1.5832e-31
1.40765e-31
9.91374e-32
7.26602e-32
7.92821e-32
1.27914e-31
1.86653e-31
2.30298e-31
2.46703e-31
2.35417e-31
2.30356e-31
2.49199e-31
3.03259e-31
3.86488e-31
4.6404e-31
5.22035e-31
5.46088e-31
5.4796e-31
5.62899e-31
6.05536e-31
6.98358e-31
8.25484e-31
9.55049e-31
1.06742e-30
1.13046e-30
1.16219e-30
1.18764e-30
1.23752e-30
1.35432e-30
1.52612e-30
1.74013e-30
1.95295e-30
2.11215e-30
2.20319e-30
2.2291e-30
2.19339e-30
2.31492e-30
2.54327e-30
3.59627e-30
5.71087e-30
9.01648e-30
1.5582e-29
1.79534e-29
2.04283e-29
3.04434e-30
-4.00183e-29
-9.17018e-29
-1.976e-28
-1.88542e-28
-1.28047e-28
1.5968e-28
8.03624e-28
1.16871e-27
1.81092e-27
1.04904e-27
-7.69089e-28
-3.04464e-27
-7.55128e-27
-7.22192e-27
-5.93982e-27
1.73931e-27
1.68671e-26
2.26585e-26
3.30391e-26
1.66383e-26
-1.36212e-26
-4.10177e-26
-9.05062e-26
-7.13333e-26
-4.22059e-26
3.15589e-26
1.54613e-25
1.62724e-25
1.91986e-25
5.42993e-26
-1.45612e-25
-2.41575e-25
-4.15723e-25
-2.36536e-25
-3.1656e-26
2.19141e-25
5.89182e-25
4.55143e-25
3.83021e-25
-3.70971e-26
-5.44015e-25
-5.80062e-25
-7.54265e-25
-2.54591e-25
2.23615e-25
5.06835e-25
9.15279e-25
5.06845e-25
2.2363e-25
-2.54578e-25
-7.5426e-25
-5.80068e-25
-5.44027e-25
-3.71111e-26
3.83012e-25
4.55142e-25
5.89187e-25
2.19149e-25
-3.16501e-26
-2.36534e-25
-4.15725e-25
-2.4158e-25
-1.45617e-25
5.42958e-26
1.91984e-25
1.62724e-25
1.54614e-25
3.15595e-26
-4.2206e-26
-7.13337e-26
-9.05067e-26
-4.10185e-26
-1.36218e-26
1.66377e-26
3.30383e-26
2.26578e-26
1.68664e-26
1.73883e-27
-5.9402e-27
-7.22221e-27
-7.55151e-27
-3.0449e-27
-7.69362e-28
1.04872e-27
1.81056e-27
1.16834e-27
8.0327e-28
1.59398e-28
-1.2825e-28
-1.88646e-28
-1.97639e-28
-9.17418e-29
-4.01054e-29
2.84866e-30
2.0147e-29
1.7636e-29
1.53022e-29
8.86053e-30
5.68722e-30
3.68827e-30
2.6782e-30
2.40436e-30
2.19322e-30
2.11307e-30
2.00574e-30
1.89345e-30
1.76723e-30
1.64639e-30
1.53988e-30
1.46155e-30
1.40355e-30
1.34225e-30
1.25649e-30
1.13178e-30
9.77053e-31
8.277e-31
7.10598e-31
6.52321e-31
6.4595e-31
6.61965e-31
6.74494e-31
6.47556e-31
5.83243e-31
4.89168e-31
3.85721e-31
3.04432e-31
2.51247e-31
2.39849e-31
2.58868e-31
2.88492e-31
3.11663e-31
3.01366e-31
2.52924e-31
1.76301e-31
9.40862e-32
4.0589e-32
3.8332e-32
8.11057e-32
1.50353e-31
2.02936e-31
2.03899e-31
1.54331e-31
6.10053e-32
-2.48054e-32
-6.68215e-32
-5.4479e-32
1.69569e-32
9.56495e-32
1.50871e-31
1.5532e-31
9.60307e-32
1.25938e-32
-6.93519e-32
-1.08142e-31
-8.20296e-32
-9.12033e-33
8.65435e-32
1.55692e-31
1.6154e-31
9.88122e-32
-1.23004e-32
-1.21492e-31
-1.73659e-31
-1.44054e-31
-4.07387e-32
8.93041e-32
1.8098e-31
1.95106e-31
1.2234e-31
1.24471e-33
-1.10467e-31
-1.64828e-31
-1.40921e-31
-6.14642e-32
3.60856e-32
1.03677e-31
1.21529e-31
9.04382e-32
2.87302e-32
-2.73964e-32
-6.6448e-32
-6.89477e-32
-4.50937e-32
-9.7094e-33
2.88587e-32
4.15038e-32
3.87285e-32
1.3966e-32
-1.60973e-32
-2.56833e-32
-2.44533e-32
5.29932e-33
3.16993e-32
3.86525e-32
2.75935e-32
-1.72303e-32
-5.23291e-32
-6.86321e-32
-5.42247e-32
-2.21106e-33
4.34329e-32
7.55451e-32
7.19816e-32
3.39144e-32
-5.05707e-33
-4.03016e-32
-5.07645e-32
-4.44905e-32
-4.1573e-32
-3.76143e-32
-3.93507e-32
-2.59833e-32
1.58493e-32
6.94647e-32
1.20309e-31
1.2394e-31
6.17802e-32
-4.50457e-32
-1.64398e-31
-2.2238e-31
-1.8566e-31
-6.29053e-32
1.07878e-31
2.30228e-31
2.53792e-31
1.5871e-31
-2.42323e-32
-1.93777e-31
-2.87024e-31
-2.49462e-31
-9.58406e-32
8.78352e-32
2.34093e-31
2.60019e-31
1.62316e-31
-2.4992e-33
-1.70683e-31
-2.46536e-31
-2.12722e-31
-9.16216e-32
6.38619e-32
1.64658e-31
1.87369e-31
1.24678e-31
1.38216e-32
-8.05355e-32
-1.38538e-31
-1.34782e-31
-9.03555e-32
-3.47623e-32
2.27704e-32
5.52622e-32
7.27994e-32
7.19696e-32
5.13476e-32
2.36679e-32
-1.75365e-32
-5.33364e-32
-7.91768e-32
-8.82794e-32
-7.45335e-32
-4.82325e-32
-8.85552e-33
2.8573e-32
6.10177e-32
7.63864e-32
6.84743e-32
4.08869e-32
-9.45859e-33
-5.54465e-32
-9.24476e-32
-1.02154e-31
-7.83011e-32
-4.26992e-32
8.60725e-33
4.40028e-32
6.155e-32
6.37423e-32
3.80115e-32
1.04106e-32
-2.72685e-32
-6.07292e-32
-7.52873e-32
-7.85749e-32
-5.28194e-32
-1.58972e-32
2.31924e-32
5.46633e-32
5.77839e-32
4.18839e-32
6.56095e-33
-3.22954e-32
-5.89713e-32
-7.02047e-32
-5.84245e-32
-3.24986e-32
-1.39037e-34
2.75468e-32
4.07755e-32
3.49024e-32
1.45799e-32
-1.03022e-32
-2.9405e-32
-2.96774e-32
-2.11638e-32
-7.43349e-33
-3.07904e-33
-1.61221e-32
-2.72293e-32
-3.41476e-32
-1.40503e-32
2.53004e-32
5.8613e-32
7.27129e-32
3.80838e-32
-2.33415e-32
-8.56241e-32
-1.15783e-31
-8.36493e-32
-1.28255e-32
7.19275e-32
1.20309e-31
1.06062e-31
4.17852e-32
-4.77345e-32
-1.06398e-31
-1.11825e-31
-6.15064e-32
1.86717e-32
7.82702e-32
9.60813e-32
5.86207e-32
-7.5337e-33
-6.24603e-32
-8.31196e-32
-5.11154e-32
8.07191e-33
6.34504e-32
8.80144e-32
6.06954e-32
2.57142e-33
-6.17268e-32
-1.01259e-31
-9.03178e-32
-4.09986e-32
3.02822e-32
9.27486e-32
1.15063e-31
9.72083e-32
4.10479e-32
-3.07336e-32
-8.70054e-32
-1.18193e-31
-1.07241e-31
-6.14251e-32
1.06655e-33
7.01746e-32
1.15272e-31
1.27296e-31
9.98595e-32
3.26505e-32
-4.56521e-32
-1.16216e-31
-1.47403e-31
-1.22127e-31
-5.09258e-32
4.7566e-32
1.2827e-31
1.58143e-31
1.23758e-31
3.49947e-32
-6.50709e-32
-1.33774e-31
-1.39881e-31
-7.98589e-32
1.41429e-32
9.84285e-32
1.341e-31
1.03403e-31
2.73625e-32
-5.74845e-32
-1.10363e-31
-1.01718e-31
-4.47072e-32
3.7506e-32
1.02589e-31
1.14521e-31
8.01307e-32
5.96286e-33
-6.26855e-32
-9.1359e-32
-7.88593e-32
-1.66984e-32
4.81664e-32
9.0937e-32
9.93795e-32
5.6877e-32
5.64388e-33
-4.27293e-32
-6.51634e-32
-4.56114e-32
-1.25193e-32
3.25678e-32
6.3327e-32
6.89378e-32
6.08579e-32
3.65221e-32
1.4601e-32
1.625e-33
-5.4904e-33
-3.31433e-33
-7.16111e-34
-2.34647e-33
-9.73262e-34
-6.40221e-34
9.41054e-33
3.25038e-32
5.67126e-32
8.61869e-32
9.50938e-32
8.14851e-32
4.67459e-32
-1.09171e-32
-5.41472e-32
-7.95183e-32
-6.41963e-32
-1.02112e-32
5.44474e-32
1.18279e-31
1.42382e-31
1.27755e-31
7.65271e-32
1.34785e-32
-3.49279e-32
-5.48243e-32
-3.29056e-32
-1.54601e-33
4.79075e-32
6.89889e-32
7.03235e-32
6.40131e-32
1.99126e-32
1.12396e-32
-2.05149e-32
-2.59987e-32
-5.35247e-33
)
;

boundaryField
{
    left
    {
        type            calculated;
        value           uniform 0;
    }
    right
    {
        type            calculated;
        value           uniform 0;
    }
    empty
    {
        type            empty;
        value           nonuniform List<scalar> 0();
    }
}


// ************************************************************************* //
