/*--------------------------------*- C++ -*----------------------------------*\
| =========                 |                                                 |
| \\      /  F ield         | OpenFOAM: The Open Source CFD Toolbox           |
|  \\    /   O peration     | Version:  2106                                  |
|   \\  /    A nd           | Website:  www.openfoam.com                      |
|    \\/     M anipulation  |                                                 |
\*---------------------------------------------------------------------------*/
FoamFile
{
    version     2.0;
    format      ascii;
    arch        "LSB;label=32;scalar=64";
    class       surfaceScalarField;
    location    "0.093";
    object      phi;
}
// * * * * * * * * * * * * * * * * * * * * * * * * * * * * * * * * * * * * * //

dimensions      [0 3 -1 0 0 0 0];

oriented        oriented;

internalField   nonuniform List<scalar> 
799
(
1.72333e-32
4.44574e-32
5.70451e-32
4.55949e-32
1.97434e-32
-4.76923e-32
-1.07872e-31
-1.54544e-31
-1.65385e-31
-1.28413e-31
-7.34009e-32
-1.19079e-32
2.57812e-32
3.47369e-32
1.23625e-32
-2.76564e-32
-7.93408e-32
-1.32487e-31
-1.7325e-31
-2.01661e-31
-1.93929e-31
-1.58224e-31
-9.74385e-32
-2.70458e-32
1.31716e-32
2.19043e-32
-2.01256e-32
-9.11145e-32
-1.57777e-31
-2.10742e-31
-2.13959e-31
-1.87032e-31
-1.41075e-31
-8.64013e-32
-6.1888e-32
-5.11855e-32
-6.87585e-32
-1.07032e-31
-1.37285e-31
-1.74352e-31
-1.83688e-31
-1.71568e-31
-1.4846e-31
-1.02098e-31
-7.71968e-32
-6.72225e-32
-8.34432e-32
-1.32706e-31
-1.72953e-31
-2.09529e-31
-2.11734e-31
-1.78156e-31
-1.35228e-31
-8.1164e-32
-5.69742e-32
-6.33425e-32
-9.66411e-32
-1.55918e-31
-2.01493e-31
-2.26805e-31
-2.13792e-31
-1.60782e-31
-9.88084e-32
-4.39962e-32
-3.12934e-32
-7.21381e-32
-1.46026e-31
-2.29625e-31
-2.75122e-31
-2.57662e-31
-1.8633e-31
-8.46108e-32
-8.18708e-33
8.34319e-33
-3.87202e-32
-1.32465e-31
-2.18927e-31
-2.63491e-31
-2.51894e-31
-1.92537e-31
-1.26175e-31
-7.70391e-32
-6.15329e-32
-7.63895e-32
-1.00346e-31
-1.26118e-31
-1.45515e-31
-1.63466e-31
-1.83577e-31
-1.95646e-31
-1.93481e-31
-1.62156e-31
-1.09393e-31
-5.57797e-32
-2.29125e-32
-4.15986e-32
-9.99883e-32
-1.81561e-31
-2.50717e-31
-2.63872e-31
-2.28383e-31
-1.42398e-31
-5.13569e-32
2.09294e-33
1.13442e-32
-4.63833e-32
-1.25431e-31
-1.98997e-31
-2.42708e-31
-2.25487e-31
-1.81429e-31
-1.18449e-31
-7.15874e-32
-6.27943e-32
-7.40262e-32
-1.0444e-31
-1.21079e-31
-1.18382e-31
-1.05446e-31
-9.13591e-32
-1.01086e-31
-1.31389e-31
-1.72731e-31
-2.03363e-31
-2.01756e-31
-1.66898e-31
-1.07344e-31
-4.76999e-32
-9.70648e-33
-4.16595e-33
-3.39366e-32
-8.61402e-32
-1.46934e-31
-2.02094e-31
-2.338e-31
-2.36381e-31
-2.02511e-31
-1.38219e-31
-6.43274e-32
5.98632e-34
2.60315e-32
3.61046e-33
-5.94561e-32
-1.43514e-31
-2.08222e-31
-2.34587e-31
-2.10968e-31
-1.50599e-31
-8.77547e-32
-4.4331e-32
-4.34394e-32
-7.79084e-32
-1.24808e-31
-1.61802e-31
-1.62234e-31
-1.29236e-31
-7.83372e-32
-3.65204e-32
-3.36135e-32
-7.356e-32
-1.44577e-31
-2.11321e-31
-2.38165e-31
-2.07162e-31
-1.26876e-31
-3.74257e-32
2.07526e-32
1.29278e-32
-5.34867e-32
-1.4336e-31
-2.14039e-31
-2.20848e-31
-1.74368e-31
-9.68125e-32
-3.40438e-32
-2.75438e-32
-6.34225e-32
-1.32208e-31
-1.81718e-31
-1.83792e-31
-1.47463e-31
-7.64092e-32
-2.68697e-32
-1.33487e-32
-4.23434e-32
-1.09634e-31
-1.65517e-31
-2.01887e-31
-1.9412e-31
-1.46979e-31
-9.15569e-32
-3.55547e-32
-1.24659e-32
-2.09524e-32
-5.24613e-32
-1.00978e-31
-1.38562e-31
-1.62782e-31
-1.66569e-31
-1.48977e-31
-1.2256e-31
-8.71829e-32
-5.35902e-32
-3.12655e-32
-2.42381e-32
-4.29767e-32
-8.22005e-32
-1.2807e-31
-1.64127e-31
-1.66656e-31
-1.32004e-31
-7.3212e-32
-1.52585e-32
6.57976e-33
-2.10427e-32
-8.79232e-32
-1.62199e-31
-1.98371e-31
-1.71204e-31
-8.73439e-32
1.69422e-32
8.51652e-32
7.68988e-32
-7.8666e-33
-1.35073e-31
-2.37783e-31
-2.60569e-31
-1.91261e-31
-5.25895e-32
8.39961e-32
1.55197e-31
1.33083e-31
2.27292e-32
-1.10475e-31
-2.06938e-31
-2.24702e-31
-1.51248e-31
-3.47781e-32
7.88638e-32
1.41141e-31
1.27811e-31
6.34857e-32
-2.27781e-32
-8.5862e-32
-9.70578e-32
-5.91196e-32
1.09236e-32
7.87811e-32
1.1544e-31
1.11496e-31
8.1205e-32
4.87381e-32
4.46273e-32
7.96131e-32
1.34892e-31
1.88482e-31
2.04311e-31
1.7492e-31
1.24909e-31
8.20454e-32
8.99266e-32
1.56316e-31
2.55383e-31
3.54567e-31
4.07066e-31
4.00566e-31
3.57554e-31
3.05657e-31
2.86955e-31
3.1584e-31
3.74679e-31
4.50921e-31
5.13866e-31
5.56705e-31
5.93482e-31
6.21502e-31
6.58999e-31
6.9904e-31
7.31963e-31
7.68e-31
7.99364e-31
8.42516e-31
8.99236e-31
9.58203e-31
1.0185e-30
1.06688e-30
1.11432e-30
1.17725e-30
1.26755e-30
1.38697e-30
1.51189e-30
1.6112e-30
1.66057e-30
1.66764e-30
1.66432e-30
1.70235e-30
1.81674e-30
2.00111e-30
2.22199e-30
2.41326e-30
2.53672e-30
2.58993e-30
2.6052e-30
2.65007e-30
2.75907e-30
2.94404e-30
3.17442e-30
3.39461e-30
3.5786e-30
3.71263e-30
3.8277e-30
3.96313e-30
4.13693e-30
4.35811e-30
4.59482e-30
4.82194e-30
5.02737e-30
5.21072e-30
5.40595e-30
5.63078e-30
5.89656e-30
6.19726e-30
6.49806e-30
6.78507e-30
7.04392e-30
7.28636e-30
7.5476e-30
7.84226e-30
8.19276e-30
8.58319e-30
8.98161e-30
9.36831e-30
9.71106e-30
1.00278e-29
1.03434e-29
1.06885e-29
1.11054e-29
1.15821e-29
1.21055e-29
1.26322e-29
1.31095e-29
1.35227e-29
1.38745e-29
1.41682e-29
1.46226e-29
1.51868e-29
1.65785e-29
1.90342e-29
2.26833e-29
2.95942e-29
3.23125e-29
3.51357e-29
1.81009e-29
-2.46119e-29
-7.59453e-29
-1.81494e-28
-1.72086e-28
-1.11242e-28
1.76832e-28
8.21122e-28
1.18655e-27
1.8291e-27
1.06757e-27
-7.50231e-28
-3.02545e-27
-7.53176e-27
-7.20208e-27
-5.91967e-27
1.75978e-27
1.68879e-26
2.26796e-26
3.30604e-26
1.666e-26
-1.35993e-26
-4.09955e-26
-9.04838e-26
-7.13105e-26
-4.21829e-26
3.15822e-26
1.54637e-25
1.62747e-25
1.9201e-25
5.43234e-26
-1.45588e-25
-2.4155e-25
-4.15699e-25
-2.36512e-25
-3.1631e-26
2.19166e-25
5.89208e-25
4.55169e-25
3.83047e-25
-3.70716e-26
-5.4399e-25
-5.80037e-25
-7.54239e-25
-2.54566e-25
2.23641e-25
5.06861e-25
9.15305e-25
5.06871e-25
2.23656e-25
-2.54552e-25
-7.54235e-25
-5.80042e-25
-5.44002e-25
-3.70857e-26
3.83038e-25
4.55167e-25
5.89212e-25
2.19174e-25
-3.16253e-26
-2.3651e-25
-4.15701e-25
-2.41555e-25
-1.45593e-25
5.43197e-26
1.92008e-25
1.62747e-25
1.54637e-25
3.15825e-26
-4.21832e-26
-7.13112e-26
-9.04845e-26
-4.09965e-26
-1.36001e-26
1.66591e-26
3.30595e-26
2.26787e-26
1.6887e-26
1.75903e-27
-5.92032e-27
-7.20265e-27
-7.53228e-27
-3.02599e-27
-7.50789e-28
1.06695e-27
1.82846e-27
1.1859e-27
8.20485e-28
1.76268e-28
-1.11725e-28
-1.72468e-28
-1.81808e-28
-7.62584e-29
-2.4969e-29
1.76386e-29
3.45914e-29
3.17362e-29
2.90595e-29
2.2277e-29
1.87649e-29
1.64296e-29
1.5086e-29
1.44815e-29
1.3943e-29
1.35389e-29
1.31114e-29
1.26827e-29
1.22443e-29
1.18156e-29
1.14057e-29
1.10286e-29
1.06766e-29
1.03263e-29
9.95658e-30
9.55309e-30
9.12486e-30
8.70739e-30
8.32761e-30
8.01218e-30
7.75422e-30
7.52427e-30
7.29649e-30
7.03491e-30
6.74166e-30
6.42433e-30
6.10332e-30
5.81015e-30
5.55074e-30
5.33874e-30
5.16275e-30
5.00292e-30
4.84213e-30
4.65331e-30
4.43172e-30
4.18727e-30
3.94246e-30
3.73153e-30
3.57692e-30
3.47233e-30
3.39912e-30
3.31406e-30
3.18209e-30
3.00422e-30
2.78711e-30
2.58193e-30
2.42487e-30
2.32638e-30
2.2911e-30
2.26708e-30
2.2235e-30
2.13294e-30
1.98233e-30
1.81116e-30
1.64497e-30
1.52532e-30
1.47384e-30
1.47234e-30
1.49667e-30
1.49747e-30
1.43784e-30
1.31242e-30
1.14131e-30
9.74708e-31
8.67637e-31
8.44758e-31
8.97914e-31
9.80044e-31
1.02597e-30
9.96419e-31
8.8198e-31
7.21131e-31
5.7152e-31
4.81025e-31
4.70508e-31
5.17169e-31
5.83503e-31
6.21377e-31
6.10956e-31
5.52965e-31
4.65678e-31
3.85242e-31
3.23085e-31
2.98641e-31
3.01656e-31
3.17256e-31
3.37048e-31
3.31881e-31
3.12207e-31
2.71421e-31
2.26168e-31
2.02191e-31
1.89788e-31
2.06631e-31
2.20804e-31
2.16178e-31
1.94162e-31
1.38975e-31
9.40742e-32
6.8505e-32
7.41543e-32
1.17889e-31
1.5571e-31
1.80436e-31
1.69899e-31
1.25248e-31
8.00645e-32
3.8958e-32
2.29697e-32
2.4029e-32
2.20361e-32
2.13628e-32
1.52585e-32
2.45122e-32
6.24691e-32
1.12435e-31
1.59842e-31
1.60239e-31
9.50326e-32
-1.46596e-32
-1.36704e-31
-1.9722e-31
-1.62883e-31
-4.23678e-32
1.26306e-31
2.46677e-31
2.68376e-31
1.71542e-31
-1.30499e-32
-1.84143e-31
-2.78843e-31
-2.42642e-31
-9.0299e-32
9.21708e-32
2.37299e-31
2.62166e-31
1.63473e-31
-2.27425e-33
-1.71336e-31
-2.48018e-31
-2.14979e-31
-9.45974e-32
6.02086e-32
1.60373e-31
1.82494e-31
1.19246e-31
7.86923e-33
-8.69693e-32
-1.45427e-31
-1.42099e-31
-9.80712e-32
-4.28534e-32
1.43277e-32
4.64916e-32
6.37242e-32
6.26138e-32
4.17348e-32
1.38155e-32
-2.76115e-32
-6.36184e-32
-8.96498e-32
-9.89262e-32
-8.53405e-32
-5.91862e-32
-1.99349e-32
1.7377e-32
4.9724e-32
6.50054e-32
5.70196e-32
2.93674e-32
-2.10329e-32
-6.70645e-32
-1.04095e-31
-1.13821e-31
-8.99793e-32
-5.43744e-32
-3.05666e-33
3.23545e-32
4.99222e-32
5.21385e-32
2.64477e-32
-1.1029e-33
-3.87277e-32
-7.21283e-32
-8.66202e-32
-8.98371e-32
-6.40037e-32
-2.69965e-32
1.21815e-32
4.37487e-32
4.69799e-32
3.11902e-32
-4.01586e-33
-4.27496e-32
-6.93026e-32
-8.04061e-32
-6.84941e-32
-4.24306e-32
-9.92517e-33
1.79142e-32
3.13009e-32
2.55882e-32
5.43473e-33
-1.92743e-32
-3.82056e-32
-3.82989e-32
-2.96042e-32
-1.56873e-32
-1.11403e-32
-2.39869e-32
-3.48939e-32
-4.16106e-32
-2.13116e-32
1.82478e-32
5.17699e-32
6.60835e-32
3.16665e-32
-2.95418e-32
-9.16005e-32
-1.21534e-31
-8.91706e-32
-1.81218e-32
6.68629e-32
1.15478e-31
1.01466e-31
3.74262e-32
-5.18572e-32
-1.10281e-31
-1.15467e-31
-6.49053e-32
1.5518e-32
7.53656e-32
9.34287e-32
5.62187e-32
-9.68081e-33
-6.43501e-32
-8.47451e-32
-5.24756e-32
6.97654e-33
6.26228e-32
8.74552e-32
6.04065e-32
2.55694e-33
-6.14632e-32
-1.00715e-31
-8.9491e-32
-3.98882e-32
3.168e-32
9.44308e-32
1.17033e-31
9.9466e-32
4.35952e-32
-2.78936e-32
-8.38712e-32
-1.1477e-31
-1.03528e-31
-5.74198e-32
5.36618e-33
7.4769e-32
1.20162e-31
1.32483e-31
1.05348e-31
3.84419e-32
-3.95658e-32
-1.09827e-31
-1.40707e-31
-1.15127e-31
-4.36223e-32
5.51734e-32
1.36183e-31
1.66361e-31
1.32283e-31
4.38227e-32
-5.59377e-32
-1.2434e-31
-1.30149e-31
-6.98245e-32
2.44754e-32
1.09056e-31
1.45019e-31
1.14611e-31
3.88556e-32
-4.57077e-32
-9.83082e-32
-8.9391e-32
-3.21104e-32
5.03676e-32
1.15712e-31
1.27888e-31
9.37341e-32
1.97934e-32
-4.86358e-32
-7.71011e-32
-6.44043e-32
-2.05232e-33
6.29913e-32
1.05926e-31
1.14525e-31
7.21622e-32
2.10513e-32
-2.72014e-32
-4.95348e-32
-2.99061e-32
3.25151e-33
4.83905e-32
7.91903e-32
8.48207e-32
7.67423e-32
5.23892e-32
3.04304e-32
1.73966e-32
1.02089e-32
1.2288e-32
1.47744e-32
1.30083e-32
1.42211e-32
1.43753e-32
2.42209e-32
4.7092e-32
7.1057e-32
1.00267e-31
1.08888e-31
9.49768e-32
5.99145e-32
1.90712e-33
-4.16813e-32
-6.74354e-32
-5.25143e-32
1.04422e-33
6.52616e-32
1.28635e-31
1.52264e-31
1.3715e-31
8.54127e-32
2.1842e-32
-2.7099e-32
-4.75464e-32
-2.61926e-32
4.58913e-33
5.34521e-32
7.39377e-32
7.46689e-32
6.77476e-32
2.30326e-32
1.37373e-32
-1.86349e-32
-2.47444e-32
-4.72535e-33
)
;

boundaryField
{
    left
    {
        type            calculated;
        value           uniform 0;
    }
    right
    {
        type            calculated;
        value           uniform 0;
    }
    empty
    {
        type            empty;
        value           nonuniform List<scalar> 0();
    }
}


// ************************************************************************* //
