/*--------------------------------*- C++ -*----------------------------------*\
| =========                 |                                                 |
| \\      /  F ield         | OpenFOAM: The Open Source CFD Toolbox           |
|  \\    /   O peration     | Version:  v1706                                 |
|   \\  /    A nd           | Web:      www.OpenFOAM.com                      |
|    \\/     M anipulation  |                                                 |
\*---------------------------------------------------------------------------*/
FoamFile
{
    version     2.0;
    format      ascii;
    class       volScalarField;
    location    "400";
    object      pB;
}
// * * * * * * * * * * * * * * * * * * * * * * * * * * * * * * * * * * * * * //

dimensions      [1 1 -3 0 0 -1 0];


internalField   nonuniform List<scalar> 
800
(
4.88018e+13
4.88018e+13
4.88018e+13
4.88018e+13
4.88018e+13
4.88018e+13
4.88018e+13
4.88018e+13
4.88018e+13
4.88018e+13
4.88018e+13
4.88018e+13
4.88018e+13
4.88018e+13
4.88018e+13
4.88018e+13
4.88018e+13
4.88018e+13
4.88018e+13
4.88018e+13
4.88018e+13
4.88018e+13
4.88018e+13
4.88018e+13
4.88018e+13
4.88018e+13
4.88018e+13
4.88018e+13
4.88018e+13
4.88018e+13
4.88018e+13
4.88018e+13
4.88018e+13
4.88018e+13
4.88018e+13
4.88018e+13
4.88018e+13
4.88018e+13
4.88018e+13
4.88018e+13
4.88018e+13
4.88018e+13
4.88018e+13
4.88018e+13
4.88018e+13
4.88018e+13
4.88018e+13
4.88018e+13
4.88018e+13
4.88018e+13
4.88018e+13
4.88018e+13
4.88018e+13
4.88018e+13
4.88018e+13
4.88018e+13
4.88018e+13
4.88018e+13
4.88018e+13
4.88018e+13
4.88018e+13
4.88018e+13
4.88018e+13
4.88018e+13
4.88018e+13
4.88018e+13
4.88018e+13
4.88018e+13
4.88018e+13
4.88018e+13
4.88018e+13
4.88018e+13
4.88018e+13
4.88018e+13
4.88018e+13
4.88018e+13
4.88018e+13
4.88018e+13
4.88018e+13
4.88018e+13
4.88018e+13
4.88018e+13
4.88018e+13
4.88018e+13
4.88018e+13
4.88018e+13
4.88018e+13
4.88018e+13
4.88018e+13
4.88018e+13
4.88018e+13
4.88018e+13
4.88018e+13
4.88018e+13
4.88018e+13
4.88018e+13
4.88018e+13
4.88018e+13
4.88018e+13
4.88018e+13
4.88018e+13
4.88018e+13
4.88018e+13
4.88018e+13
4.88018e+13
4.88018e+13
4.88018e+13
4.88018e+13
4.88018e+13
4.88018e+13
4.88018e+13
4.88018e+13
4.88018e+13
4.88018e+13
4.88018e+13
4.88018e+13
4.88018e+13
4.88018e+13
4.88018e+13
4.88018e+13
4.88018e+13
4.88018e+13
4.88018e+13
4.88018e+13
4.88018e+13
4.88018e+13
4.88018e+13
4.88018e+13
4.88018e+13
4.88018e+13
4.88018e+13
4.88018e+13
4.88018e+13
4.88018e+13
4.88018e+13
4.88018e+13
4.88018e+13
4.88018e+13
4.88018e+13
4.88018e+13
4.88018e+13
4.88018e+13
4.88018e+13
4.88018e+13
4.88018e+13
4.88018e+13
4.88018e+13
4.88018e+13
4.88018e+13
4.88018e+13
4.88018e+13
4.88018e+13
4.88018e+13
4.88018e+13
4.88018e+13
4.88018e+13
4.88018e+13
4.88018e+13
4.88018e+13
4.88018e+13
4.88018e+13
4.88018e+13
4.88018e+13
4.88018e+13
4.88018e+13
4.88018e+13
4.88018e+13
4.88018e+13
4.88018e+13
4.88018e+13
4.88018e+13
4.88018e+13
4.88018e+13
4.88018e+13
4.88018e+13
4.88018e+13
4.88018e+13
4.88018e+13
4.88018e+13
4.88018e+13
4.88018e+13
4.88018e+13
4.88018e+13
4.88018e+13
4.88018e+13
4.88018e+13
4.88018e+13
4.88018e+13
4.88018e+13
4.88018e+13
4.88018e+13
4.88018e+13
4.88018e+13
4.88018e+13
4.88018e+13
4.88018e+13
4.88018e+13
4.88018e+13
4.88018e+13
4.88018e+13
4.88018e+13
4.88018e+13
4.88018e+13
4.88018e+13
4.88018e+13
4.88018e+13
4.88018e+13
4.88018e+13
4.88018e+13
4.88018e+13
4.88018e+13
4.88018e+13
4.88018e+13
4.88018e+13
4.88018e+13
4.88018e+13
4.88018e+13
4.88018e+13
4.88018e+13
4.88018e+13
4.88018e+13
4.88018e+13
4.88018e+13
4.88018e+13
4.88018e+13
4.88018e+13
4.88018e+13
4.88018e+13
4.88018e+13
4.88018e+13
4.88018e+13
4.88018e+13
4.88018e+13
4.88018e+13
4.88018e+13
4.88018e+13
4.88018e+13
4.88018e+13
4.88018e+13
4.88018e+13
4.88018e+13
4.88018e+13
4.88018e+13
4.88018e+13
4.88018e+13
4.88018e+13
4.88018e+13
4.88018e+13
4.88018e+13
4.88018e+13
4.88018e+13
4.88018e+13
4.88018e+13
4.88018e+13
4.88018e+13
4.88018e+13
4.88018e+13
4.88018e+13
4.88018e+13
4.88018e+13
4.88018e+13
4.88018e+13
4.88018e+13
4.88018e+13
4.88018e+13
4.88018e+13
4.88018e+13
4.88018e+13
4.88018e+13
4.88018e+13
4.88018e+13
4.88018e+13
4.88018e+13
4.88018e+13
4.88018e+13
4.88018e+13
4.88018e+13
4.88018e+13
4.88018e+13
4.88018e+13
4.88018e+13
4.88018e+13
4.88018e+13
4.88018e+13
4.88018e+13
4.88018e+13
4.88018e+13
4.88018e+13
4.88018e+13
4.88018e+13
4.88018e+13
4.88018e+13
4.88018e+13
4.88018e+13
4.88018e+13
4.88018e+13
4.88018e+13
4.88018e+13
4.88018e+13
4.88018e+13
4.88018e+13
4.88018e+13
4.88018e+13
4.88018e+13
4.88018e+13
4.88018e+13
4.88018e+13
4.88018e+13
4.88018e+13
4.88018e+13
4.88018e+13
4.88018e+13
4.88018e+13
4.88018e+13
4.88018e+13
4.88018e+13
4.88018e+13
4.88018e+13
4.88018e+13
4.88018e+13
4.88018e+13
4.88018e+13
4.88018e+13
4.88018e+13
4.88018e+13
4.88018e+13
4.88018e+13
4.88018e+13
4.88018e+13
4.88018e+13
4.88018e+13
4.88018e+13
4.88018e+13
4.88018e+13
4.88018e+13
4.88018e+13
4.88018e+13
4.88018e+13
4.88018e+13
4.88018e+13
4.88018e+13
4.88018e+13
4.88018e+13
4.88018e+13
4.88018e+13
4.88018e+13
4.88018e+13
4.88018e+13
4.88018e+13
4.88018e+13
4.88018e+13
4.88018e+13
4.88018e+13
4.88018e+13
4.88018e+13
4.88018e+13
4.88018e+13
4.88018e+13
4.88018e+13
4.88018e+13
4.88018e+13
4.88018e+13
4.88018e+13
4.88018e+13
4.88018e+13
4.88018e+13
4.88018e+13
4.88018e+13
4.88018e+13
4.88018e+13
4.88018e+13
4.88018e+13
4.88018e+13
4.88018e+13
4.88018e+13
4.88018e+13
4.88018e+13
4.88018e+13
4.88018e+13
4.88018e+13
4.88018e+13
4.88018e+13
4.88018e+13
4.88018e+13
4.88018e+13
4.88018e+13
4.88018e+13
4.88018e+13
4.88018e+13
4.88018e+13
4.88018e+13
4.88018e+13
4.88018e+13
4.88018e+13
4.88018e+13
4.88018e+13
4.88018e+13
4.88018e+13
4.88018e+13
4.88018e+13
4.88018e+13
4.88018e+13
4.88018e+13
4.88018e+13
4.88018e+13
4.88018e+13
4.88018e+13
4.88018e+13
4.88018e+13
4.88018e+13
4.88018e+13
4.88018e+13
4.88018e+13
4.88018e+13
4.88018e+13
4.88018e+13
4.88018e+13
4.88018e+13
4.88018e+13
4.88018e+13
4.88018e+13
4.88018e+13
4.88018e+13
4.88018e+13
4.88018e+13
4.88018e+13
4.88018e+13
4.88018e+13
4.88018e+13
4.88018e+13
4.88018e+13
4.88018e+13
4.88018e+13
4.88018e+13
4.88018e+13
4.88018e+13
4.88018e+13
4.88018e+13
4.88018e+13
4.88018e+13
4.88018e+13
4.88018e+13
4.88018e+13
4.88018e+13
4.88018e+13
4.88018e+13
4.88018e+13
4.88018e+13
4.88018e+13
4.88018e+13
4.88018e+13
4.88018e+13
4.88018e+13
4.88018e+13
4.88018e+13
4.88018e+13
4.88018e+13
4.88018e+13
4.88018e+13
4.88018e+13
4.88018e+13
4.88018e+13
4.88018e+13
4.88018e+13
4.88018e+13
4.88018e+13
4.88018e+13
4.88018e+13
4.88018e+13
4.88018e+13
4.88018e+13
4.88018e+13
4.88018e+13
4.88018e+13
4.88018e+13
4.88018e+13
4.88018e+13
4.88018e+13
4.88018e+13
4.88018e+13
4.88018e+13
4.88018e+13
4.88018e+13
4.88018e+13
4.88018e+13
4.88018e+13
4.88018e+13
4.88018e+13
4.88018e+13
4.88018e+13
4.88018e+13
4.88018e+13
4.88018e+13
4.88018e+13
4.88018e+13
4.88018e+13
4.88018e+13
4.88018e+13
4.88018e+13
4.88018e+13
4.88018e+13
4.88018e+13
4.88018e+13
4.88018e+13
4.88018e+13
4.88018e+13
4.88018e+13
4.88018e+13
4.88018e+13
4.88018e+13
4.88018e+13
4.88018e+13
4.88018e+13
4.88018e+13
4.88018e+13
4.88018e+13
4.88018e+13
4.88018e+13
4.88018e+13
4.88018e+13
4.88018e+13
4.88018e+13
4.88018e+13
4.88018e+13
4.88018e+13
4.88018e+13
4.88018e+13
4.88018e+13
4.88018e+13
4.88018e+13
4.88018e+13
4.88018e+13
4.88018e+13
4.88018e+13
4.88018e+13
4.88018e+13
4.88018e+13
4.88018e+13
4.88018e+13
4.88018e+13
4.88018e+13
4.88018e+13
4.88018e+13
4.88018e+13
4.88018e+13
4.88018e+13
4.88018e+13
4.88018e+13
4.88018e+13
4.88018e+13
4.88018e+13
4.88018e+13
4.88018e+13
4.88018e+13
4.88018e+13
4.88018e+13
4.88018e+13
4.88018e+13
4.88018e+13
4.88018e+13
4.88018e+13
4.88018e+13
4.88018e+13
4.88018e+13
4.88018e+13
4.88018e+13
4.88018e+13
4.88018e+13
4.88018e+13
4.88018e+13
4.88018e+13
4.88018e+13
4.88018e+13
4.88018e+13
4.88018e+13
4.88018e+13
4.88018e+13
4.88018e+13
4.88018e+13
4.88018e+13
4.88018e+13
4.88018e+13
4.88018e+13
4.88018e+13
4.88018e+13
4.88018e+13
4.88018e+13
4.88018e+13
4.88018e+13
4.88018e+13
4.88018e+13
4.88018e+13
4.88018e+13
4.88018e+13
4.88018e+13
4.88018e+13
4.88018e+13
4.88018e+13
4.88018e+13
4.88018e+13
4.88018e+13
4.88018e+13
4.88018e+13
4.88018e+13
4.88018e+13
4.88018e+13
4.88018e+13
4.88018e+13
4.88018e+13
4.88018e+13
4.88018e+13
4.88018e+13
4.88018e+13
4.88018e+13
4.88018e+13
4.88018e+13
4.88018e+13
4.88018e+13
4.88018e+13
4.88018e+13
4.88018e+13
4.88018e+13
4.88018e+13
4.88018e+13
4.88018e+13
4.88018e+13
4.88018e+13
4.88018e+13
4.88018e+13
4.88018e+13
4.88018e+13
4.88018e+13
4.88018e+13
4.88018e+13
4.88018e+13
4.88018e+13
4.88018e+13
4.88018e+13
4.88018e+13
4.88018e+13
4.88018e+13
4.88018e+13
4.88018e+13
4.88018e+13
4.88018e+13
4.88018e+13
4.88018e+13
4.88018e+13
4.88018e+13
4.88018e+13
4.88018e+13
4.88018e+13
4.88018e+13
4.88018e+13
4.88018e+13
4.88018e+13
4.88018e+13
4.88018e+13
4.88018e+13
4.88018e+13
4.88018e+13
4.88018e+13
4.88018e+13
4.88018e+13
4.88018e+13
4.88018e+13
4.88018e+13
4.88018e+13
4.88018e+13
4.88018e+13
4.88018e+13
4.88018e+13
4.88018e+13
4.88018e+13
4.88018e+13
4.88018e+13
4.88018e+13
4.88018e+13
4.88018e+13
4.88018e+13
4.88018e+13
4.88018e+13
4.88018e+13
4.88018e+13
4.88018e+13
4.88018e+13
4.88018e+13
4.88018e+13
4.88018e+13
4.88018e+13
4.88018e+13
4.88018e+13
4.88018e+13
4.88018e+13
4.88018e+13
4.88018e+13
4.88018e+13
4.88018e+13
4.88018e+13
4.88018e+13
4.88018e+13
4.88018e+13
4.88018e+13
4.88018e+13
4.88018e+13
4.88018e+13
4.88018e+13
4.88018e+13
4.88018e+13
4.88018e+13
4.88018e+13
4.88018e+13
4.88018e+13
4.88018e+13
4.88018e+13
4.88018e+13
4.88018e+13
4.88018e+13
4.88018e+13
4.88018e+13
4.88018e+13
4.88018e+13
4.88018e+13
4.88018e+13
4.88018e+13
4.88018e+13
4.88018e+13
4.88018e+13
4.88018e+13
4.88018e+13
4.88018e+13
4.88018e+13
4.88018e+13
4.88018e+13
4.88018e+13
4.88018e+13
4.88018e+13
4.88018e+13
4.88018e+13
4.88018e+13
4.88018e+13
4.88018e+13
4.88018e+13
4.88018e+13
4.88018e+13
4.88018e+13
4.88018e+13
4.88018e+13
4.88018e+13
4.88018e+13
4.88018e+13
4.88018e+13
4.88018e+13
4.88018e+13
4.88018e+13
4.88018e+13
4.88018e+13
4.88018e+13
4.88018e+13
4.88018e+13
4.88018e+13
4.88018e+13
4.88018e+13
4.88018e+13
4.88018e+13
4.88018e+13
4.88018e+13
4.88018e+13
4.88018e+13
4.88018e+13
4.88018e+13
4.88018e+13
4.88018e+13
4.88018e+13
4.88018e+13
4.88018e+13
4.88018e+13
4.88018e+13
4.88018e+13
4.88018e+13
4.88018e+13
4.88018e+13
4.88018e+13
4.88018e+13
4.88018e+13
4.88018e+13
4.88018e+13
4.88018e+13
4.88018e+13
4.88018e+13
4.88018e+13
4.88018e+13
4.88018e+13
4.88018e+13
4.88018e+13
4.88018e+13
4.88018e+13
4.88018e+13
4.88018e+13
4.88018e+13
)
;

boundaryField
{
    left
    {
        type            zeroGradient;
    }
    right
    {
        type            zeroGradient;
    }
    empty
    {
        type            empty;
    }
}


// ************************************************************************* //
