/*--------------------------------*- C++ -*----------------------------------*\
| =========                 |                                                 |
| \\      /  F ield         | OpenFOAM: The Open Source CFD Toolbox           |
|  \\    /   O peration     | Version:  v1706                                 |
|   \\  /    A nd           | Web:      www.OpenFOAM.com                      |
|    \\/     M anipulation  |                                                 |
\*---------------------------------------------------------------------------*/
FoamFile
{
    version     2.0;
    format      ascii;
    class       surfaceScalarField;
    location    "0.0096";
    object      phi;
}
// * * * * * * * * * * * * * * * * * * * * * * * * * * * * * * * * * * * * * //

dimensions      [0 3 -1 0 0 0 0];
oriented        oriented;


internalField   nonuniform List<scalar> 
799
(
0
8.27548e-35
8.48237e-35
8.22846e-35
8.29194e-35
8.41007e-35
8.25785e-35
8.05653e-35
8.37771e-35
8.297e-35
8.39389e-35
8.20403e-35
8.10349e-35
8.08123e-35
7.99351e-35
7.80998e-35
7.75826e-35
7.3727e-35
7.44793e-35
7.32149e-35
7.3727e-35
7.29747e-35
7.20343e-35
7.12952e-35
7.20343e-35
7.03416e-35
6.92131e-35
7.02005e-35
7.07177e-35
7.41561e-35
7.3727e-35
7.16861e-35
7.22224e-35
7.1282e-35
7.07177e-35
6.84608e-35
6.62038e-35
6.62038e-35
6.4229e-35
6.76144e-35
6.49108e-35
6.39704e-35
6.30829e-35
6.56154e-35
6.54471e-35
6.66652e-35
6.54251e-35
6.1925e-35
6.11727e-35
6.16899e-35
6.24423e-35
6.31946e-35
6.46992e-35
6.69562e-35
6.62038e-35
6.62038e-35
6.54515e-35
6.62038e-35
6.45111e-35
6.31946e-35
6.31005e-35
6.35413e-35
6.3077e-35
6.17855e-35
6.01941e-35
6.23499e-35
6.13195e-35
5.8942e-35
5.82352e-35
6.16662e-35
5.94653e-35
5.91406e-35
5.94036e-35
5.99326e-35
6.11257e-35
6.13138e-35
6.20661e-35
6.01853e-35
6.20661e-35
6.31946e-35
6.30065e-35
6.46992e-35
6.01853e-35
6.31946e-35
6.01853e-35
6.05615e-35
6.01853e-35
6.28184e-35
6.16077e-35
5.81811e-35
6.0726e-35
5.93154e-35
5.85866e-35
6.20661e-35
6.01853e-35
6.01853e-35
6.01853e-35
6.01853e-35
6.16899e-35
6.03734e-35
5.8328e-35
5.85984e-35
5.75463e-35
5.80088e-35
5.76859e-35
5.59629e-35
5.36589e-35
5.63848e-35
5.65295e-35
5.62709e-35
5.74288e-35
5.52953e-35
5.19098e-35
5.49191e-35
5.41668e-35
5.42751e-35
5.49191e-35
5.41668e-35
5.62356e-35
5.54833e-35
5.48449e-35
5.40727e-35
5.54481e-35
5.05169e-35
5.04052e-35
5.13103e-35
4.99585e-35
5.07343e-35
5.26621e-35
5.26621e-35
5.25681e-35
5.26621e-35
5.26621e-35
5.34145e-35
5.11575e-35
5.49191e-35
5.26621e-35
5.44019e-35
5.41668e-35
5.41668e-35
5.42608e-35
5.34145e-35
5.28502e-35
5.08754e-35
5.06168e-35
5.07314e-35
4.94766e-35
5.18863e-35
5.21919e-35
5.40727e-35
5.26621e-35
5.26621e-35
5.29097e-35
5.11575e-35
4.96529e-35
5.13456e-35
4.92767e-35
5.16277e-35
5.20039e-35
4.87125e-35
4.81482e-35
4.81482e-35
4.89006e-35
4.89006e-35
4.81482e-35
4.83363e-35
4.81482e-35
5.07755e-35
5.11575e-35
5.11575e-35
5.10635e-35
5.10635e-35
5.15337e-35
5.04052e-35
5.459e-35
5.41668e-35
5.41668e-35
5.49191e-35
5.41668e-35
5.05933e-35
5.26621e-35
5.26621e-35
5.38905e-35
5.41668e-35
5.41668e-35
5.66118e-35
5.92449e-35
6.00443e-35
5.86866e-35
5.85396e-35
6.03734e-35
5.90568e-35
6.09376e-35
6.01853e-35
6.02674e-35
6.01853e-35
6.09376e-35
5.96211e-35
5.9339e-35
6.18545e-35
6.18413e-35
6.00531e-35
6.03627e-35
6.42672e-35
6.49773e-35
6.47999e-35
6.38293e-35
6.44817e-35
6.5428e-35
6.33827e-35
6.50754e-35
6.31946e-35
6.39469e-35
6.01853e-35
6.31946e-35
6.07495e-35
6.31476e-35
6.16899e-35
6.16899e-35
5.7176e-35
5.7082e-35
5.52953e-35
5.79284e-35
5.90568e-35
5.87747e-35
6.01148e-35
5.96681e-35
6.00913e-35
6.20661e-35
6.24423e-35
6.16899e-35
6.31946e-35
6.09376e-35
6.07495e-35
6.16899e-35
6.03734e-35
6.06085e-35
6.16899e-35
6.34227e-35
6.18898e-35
6.18442e-35
6.29095e-35
6.18816e-35
6.47083e-35
6.35441e-35
6.45898e-35
6.21986e-35
6.27761e-35
6.31479e-35
6.28763e-35
6.29878e-35
6.38716e-35
6.18338e-35
6.1784e-35
5.96446e-35
6.14784e-35
5.99972e-35
6.27009e-35
6.31946e-35
6.62038e-35
6.97597e-35
6.62038e-35
6.46992e-35
6.62038e-35
6.46992e-35
6.39469e-35
6.31946e-35
6.16899e-35
6.07495e-35
5.76933e-35
5.81164e-35
5.79284e-35
5.74582e-35
5.73641e-35
5.7176e-35
5.60476e-35
5.26621e-35
5.56714e-35
5.56714e-35
5.19098e-35
5.52953e-35
5.47384e-35
5.61416e-35
5.49191e-35
5.64237e-35
5.62356e-35
5.6785e-35
5.66118e-35
5.79284e-35
5.75522e-35
5.6988e-35
5.39552e-35
5.49882e-35
5.50572e-35
5.31401e-35
5.37025e-35
5.13221e-35
4.85714e-35
5.19098e-35
5.19098e-35
5.11575e-35
5.11575e-35
4.96529e-35
4.5139e-35
4.66436e-35
4.43867e-35
4.66436e-35
4.5139e-35
4.57032e-35
4.36667e-35
4.48569e-35
4.5139e-35
4.5139e-35
4.41045e-35
4.32582e-35
4.3893e-35
4.42574e-35
4.28233e-35
4.29032e-35
4.22726e-35
4.48091e-35
4.6147e-35
4.49743e-35
4.66014e-35
4.60125e-35
4.6003e-35
4.62616e-35
4.80072e-35
5.01231e-35
5.17218e-35
4.96529e-35
5.05463e-35
5.26621e-35
5.12516e-35
5.11575e-35
5.11575e-35
5.26621e-35
4.96529e-35
4.81482e-35
4.47628e-35
4.36344e-35
4.21297e-35
4.32582e-35
4.06251e-35
4.13774e-35
4.36344e-35
4.35403e-35
4.21297e-35
4.36344e-35
4.43867e-35
4.66436e-35
4.5139e-35
4.96529e-35
4.96529e-35
4.85244e-35
5.11575e-35
4.81482e-35
5.11575e-35
5.07814e-35
5.05933e-35
5.05933e-35
5.04052e-35
5.11575e-35
5.04052e-35
5.05933e-35
5.04052e-35
5.26621e-35
5.20979e-35
5.22037e-35
5.2286e-35
5.26621e-35
5.26621e-35
5.19098e-35
5.26621e-35
4.89006e-35
5.11575e-35
4.92767e-35
4.85244e-35
4.89006e-35
4.5139e-35
4.81482e-35
5.56714e-35
5.56714e-35
5.41668e-35
5.64237e-35
5.7176e-35
6.01853e-35
6.31946e-35
6.31946e-35
6.24423e-35
6.16899e-35
6.16899e-35
6.09376e-35
5.86807e-35
6.05615e-35
6.24423e-35
6.92131e-35
6.77085e-35
6.62038e-35
6.77085e-35
6.92131e-35
6.77085e-35
6.62038e-35
6.46992e-35
6.39469e-35
6.39469e-35
6.46992e-35
6.39469e-35
6.38529e-35
6.05615e-35
6.31946e-35
5.41668e-35
4.96529e-35
4.96529e-35
4.89006e-35
4.89006e-35
4.96529e-35
5.26621e-35
4.46688e-35
4.36344e-35
4.70198e-35
4.70198e-35
4.66436e-35
4.96529e-35
4.81482e-35
4.66436e-35
4.71971e-35
4.5139e-35
4.5139e-35
4.5139e-35
4.62675e-35
4.55151e-35
4.81482e-35
4.73959e-35
4.36344e-35
4.21297e-35
4.22238e-35
4.36344e-35
4.21297e-35
4.12025e-35
4.06251e-35
4.21297e-35
4.00608e-35
3.91205e-35
3.61112e-35
3.61112e-35
3.61112e-35
3.61112e-35
3.31019e-35
3.46066e-35
3.23496e-35
3.38542e-35
3.00927e-35
3.22556e-35
3.23496e-35
3.31019e-35
3.38542e-35
3.42304e-35
3.31019e-35
3.31019e-35
3.25377e-35
3.31019e-35
3.46066e-35
3.18794e-35
3.15973e-35
3.00927e-35
2.96225e-35
2.64751e-35
2.6143e-35
2.55788e-35
2.63311e-35
2.70834e-35
2.68953e-35
2.70834e-35
2.55788e-35
2.3745e-35
2.8588e-35
2.52026e-35
2.70834e-35
2.63311e-35
2.63311e-35
2.68953e-35
2.68953e-35
2.68953e-35
2.70834e-35
2.70834e-35
2.93403e-35
2.82119e-35
2.76711e-35
2.78357e-35
2.78357e-35
2.77652e-35
2.55788e-35
2.619e-35
2.48264e-35
2.76476e-35
2.6237e-35
2.56493e-35
2.81119e-35
2.62899e-35
2.76476e-35
2.73655e-35
2.74595e-35
2.78357e-35
2.59549e-35
2.25695e-35
2.21933e-35
2.33218e-35
2.30397e-35
2.40741e-35
2.40741e-35
2.3886e-35
2.40741e-35
2.25695e-35
2.1347e-35
1.74326e-35
1.84318e-35
2.10649e-35
2.18172e-35
2.25695e-35
2.25695e-35
2.48264e-35
2.46384e-35
2.55788e-35
2.70834e-35
2.49205e-35
2.55788e-35
2.56963e-35
2.63311e-35
2.42622e-35
2.3698e-35
2.06887e-35
2.20875e-35
2.08268e-35
2.0732e-35
1.78763e-35
1.86397e-35
1.99596e-35
1.96766e-35
1.87718e-35
1.81069e-35
1.85596e-35
1.55856e-35
1.75182e-35
1.80096e-35
1.66378e-35
1.5914e-35
1.36277e-35
1.27548e-35
1.63159e-35
1.65936e-35
1.73503e-35
1.68331e-35
1.73973e-35
1.73033e-35
1.69271e-35
1.80556e-35
1.80556e-35
1.6551e-35
1.50463e-35
1.80556e-35
1.09086e-35
1.05324e-35
9.21588e-36
1.05324e-35
1.03444e-35
9.0278e-36
9.79775e-36
1.05324e-35
9.59203e-36
1.16609e-35
1.05324e-35
1.08006e-35
1.05324e-35
1.1849e-35
1.09086e-35
1.05794e-35
9.07996e-36
9.45979e-36
1.13413e-35
1.30406e-35
1.42895e-35
1.34568e-35
1.5562e-35
1.33336e-35
1.31027e-35
1.25942e-35
1.40102e-35
1.44792e-35
1.44138e-35
1.30833e-35
1.48289e-35
1.46231e-35
1.57986e-35
1.50463e-35
1.80556e-35
1.80556e-35
1.20371e-35
1.50463e-35
1.14728e-35
1.20371e-35
1.35417e-35
1.6551e-35
1.95602e-35
1.95602e-35
2.00304e-35
1.98423e-35
1.90195e-35
1.90606e-35
1.98982e-35
1.80203e-35
2.00422e-35
1.85258e-35
2.09708e-35
2.20053e-35
1.95602e-35
1.95602e-35
1.80556e-35
1.95602e-35
1.76794e-35
1.80556e-35
1.61748e-35
1.87844e-35
1.6551e-35
1.50463e-35
1.35417e-35
1.35417e-35
1.6551e-35
1.35417e-35
1.20371e-35
1.20371e-35
1.15904e-35
1.20371e-35
1.27894e-35
1.12847e-35
1.05324e-35
9.30992e-36
1.07205e-35
7.96985e-36
8.25197e-36
9.0278e-36
6.39469e-36
9.0278e-36
3.5735e-36
6.01853e-36
5.26621e-36
5.40727e-36
6.01853e-36
8.36952e-36
9.0278e-36
9.0278e-36
1.06265e-35
9.78011e-36
7.71124e-36
8.09916e-36
8.65458e-36
8.99253e-36
9.06894e-36
1.0603e-35
1.11907e-35
1.11907e-35
9.0278e-36
1.05324e-35
7.52316e-36
7.52316e-36
7.05297e-36
4.32582e-36
5.17218e-36
3.04416e-36
5.61886e-36
3.66754e-36
8.46356e-37
1.50463e-36
0
2.44503e-36
1.31655e-36
-1.50463e-36
0
-9.40395e-37
2.44503e-36
1.12847e-36
9.9917e-37
7.02358e-37
5.93625e-37
-4.8783e-37
-2.35099e-37
3.76158e-36
3.76158e-36
4.5139e-36
3.00927e-36
7.52316e-37
1.12847e-36
1.69271e-36
1.50463e-36
-2.64486e-38
1.50463e-36
-1.12847e-36
-3.76158e-37
-1.50463e-36
-1.50463e-36
2.53907e-36
2.35099e-36
3.10331e-36
1.36945e-36
1.21958e-36
1.78253e-36
1.41206e-36
1.55165e-36
9.01457e-37
3.43634e-36
6.22207e-36
2.20437e-36
4.63658e-36
2.08193e-36
3.99428e-36
3.82201e-36
4.32435e-36
3.54558e-36
1.98457e-36
3.7366e-36
3.06584e-36
3.62052e-36
1.68096e-36
3.29138e-37
-5.64237e-37
-1.12847e-36
-3.00927e-36
-1.50463e-36
0
0
-1.50463e-36
-3.00927e-36
-4.5139e-36
-4.5139e-36
-4.5139e-36
-2.77417e-36
-6.48873e-36
-5.59535e-36
-3.92027e-36
-3.61869e-36
-4.70932e-36
-2.79768e-36
-4.32582e-36
-4.13774e-36
-4.5139e-36
-4.23178e-36
-4.32582e-36
-6.01853e-36
-3.00927e-36
-3.00927e-36
-3.00927e-36
-3.19734e-36
-3.76158e-36
-3.38542e-36
-2.30397e-36
-2.25695e-36
-1.50463e-36
-3.00927e-36
0
0
3.76158e-37
5.64237e-37
-1.31655e-36
-2.82119e-37
0
9.40395e-37
-1.50463e-36
-1.50463e-36
-1.56047e-36
-4.5139e-36
-4.5139e-36
-1.50463e-36
-2.63311e-36
-3.00927e-36
-2.16291e-36
-1.50463e-36
-2.25695e-36
-2.25695e-36
-7.52316e-37
-5.64237e-37
0
-1.88079e-36
0
0
-7.52316e-37
-7.52316e-37
-5.64237e-37
-1.50463e-36
2.23932e-36
2.25695e-36
2.72715e-36
2.91523e-36
2.25695e-36
2.63311e-36
1.50463e-36
2.25695e-36
7.52316e-37
0
-5.64237e-37
)
;

boundaryField
{
    left
    {
        type            calculated;
        value           uniform 0;
    }
    right
    {
        type            calculated;
        value           uniform 0;
    }
    empty
    {
        type            empty;
        value           nonuniform 0();
    }
}


// ************************************************************************* //
