/*--------------------------------*- C++ -*----------------------------------*\
| =========                 |                                                 |
| \\      /  F ield         | OpenFOAM: The Open Source CFD Toolbox           |
|  \\    /   O peration     | Version:  2106                                  |
|   \\  /    A nd           | Website:  www.openfoam.com                      |
|    \\/     M anipulation  |                                                 |
\*---------------------------------------------------------------------------*/
FoamFile
{
    version     2.0;
    format      ascii;
    arch        "LSB;label=32;scalar=64";
    class       surfaceScalarField;
    location    "0.09";
    object      phi;
}
// * * * * * * * * * * * * * * * * * * * * * * * * * * * * * * * * * * * * * //

dimensions      [0 3 -1 0 0 0 0];

oriented        oriented;

internalField   nonuniform List<scalar> 
799
(
1.73093e-32
4.46139e-32
5.72754e-32
4.58981e-32
2.0119e-32
-4.72455e-32
-1.07347e-31
-1.53939e-31
-1.64694e-31
-1.27636e-31
-7.25397e-32
-1.09637e-32
2.68063e-32
3.58404e-32
1.35435e-32
-2.63985e-32
-7.80047e-32
-1.31076e-31
-1.71769e-31
-2.00107e-31
-1.92304e-31
-1.56527e-31
-9.56661e-32
-2.52011e-32
1.50885e-32
2.38879e-32
-1.80774e-32
-8.90081e-32
-1.55605e-31
-2.08504e-31
-2.11655e-31
-1.84662e-31
-1.38641e-31
-8.39055e-32
-5.93331e-32
-4.85719e-32
-6.60881e-32
-1.04305e-31
-1.34503e-31
-1.71515e-31
-1.80799e-31
-1.68633e-31
-1.45474e-31
-9.9056e-32
-7.4102e-32
-6.40816e-32
-8.02594e-32
-1.29478e-31
-1.69685e-31
-2.06219e-31
-2.08383e-31
-1.74766e-31
-1.318e-31
-7.7699e-32
-5.3474e-32
-5.98069e-32
-9.30736e-32
-1.52317e-31
-1.97861e-31
-2.2314e-31
-2.10099e-31
-1.57063e-31
-9.50601e-32
-4.02228e-32
-2.74942e-32
-6.83141e-32
-1.42182e-31
-2.25761e-31
-2.71236e-31
-2.53759e-31
-1.82407e-31
-8.06701e-32
-4.22802e-33
1.23169e-32
-3.47284e-32
-1.28455e-31
-2.14901e-31
-2.5945e-31
-2.47845e-31
-1.88482e-31
-1.22113e-31
-7.29675e-32
-5.74521e-32
-7.22991e-32
-9.62486e-32
-1.22015e-31
-1.41408e-31
-1.59357e-31
-1.79465e-31
-1.91528e-31
-1.89357e-31
-1.5803e-31
-1.0527e-31
-5.16571e-32
-1.87899e-32
-3.74759e-32
-9.58634e-32
-1.77436e-31
-2.46593e-31
-2.59748e-31
-2.24265e-31
-1.38282e-31
-4.72466e-32
6.20134e-33
1.54466e-32
-4.22883e-32
-1.21338e-31
-1.94909e-31
-2.38619e-31
-2.21399e-31
-1.77347e-31
-1.14374e-31
-6.75234e-32
-5.87348e-32
-6.99733e-32
-1.00395e-31
-1.17044e-31
-1.14354e-31
-1.01425e-31
-8.73465e-32
-9.70822e-32
-1.27393e-31
-1.68743e-31
-1.99382e-31
-1.97779e-31
-1.62926e-31
-1.03383e-31
-4.37517e-32
-5.76848e-33
-2.39801e-34
-3.00203e-32
-8.22327e-32
-1.43034e-31
-1.98206e-31
-2.29921e-31
-2.32511e-31
-1.98649e-31
-1.34366e-31
-6.04834e-32
4.43312e-33
2.98558e-32
7.42461e-33
-5.56521e-32
-1.3972e-31
-2.04436e-31
-2.30814e-31
-2.07206e-31
-1.46852e-31
-8.40118e-32
-4.0595e-32
-3.97115e-32
-7.41859e-32
-1.21093e-31
-1.58095e-31
-1.58533e-31
-1.25557e-31
-7.46768e-32
-3.28702e-32
-2.99783e-32
-6.99383e-32
-1.40969e-31
-2.07726e-31
-2.34583e-31
-2.03595e-31
-1.23319e-31
-3.38843e-32
2.4278e-32
1.64389e-32
-4.99899e-32
-1.39877e-31
-2.10573e-31
-2.17397e-31
-1.70938e-31
-9.34036e-32
-3.06584e-32
-2.41749e-32
-6.00762e-32
-1.28882e-31
-1.7842e-31
-1.8052e-31
-1.44216e-31
-7.31908e-32
-2.36799e-32
-1.0189e-32
-3.92152e-32
-1.06537e-31
-1.62457e-31
-1.98866e-31
-1.9114e-31
-1.44042e-31
-8.8662e-32
-3.2714e-32
-9.6778e-33
-1.822e-32
-4.97845e-32
-9.83601e-32
-1.3601e-31
-1.60298e-31
-1.64159e-31
-1.46647e-31
-1.20314e-31
-8.5026e-32
-5.15271e-32
-2.93095e-32
-2.23852e-32
-4.12331e-32
-8.05749e-32
-1.26567e-31
-1.62755e-31
-1.65425e-31
-1.30924e-31
-7.22929e-32
-1.45122e-32
7.1455e-33
-2.06672e-32
-8.77487e-32
-1.62241e-31
-1.98637e-31
-1.71712e-31
-8.81188e-32
1.58972e-32
8.38366e-32
7.52677e-32
-9.8181e-33
-1.37362e-31
-2.40428e-31
-2.63597e-31
-1.94688e-31
-5.6438e-32
7.97034e-32
1.50435e-31
1.27827e-31
1.69527e-32
-1.16801e-31
-2.13843e-31
-2.32216e-31
-1.59403e-31
-4.36043e-32
6.93305e-32
1.30863e-31
1.16752e-31
5.16074e-32
-3.5517e-32
-9.95024e-32
-1.11645e-31
-7.47045e-32
-5.70256e-33
6.10625e-32
9.65779e-32
9.1438e-32
5.98949e-32
2.61204e-32
2.06446e-32
5.41999e-32
1.07984e-31
1.60015e-31
1.74212e-31
1.43123e-31
9.13432e-32
4.66353e-32
5.25922e-32
1.16972e-31
2.1395e-31
3.10962e-31
3.61202e-31
3.52355e-31
3.06902e-31
2.52468e-31
2.31133e-31
2.57282e-31
3.13284e-31
3.86578e-31
4.46472e-31
4.8615e-31
5.19651e-31
5.44278e-31
5.78263e-31
6.1467e-31
6.43837e-31
6.75989e-31
7.03341e-31
7.42351e-31
7.94794e-31
8.49343e-31
9.0509e-31
9.48773e-31
9.91373e-31
1.04933e-30
1.1345e-30
1.24864e-30
1.36813e-30
1.46186e-30
1.50549e-30
1.50666e-30
1.4973e-30
1.52911e-30
1.63713e-30
1.81496e-30
2.02914e-30
2.21355e-30
2.32998e-30
2.37599e-30
2.38391e-30
2.42125e-30
2.52255e-30
2.69966e-30
2.92201e-30
3.13401e-30
3.30963e-30
3.43513e-30
3.5415e-30
3.66807e-30
3.83286e-30
4.04485e-30
4.27223e-30
4.48984e-30
4.68562e-30
4.85917e-30
5.04444e-30
5.25917e-30
5.5147e-30
5.80501e-30
6.09528e-30
6.37164e-30
6.6197e-30
6.85121e-30
7.10142e-30
7.38491e-30
7.72415e-30
8.1032e-30
8.49013e-30
8.86525e-30
9.19633e-30
9.50131e-30
9.80509e-30
1.01383e-29
1.05432e-29
1.10079e-29
1.15192e-29
1.20338e-29
1.24989e-29
1.28999e-29
1.32395e-29
1.3521e-29
1.39631e-29
1.45151e-29
1.58945e-29
1.83381e-29
2.1975e-29
2.88737e-29
3.15799e-29
3.43911e-29
1.73444e-29
-2.53804e-29
-7.67256e-29
-1.82286e-28
-1.7289e-28
-1.12057e-28
1.76006e-28
8.20284e-28
1.1857e-27
1.82824e-27
1.0667e-27
-7.51113e-28
-3.02634e-27
-7.53267e-27
-7.20299e-27
-5.92059e-27
1.75885e-27
1.68869e-26
2.26786e-26
3.30595e-26
1.6659e-26
-1.36003e-26
-4.09965e-26
-9.04847e-26
-7.13115e-26
-4.21839e-26
3.15811e-26
1.54636e-25
1.62746e-25
1.92009e-25
5.43223e-26
-1.45589e-25
-2.41551e-25
-4.157e-25
-2.36513e-25
-3.16321e-26
2.19165e-25
5.89207e-25
4.55168e-25
3.83046e-25
-3.70727e-26
-5.43991e-25
-5.80038e-25
-7.54241e-25
-2.54567e-25
2.23639e-25
5.06859e-25
9.15304e-25
5.0687e-25
2.23655e-25
-2.54553e-25
-7.54236e-25
-5.80043e-25
-5.44003e-25
-3.70868e-26
3.83037e-25
4.55166e-25
5.89211e-25
2.19173e-25
-3.16263e-26
-2.36511e-25
-4.15702e-25
-2.41556e-25
-1.45594e-25
5.43187e-26
1.92007e-25
1.62746e-25
1.54636e-25
3.15815e-26
-4.21842e-26
-7.13122e-26
-9.04854e-26
-4.09975e-26
-1.36011e-26
1.66581e-26
3.30585e-26
2.26777e-26
1.6886e-26
1.7581e-27
-5.92124e-27
-7.20355e-27
-7.53317e-27
-3.02688e-27
-7.51663e-28
1.06609e-27
1.82761e-27
1.18506e-27
8.19655e-28
1.7545e-28
-1.12532e-28
-1.73263e-28
-1.82592e-28
-7.70304e-29
-2.57291e-29
1.68904e-29
3.38552e-29
3.1012e-29
2.83474e-29
2.1577e-29
1.8077e-29
1.57539e-29
1.44224e-29
1.38302e-29
1.33038e-29
1.29119e-29
1.24965e-29
1.208e-29
1.16537e-29
1.1237e-29
1.0839e-29
1.04738e-29
1.01337e-29
9.79522e-30
9.4372e-30
9.04534e-30
8.62866e-30
8.22262e-30
7.85419e-30
7.54999e-30
7.30315e-30
7.08421e-30
6.86732e-30
6.61651e-30
6.3339e-30
6.02707e-30
5.71644e-30
5.43349e-30
5.18417e-30
4.98212e-30
4.81592e-30
4.66572e-30
4.51441e-30
4.33492e-30
4.1225e-30
3.88707e-30
3.65111e-30
3.44888e-30
3.30279e-30
3.20657e-30
3.14156e-30
3.06453e-30
2.94044e-30
2.77026e-30
2.56068e-30
2.36288e-30
2.21302e-30
2.12158e-30
2.09318e-30
2.07588e-30
2.03884e-30
1.95468e-30
1.8103e-30
1.64521e-30
1.48494e-30
1.37104e-30
1.32518e-30
1.32913e-30
1.35876e-30
1.36471e-30
1.31009e-30
1.18954e-30
1.02314e-30
8.61125e-31
7.58497e-31
7.39924e-31
7.97253e-31
8.83422e-31
9.33254e-31
9.07492e-31
7.96718e-31
6.39414e-31
4.93225e-31
4.06043e-31
3.98717e-31
4.48468e-31
5.17774e-31
5.58521e-31
5.50872e-31
4.9555e-31
4.10836e-31
3.32876e-31
2.73099e-31
2.50944e-31
2.56159e-31
2.73876e-31
2.95701e-31
2.92486e-31
2.74691e-31
2.35708e-31
1.92187e-31
1.6987e-31
1.59058e-31
1.77425e-31
1.93051e-31
1.89823e-31
1.6915e-31
1.15243e-31
7.15697e-32
4.71693e-32
5.39321e-32
9.8728e-32
1.37569e-31
1.63266e-31
1.53658e-31
1.09896e-31
6.55553e-32
2.52553e-32
1.00347e-32
1.18234e-32
1.05226e-32
1.05076e-32
5.033e-33
1.48833e-32
5.34084e-32
1.03913e-31
1.51832e-31
1.52716e-31
8.79699e-32
-2.12845e-32
-1.42918e-31
-2.0304e-31
-1.68326e-31
-4.74601e-32
1.2155e-31
2.42235e-31
2.64233e-31
1.67684e-31
-1.66405e-32
-1.87482e-31
-2.81944e-31
-2.45521e-31
-9.29637e-32
8.97103e-32
2.35028e-31
2.60075e-31
1.61545e-31
-4.04859e-33
-1.72962e-31
-2.49506e-31
-2.16336e-31
-9.58331e-32
5.90843e-32
1.59353e-31
1.81567e-31
1.18416e-31
7.13497e-33
-8.76268e-32
-1.46003e-31
-1.42597e-31
-9.8497e-32
-4.32146e-32
1.40315e-32
4.62554e-32
6.35534e-32
6.25024e-32
4.16746e-32
1.38043e-32
-2.75777e-32
-6.35426e-32
-8.95332e-32
-9.87743e-32
-8.51543e-32
-5.89696e-32
-1.96941e-32
1.76418e-32
5.00057e-32
6.52996e-32
5.7328e-32
2.96819e-32
-2.07066e-32
-6.67312e-32
-1.03756e-31
-1.13476e-31
-8.96227e-32
-5.40065e-32
-2.67373e-33
3.27491e-32
5.0333e-32
5.25628e-32
2.68615e-32
-7.01159e-34
-3.8332e-32
-7.17377e-32
-8.6232e-32
-8.94504e-32
-6.36174e-32
-2.66111e-32
1.25667e-32
4.41339e-32
4.73651e-32
3.15706e-32
-3.63519e-33
-4.2372e-32
-6.89259e-32
-8.00299e-32
-6.81173e-32
-4.20545e-32
-9.54962e-33
1.82903e-32
3.16695e-32
2.59536e-32
5.79585e-33
-1.89223e-32
-3.78626e-32
-3.79619e-32
-2.92743e-32
-1.53647e-32
-1.08249e-32
-2.36799e-32
-3.46005e-32
-4.13293e-32
-2.10378e-32
1.85181e-32
5.20377e-32
6.63423e-32
3.19193e-32
-2.92987e-32
-9.13673e-32
-1.2131e-31
-8.89577e-32
-1.79142e-32
6.70585e-32
1.15664e-31
1.01644e-31
3.75948e-32
-5.16947e-32
-1.10126e-31
-1.1532e-31
-6.47684e-32
1.56459e-32
7.54837e-32
9.3534e-32
5.63162e-32
-9.59655e-33
-6.42779e-32
-8.46837e-32
-5.24274e-32
7.01265e-33
6.26469e-32
8.74679e-32
6.04065e-32
2.54245e-33
-6.14933e-32
-1.00757e-31
-8.95475e-32
-3.99598e-32
3.15928e-32
9.43299e-32
1.16918e-31
9.93374e-32
4.34508e-32
-2.80561e-32
-8.40488e-32
-1.14959e-31
-1.03726e-31
-5.76282e-32
5.14834e-33
7.45433e-32
1.19929e-31
1.32245e-31
1.05103e-31
3.81891e-32
-3.98261e-32
-1.10097e-31
-1.40989e-31
-1.1542e-31
-4.39262e-32
5.48604e-32
1.35856e-31
1.66024e-31
1.31934e-31
4.34631e-32
-5.63094e-32
-1.24722e-31
-1.30539e-31
-7.02256e-32
2.40636e-32
1.08635e-31
1.44589e-31
1.14173e-31
3.84065e-32
-4.61697e-32
-9.87806e-32
-8.98725e-32
-3.26016e-32
4.98658e-32
1.15197e-31
1.2737e-31
9.32135e-32
1.92706e-32
-4.91582e-32
-7.76248e-32
-6.49294e-32
-2.57894e-33
6.24665e-32
1.05409e-31
1.14011e-31
7.16491e-32
2.05412e-32
-2.77118e-32
-5.00433e-32
-3.04056e-32
2.76025e-33
4.79037e-32
7.87043e-32
8.43347e-32
7.62548e-32
5.19006e-32
2.99419e-32
1.69091e-32
9.72294e-33
1.18065e-32
1.42977e-32
1.25366e-32
1.37559e-32
1.39163e-32
2.37744e-32
4.66572e-32
7.06357e-32
9.9858e-32
1.08488e-31
9.45851e-32
5.95315e-32
1.53397e-33
-4.20424e-32
-6.77833e-32
-5.28477e-32
7.28242e-34
6.49599e-32
1.28349e-31
1.5199e-31
1.36888e-31
8.5169e-32
2.16118e-32
-2.73132e-32
-4.77443e-32
-2.63709e-32
4.42738e-33
5.33106e-32
7.38128e-32
7.45606e-32
6.76573e-32
2.29556e-32
1.36771e-32
-1.86823e-32
-2.4777e-32
-4.7434e-33
)
;

boundaryField
{
    left
    {
        type            calculated;
        value           uniform 0;
    }
    right
    {
        type            calculated;
        value           uniform 0;
    }
    empty
    {
        type            empty;
        value           nonuniform List<scalar> 0();
    }
}


// ************************************************************************* //
