/*--------------------------------*- C++ -*----------------------------------*\
| =========                 |                                                 |
| \\      /  F ield         | OpenFOAM: The Open Source CFD Toolbox           |
|  \\    /   O peration     | Version:  2106                                  |
|   \\  /    A nd           | Website:  www.openfoam.com                      |
|    \\/     M anipulation  |                                                 |
\*---------------------------------------------------------------------------*/
FoamFile
{
    version     2.0;
    format      ascii;
    arch        "LSB;label=32;scalar=64";
    class       surfaceScalarField;
    location    "0.066";
    object      phi;
}
// * * * * * * * * * * * * * * * * * * * * * * * * * * * * * * * * * * * * * //

dimensions      [0 3 -1 0 0 0 0];

oriented        oriented;

internalField   nonuniform List<scalar> 
799
(
1.80217e-32
4.60389e-32
5.94164e-32
4.87554e-32
2.3694e-32
-4.29452e-32
-1.0233e-31
-1.48212e-31
-1.58264e-31
-1.20506e-31
-6.47148e-32
-2.44823e-33
3.60088e-32
4.57268e-32
2.4108e-32
-1.51613e-32
-6.6103e-32
-1.18517e-31
-1.58557e-31
-1.86255e-31
-1.77814e-31
-1.41412e-31
-7.99321e-32
-8.85627e-33
3.20351e-32
4.14267e-32
4.47628e-35
-7.0307e-32
-1.36341e-31
-1.88682e-31
-1.91296e-31
-1.6377e-31
-1.17227e-31
-6.19841e-32
-3.69106e-32
-2.56598e-32
-4.26972e-32
-8.04469e-32
-1.1019e-31
-1.46757e-31
-1.55606e-31
-1.43015e-31
-1.19446e-31
-7.26316e-32
-4.72931e-32
-3.68951e-32
-5.27054e-32
-1.0157e-31
-1.41432e-31
-1.77634e-31
-1.79481e-31
-1.45554e-31
-1.02291e-31
-4.79039e-32
-2.34036e-32
-2.94728e-32
-6.24874e-32
-1.21488e-31
-1.66802e-31
-1.91861e-31
-1.78604e-31
-1.25369e-31
-6.31824e-32
-8.16545e-33
4.72906e-33
-3.59321e-32
-1.09644e-31
-1.9308e-31
-2.38423e-31
-2.2082e-31
-1.49352e-31
-4.75103e-32
2.90304e-32
4.56686e-32
-1.29398e-33
-9.49436e-32
-1.81317e-31
-2.25806e-31
-2.14148e-31
-1.54738e-31
-8.83304e-32
-3.91532e-32
-2.3612e-32
-3.84373e-32
-6.23728e-32
-8.81294e-32
-1.07518e-31
-1.25468e-31
-1.45578e-31
-1.57654e-31
-1.55499e-31
-1.24189e-31
-7.14465e-32
-1.78585e-32
1.49771e-32
-3.74202e-33
-6.21679e-32
-1.4378e-31
-2.12979e-31
-2.26182e-31
-1.90745e-31
-1.04813e-31
-1.38306e-32
3.95598e-32
4.87486e-32
-9.04679e-33
-8.81592e-32
-1.61795e-31
-2.05574e-31
-1.8843e-31
-1.44447e-31
-8.15447e-32
-3.4763e-32
-2.60452e-32
-3.73589e-32
-6.78559e-32
-8.45784e-32
-8.19668e-32
-6.91164e-32
-5.51157e-32
-6.49296e-32
-9.53194e-32
-1.36749e-31
-1.67469e-31
-1.65949e-31
-1.3118e-31
-7.17138e-32
-1.21589e-32
2.57472e-32
3.11967e-32
1.33734e-33
-5.09559e-32
-1.11836e-31
-1.67082e-31
-1.98873e-31
-2.0154e-31
-1.6776e-31
-1.03558e-31
-2.97552e-32
3.50832e-32
6.04294e-32
3.7921e-32
-2.52323e-32
-1.09378e-31
-1.74172e-31
-2.00625e-31
-1.77092e-31
-1.16811e-31
-5.40468e-32
-1.07085e-32
-9.90175e-33
-4.44499e-32
-9.14351e-32
-1.28511e-31
-1.29028e-31
-9.6125e-32
-4.5315e-32
-3.59005e-33
-7.70372e-34
-4.08056e-32
-1.1191e-31
-1.78744e-31
-2.05679e-31
-1.74769e-31
-9.45758e-32
-5.21807e-33
5.28675e-32
4.49479e-32
-2.15644e-32
-1.11535e-31
-1.8232e-31
-1.89234e-31
-1.42865e-31
-6.54222e-32
-2.76552e-33
3.62165e-33
-3.23741e-32
-1.01287e-31
-1.50925e-31
-1.53131e-31
-1.16941e-31
-4.60322e-32
3.35834e-33
1.67211e-32
-1.24373e-32
-7.98975e-32
-1.35959e-31
-1.72517e-31
-1.64947e-31
-1.18011e-31
-6.28154e-32
-7.04855e-33
1.57911e-32
7.04093e-33
-2.47444e-32
-7.3554e-32
-1.11447e-31
-1.35997e-31
-1.40135e-31
-1.22917e-31
-9.68968e-32
-6.19457e-32
-2.87987e-32
-6.95065e-33
-4.2882e-34
-1.97057e-32
-5.95044e-32
-1.05985e-31
-1.42693e-31
-1.45919e-31
-1.12011e-31
-5.40098e-32
3.09804e-33
2.4035e-32
-4.54592e-33
-7.24466e-32
-1.47813e-31
-1.85148e-31
-1.59221e-31
-7.66851e-32
2.61987e-32
9.29321e-32
8.30768e-32
-3.3843e-33
-1.32391e-31
-2.37016e-31
-2.61842e-31
-1.94698e-31
-5.83271e-32
7.58154e-32
1.44421e-31
1.19556e-31
6.27968e-33
-1.30027e-31
-2.2978e-31
-2.51033e-31
-1.81278e-31
-6.87211e-32
4.07771e-32
9.86646e-32
8.06927e-32
1.14578e-32
-7.99975e-32
-1.48564e-31
-1.65548e-31
-1.33728e-31
-7.01415e-32
-9.09851e-33
2.03757e-32
8.85928e-33
-2.94096e-32
-7.02784e-32
-8.32304e-32
-5.75492e-32
-1.20596e-32
3.12381e-32
3.62496e-32
-4.50487e-33
-6.64461e-32
-1.21833e-31
-1.27081e-31
-7.44658e-32
1.01653e-32
9.42288e-32
1.30897e-31
1.07822e-31
4.74712e-32
-2.25575e-32
-6.02064e-32
-5.11161e-32
-1.29474e-32
4.17174e-32
8.21523e-32
1.0152e-31
1.13831e-31
1.16363e-31
1.27318e-31
1.39736e-31
1.43921e-31
1.50073e-31
1.50378e-31
1.61267e-31
1.84482e-31
2.08672e-31
2.32898e-31
2.43873e-31
2.52547e-31
2.75334e-31
3.24057e-31
4.00462e-31
4.80885e-31
5.34193e-31
5.36018e-31
4.93989e-31
4.39988e-31
4.25722e-31
4.86181e-31
6.14952e-31
7.78551e-31
9.10838e-31
9.73594e-31
9.64358e-31
9.15428e-31
8.94315e-31
9.35542e-31
1.05095e-30
1.20994e-30
1.35693e-30
1.46587e-30
1.52303e-30
1.55939e-30
1.61426e-30
1.70568e-30
1.84262e-30
1.99328e-30
2.13251e-30
2.24825e-30
2.34011e-30
2.44206e-30
2.57184e-30
2.74083e-30
2.94302e-30
3.1436e-30
3.32874e-30
3.48407e-30
3.62139e-30
3.77595e-30
3.96239e-30
4.20321e-30
4.48251e-30
4.76841e-30
5.04125e-30
5.26887e-30
5.46925e-30
5.66735e-30
5.89382e-30
6.19109e-30
6.54714e-30
6.9491e-30
7.35347e-30
7.70771e-30
7.99714e-30
8.22466e-30
8.39362e-30
8.72275e-30
9.16147e-30
1.04274e-29
1.27573e-29
1.62805e-29
2.30655e-29
2.56582e-29
2.8356e-29
1.11961e-29
-3.16413e-29
-8.30987e-29
-1.88771e-28
-1.79485e-28
-1.18763e-28
1.69191e-28
8.13361e-28
1.17867e-27
1.8211e-27
1.05945e-27
-7.58457e-28
-3.03379e-27
-7.54021e-27
-7.21063e-27
-5.92833e-27
1.75101e-27
1.6879e-26
2.26706e-26
3.30514e-26
1.66508e-26
-1.36086e-26
-4.10049e-26
-9.04932e-26
-7.13201e-26
-4.21925e-26
3.15725e-26
1.54627e-25
1.62738e-25
1.92e-25
5.43134e-26
-1.45598e-25
-2.4156e-25
-4.15709e-25
-2.36522e-25
-3.16412e-26
2.19156e-25
5.89197e-25
4.55158e-25
3.83036e-25
-3.7082e-26
-5.44e-25
-5.80047e-25
-7.5425e-25
-2.54576e-25
2.2363e-25
5.0685e-25
9.15295e-25
5.06861e-25
2.23646e-25
-2.54562e-25
-7.54245e-25
-5.80053e-25
-5.44012e-25
-3.70961e-26
3.83027e-25
4.55157e-25
5.89202e-25
2.19164e-25
-3.16355e-26
-2.3652e-25
-4.15711e-25
-2.41565e-25
-1.45603e-25
5.43098e-26
1.91998e-25
1.62738e-25
1.54627e-25
3.15728e-26
-4.21927e-26
-7.13207e-26
-9.04938e-26
-4.10058e-26
-1.36093e-26
1.665e-26
3.30505e-26
2.26698e-26
1.68782e-26
1.75034e-27
-5.9289e-27
-7.21112e-27
-7.54064e-27
-3.03424e-27
-7.58927e-28
1.05893e-27
1.82055e-27
1.17811e-27
8.12814e-28
1.68718e-28
-1.19155e-28
-1.79775e-28
-1.88993e-28
-8.33203e-29
-3.1907e-29
1.08249e-29
2.79023e-29
2.51721e-29
2.26206e-29
1.59632e-29
1.25764e-29
1.03662e-29
9.14735e-30
8.66745e-30
8.25309e-30
7.97271e-30
7.66829e-30
7.36217e-30
7.04552e-30
6.73776e-30
6.44794e-30
6.19e-30
5.95617e-30
5.7229e-30
5.46909e-30
5.18032e-30
4.86555e-30
4.56021e-30
4.29121e-30
4.08513e-30
3.93508e-30
3.81152e-30
3.68859e-30
3.53029e-30
3.33869e-30
3.12138e-30
2.89871e-30
2.70217e-30
2.53766e-30
2.41884e-30
2.33425e-30
2.26404e-30
2.19108e-30
2.0883e-30
1.95093e-30
1.78888e-30
1.62465e-30
1.49249e-30
1.41482e-30
1.38535e-30
1.38546e-30
1.3719e-30
1.30965e-30
1.19969e-30
1.04873e-30
9.07939e-31
8.13519e-31
7.75944e-31
7.99863e-31
8.33357e-31
8.45612e-31
8.09244e-31
7.11205e-31
5.91002e-31
4.742e-31
4.02379e-31
3.97211e-31
4.40522e-31
5.0819e-31
5.50875e-31
5.31727e-31
4.45401e-31
3.12025e-31
1.8184e-31
1.09889e-31
1.20864e-31
2.06635e-31
3.20176e-31
3.96341e-31
3.95884e-31
3.09425e-31
1.75476e-31
5.17082e-32
-1.39615e-32
-6.54515e-34
6.88701e-32
1.5713e-31
2.16022e-31
2.25743e-31
1.87048e-31
1.18232e-31
5.54698e-32
1.02161e-32
1.93609e-33
2.03951e-32
5.0755e-32
8.46384e-32
9.29156e-32
8.60748e-32
5.75251e-32
2.39404e-32
1.10782e-32
9.26177e-33
3.61796e-32
5.99406e-32
6.44389e-32
5.10981e-32
4.15279e-33
-3.29157e-32
-5.10496e-32
-3.83456e-32
1.20882e-32
5.6262e-32
8.7014e-32
8.21891e-32
4.29497e-32
2.8904e-33
-3.33667e-32
-4.4767e-32
-3.93627e-32
-3.72525e-32
-3.40513e-32
-3.64888e-32
-2.37699e-32
1.74572e-32
7.05087e-32
1.20829e-31
1.23973e-31
6.13574e-32
-4.58943e-32
-1.65642e-31
-2.23996e-31
-1.87622e-31
-6.51871e-32
1.05291e-31
2.27358e-31
2.50648e-31
1.5531e-31
-2.78746e-32
-1.97644e-31
-2.91103e-31
-2.53733e-31
-1.00291e-31
8.32062e-32
2.29297e-31
2.55064e-31
1.57213e-31
-7.74623e-33
-1.76069e-31
-2.52056e-31
-2.18367e-31
-9.7378e-32
5.79976e-32
1.58694e-31
1.81308e-31
1.18526e-31
7.58335e-33
-8.68564e-32
-1.4494e-31
-1.41265e-31
-9.69126e-32
-4.13947e-32
1.60706e-32
4.85064e-32
6.59902e-32
6.51145e-32
4.44479e-32
1.67308e-32
-2.45127e-32
-6.03492e-32
-8.6223e-32
-9.53569e-32
-8.16372e-32
-5.53584e-32
-1.59965e-32
2.14169e-32
5.38467e-32
6.92063e-32
6.12897e-32
3.36947e-32
-1.66501e-32
-6.26371e-32
-9.96285e-32
-1.09327e-31
-8.54616e-32
-4.98425e-32
1.48658e-33
3.69032e-32
5.44767e-32
5.67006e-32
3.10022e-32
3.43959e-33
-3.41973e-32
-6.7615e-32
-8.21244e-32
-8.53608e-32
-5.95505e-32
-2.25695e-32
1.6578e-32
4.81151e-32
5.13057e-32
3.54754e-32
2.272e-34
-3.85487e-32
-6.51463e-32
-7.62939e-32
-6.44244e-32
-3.84073e-32
-5.95294e-33
2.18322e-32
3.51648e-32
2.93943e-32
9.17826e-33
-1.55955e-32
-3.45945e-32
-3.4757e-32
-2.61351e-32
-1.22929e-32
-7.82277e-33
-2.07459e-32
-3.17312e-32
-3.85291e-32
-1.83114e-32
2.11608e-32
5.45956e-32
6.88189e-32
3.43116e-32
-2.69912e-32
-8.9148e-32
-1.19177e-31
-8.69151e-32
-1.59642e-32
6.89152e-32
1.17428e-31
1.03309e-31
3.91641e-32
-5.02261e-32
-1.08758e-31
-1.14052e-31
-6.35978e-32
1.6715e-32
7.64489e-32
9.43977e-32
5.70764e-32
-8.93752e-33
-6.37227e-32
-8.42324e-32
-5.20799e-32
7.2558e-33
6.27823e-32
8.74974e-32
6.0329e-32
2.36077e-33
-6.17822e-32
-1.01159e-31
-9.00598e-32
-4.05822e-32
3.086e-32
9.34858e-32
1.15958e-31
9.82615e-32
4.22614e-32
-2.93591e-32
-8.54692e-32
-1.16493e-31
-1.05378e-31
-5.93931e-32
3.26933e-33
7.25481e-32
1.17821e-31
1.30023e-31
1.02769e-31
3.57471e-32
-4.2372e-32
-1.12752e-31
-1.43748e-31
-1.18279e-31
-4.68813e-32
5.1803e-32
1.32703e-31
1.62771e-31
1.28581e-31
4.00139e-32
-5.98528e-32
-1.28354e-31
-1.34261e-31
-7.4037e-32
2.01666e-32
1.04655e-31
1.40528e-31
1.10034e-31
3.41935e-32
-5.04564e-32
-1.03138e-31
-9.42976e-32
-3.70915e-32
4.53143e-32
1.10589e-31
1.22709e-31
8.8504e-32
1.45129e-32
-5.39634e-32
-8.24697e-32
-6.98089e-32
-7.49006e-33
5.75313e-32
1.00449e-31
1.09035e-31
6.66628e-32
1.55474e-32
-3.27095e-32
-5.50425e-32
-3.5398e-32
-2.22309e-33
4.29362e-32
7.37541e-32
7.94077e-32
7.13587e-32
4.70382e-32
2.51187e-32
1.21303e-32
4.99237e-33
7.13478e-33
9.68873e-33
7.99487e-33
9.28471e-33
9.52056e-33
1.94567e-32
4.24216e-32
6.64882e-32
9.5803e-32
1.04533e-31
9.07343e-32
5.5788e-32
-2.09633e-33
-4.55603e-32
-7.11789e-32
-5.6117e-32
-2.41268e-33
6.19548e-32
1.25481e-31
1.49266e-31
1.34307e-31
8.27315e-32
1.93263e-32
-2.94474e-32
-4.97228e-32
-2.81946e-32
2.76401e-33
5.1809e-32
7.24736e-32
7.33824e-32
6.66432e-32
2.21106e-32
1.29993e-32
-1.91916e-32
-2.51151e-32
-4.91192e-33
)
;

boundaryField
{
    left
    {
        type            calculated;
        value           uniform 0;
    }
    right
    {
        type            calculated;
        value           uniform 0;
    }
    empty
    {
        type            empty;
        value           nonuniform List<scalar> 0();
    }
}


// ************************************************************************* //
