/*--------------------------------*- C++ -*----------------------------------*\
| =========                 |                                                 |
| \\      /  F ield         | OpenFOAM: The Open Source CFD Toolbox           |
|  \\    /   O peration     | Version:  2106                                  |
|   \\  /    A nd           | Website:  www.openfoam.com                      |
|    \\/     M anipulation  |                                                 |
\*---------------------------------------------------------------------------*/
FoamFile
{
    version     2.0;
    format      ascii;
    arch        "LSB;label=32;scalar=64";
    class       surfaceScalarField;
    location    "0.146";
    object      phi;
}
// * * * * * * * * * * * * * * * * * * * * * * * * * * * * * * * * * * * * * //

dimensions      [0 3 -1 0 0 0 0];

oriented        oriented;

internalField   nonuniform List<scalar> 
799
(
1.60228e-32
4.20379e-32
5.34175e-32
4.07628e-32
1.37104e-32
-5.49146e-32
-1.16277e-31
-1.64128e-31
-1.76144e-31
-1.4034e-31
-8.64959e-32
-2.6166e-32
1.03644e-32
1.81671e-32
-5.35442e-33
-4.65124e-32
-9.93268e-32
-1.536e-31
-1.95488e-31
-2.2501e-31
-2.18382e-31
-1.83772e-31
-1.24068e-31
-5.47491e-32
-1.5597e-32
-7.92208e-33
-5.09958e-32
-1.23025e-31
-1.90707e-31
-2.44679e-31
-2.48898e-31
-2.22953e-31
-1.77965e-31
-1.24249e-31
-1.00683e-31
-9.09129e-32
-1.09406e-31
-1.48586e-31
-1.7973e-31
-2.17676e-31
-2.27876e-31
-2.16607e-31
-1.94334e-31
-1.48789e-31
-1.24691e-31
-1.15507e-31
-1.32502e-31
-1.82523e-31
-2.23513e-31
-2.60816e-31
-2.63733e-31
-2.30851e-31
-1.88604e-31
-1.35204e-31
-1.11663e-31
-1.18665e-31
-1.52583e-31
-2.12462e-31
-2.58629e-31
-2.84515e-31
-2.72051e-31
-2.1958e-31
-1.58133e-31
-1.03831e-31
-9.16216e-32
-1.32947e-31
-2.07299e-31
-2.9135e-31
-3.37283e-31
-3.20246e-31
-2.49319e-31
-1.4799e-31
-7.19436e-32
-5.57737e-32
-1.03183e-31
-1.97262e-31
-2.84039e-31
-3.28913e-31
-3.17616e-31
-2.58544e-31
-1.92453e-31
-1.43574e-31
-1.28311e-31
-1.43397e-31
-1.67572e-31
-1.93551e-31
-2.13145e-31
-2.31282e-31
-2.51566e-31
-2.63792e-31
-2.61775e-31
-2.30586e-31
-1.77953e-31
-1.24459e-31
-9.16953e-32
-1.10479e-31
-1.68953e-31
-2.50602e-31
-3.19823e-31
-3.33035e-31
-2.97593e-31
-2.11646e-31
-1.20633e-31
-6.72052e-32
-5.79697e-32
-1.15705e-31
-1.94743e-31
-2.68294e-31
-3.11977e-31
-2.94729e-31
-2.50636e-31
-1.87614e-31
-1.40704e-31
-1.31848e-31
-1.43016e-31
-1.73356e-31
-1.89916e-31
-1.8713e-31
-1.74097e-31
-1.59906e-31
-1.69521e-31
-1.99703e-31
-2.40919e-31
-2.71415e-31
-2.69665e-31
-2.34653e-31
-1.74939e-31
-1.15127e-31
-7.69582e-32
-7.12344e-32
-1.00811e-31
-1.52811e-31
-2.13392e-31
-2.68329e-31
-2.99804e-31
-3.02144e-31
-2.68024e-31
-2.03471e-31
-1.29306e-31
-6.40934e-32
-3.83615e-32
-6.04706e-32
-1.23212e-31
-2.0693e-31
-2.71282e-31
-2.97279e-31
-2.73271e-31
-2.12502e-31
-1.49236e-31
-1.05377e-31
-1.04026e-31
-1.38011e-31
-1.8441e-31
-2.2088e-31
-2.20764e-31
-1.87197e-31
-1.357e-31
-9.32586e-32
-8.96942e-32
-1.28953e-31
-1.99249e-31
-2.65237e-31
-2.91288e-31
-2.59457e-31
-1.78301e-31
-8.79392e-32
-2.88017e-32
-3.56244e-32
-1.00988e-31
-1.89754e-31
-2.59272e-31
-2.64863e-31
-2.17105e-31
-1.38213e-31
-7.4043e-32
-6.60684e-32
-1.00408e-31
-1.67575e-31
-2.15391e-31
-2.1568e-31
-1.77481e-31
-1.04466e-31
-5.28668e-32
-3.71881e-32
-6.39123e-32
-1.28818e-31
-1.82204e-31
-2.15955e-31
-2.05443e-31
-1.5542e-31
-9.69796e-32
-3.78153e-32
-1.14096e-32
-1.64193e-32
-4.42851e-32
-8.89832e-32
-1.22567e-31
-1.42599e-31
-1.42001e-31
-1.1982e-31
-8.86003e-32
-4.81949e-32
-9.33475e-33
1.84972e-32
3.12828e-32
1.85688e-32
-1.43581e-32
-5.36432e-32
-8.28195e-32
-7.81597e-32
-3.59998e-32
3.063e-32
9.6769e-32
1.27154e-31
1.08452e-31
5.08777e-32
-1.36899e-32
-3.97343e-32
-2.0132e-33
9.28464e-32
2.08601e-31
2.88777e-31
2.92955e-31
2.21145e-31
1.07427e-31
1.87537e-32
1.05746e-32
9.50808e-32
2.49555e-31
4.02572e-31
4.90852e-31
4.86488e-31
3.94571e-31
2.80514e-31
2.0393e-31
2.068e-31
3.01667e-31
4.40356e-31
5.7704e-31
6.63205e-31
6.74638e-31
6.35976e-31
5.76296e-31
5.40742e-31
5.58052e-31
6.25496e-31
7.26074e-31
8.25515e-31
8.94837e-31
9.24663e-31
9.29279e-31
9.32881e-31
9.66026e-31
1.03948e-30
1.13448e-30
1.22906e-30
1.28717e-30
1.3014e-30
1.29637e-30
1.29987e-30
1.35553e-30
1.47113e-30
1.62089e-30
1.77226e-30
1.87847e-30
1.92724e-30
1.94107e-30
1.94762e-30
1.98901e-30
2.07964e-30
2.20191e-30
2.34329e-30
2.47311e-30
2.58459e-30
2.69178e-30
2.79202e-30
2.90357e-30
3.01952e-30
3.13022e-30
3.24592e-30
3.35886e-30
3.48552e-30
3.62769e-30
3.77406e-30
3.92375e-30
4.0635e-30
4.20432e-30
4.36265e-30
4.55036e-30
4.76923e-30
4.99565e-30
5.19849e-30
5.35344e-30
5.46815e-30
5.57453e-30
5.72431e-30
5.95251e-30
6.25272e-30
6.59149e-30
6.9027e-30
7.14811e-30
7.32529e-30
7.46652e-30
7.63935e-30
7.87827e-30
8.19512e-30
8.5593e-30
8.91519e-30
9.23676e-30
9.51022e-30
9.76654e-30
1.0045e-29
1.03636e-29
1.07313e-29
1.11162e-29
1.14931e-29
1.185e-29
1.21863e-29
1.25359e-29
1.29167e-29
1.33397e-29
1.37991e-29
1.42598e-29
1.47079e-29
1.5129e-29
1.55349e-29
1.59605e-29
1.64205e-29
1.69373e-29
1.74947e-29
1.80609e-29
1.86161e-29
1.91279e-29
1.96141e-29
2.00997e-29
2.0615e-29
2.12025e-29
2.18498e-29
2.2544e-29
2.32414e-29
2.38893e-29
2.44728e-29
2.49947e-29
2.54581e-29
2.60816e-29
2.68144e-29
2.83739e-29
3.09967e-29
3.48119e-29
4.18879e-29
4.47702e-29
4.77562e-29
3.08829e-29
-1.16699e-29
-6.28448e-29
-1.68236e-28
-1.58674e-28
-9.76765e-29
1.90549e-28
8.34988e-28
1.20056e-27
1.84326e-27
1.08187e-27
-7.3579e-28
-3.01087e-27
-7.51705e-27
-7.18723e-27
-5.90469e-27
1.77488e-27
1.69031e-26
2.26949e-26
3.30759e-26
1.66756e-26
-1.35836e-26
-4.09797e-26
-9.04679e-26
-7.12945e-26
-4.21668e-26
3.15983e-26
1.54653e-25
1.62764e-25
1.92026e-25
5.43399e-26
-1.45571e-25
-2.41534e-25
-4.15682e-25
-2.36495e-25
-3.16142e-26
2.19183e-25
5.89225e-25
4.55186e-25
3.83064e-25
-3.70546e-26
-5.43972e-25
-5.8002e-25
-7.54222e-25
-2.54548e-25
2.23658e-25
5.06878e-25
9.15322e-25
5.06888e-25
2.23673e-25
-2.54535e-25
-7.54217e-25
-5.80025e-25
-5.43985e-25
-3.70687e-26
3.83055e-25
4.55184e-25
5.89229e-25
2.19191e-25
-3.16085e-26
-2.36493e-25
-4.15684e-25
-2.41539e-25
-1.45576e-25
5.43362e-26
1.92024e-25
1.62764e-25
1.54653e-25
3.15986e-26
-4.21672e-26
-7.12953e-26
-9.04686e-26
-4.09808e-26
-1.35845e-26
1.66746e-26
3.30748e-26
2.26939e-26
1.69021e-26
1.77404e-27
-5.90544e-27
-7.18789e-27
-7.51766e-27
-3.01151e-27
-7.36443e-28
1.08116e-27
1.84252e-27
1.19981e-27
8.34252e-28
1.89885e-28
-9.82608e-29
-1.59157e-28
-1.68654e-28
-6.32612e-29
-1.21308e-29
3.03163e-29
4.71073e-29
4.4089e-29
4.12482e-29
3.43004e-29
3.06222e-29
2.812e-29
2.66087e-29
2.58359e-29
2.51285e-29
2.45552e-29
2.39581e-29
2.33597e-29
2.27513e-29
2.21526e-29
2.15727e-29
2.10258e-29
2.05043e-29
1.99847e-29
1.94461e-29
1.88742e-29
1.82781e-29
1.76934e-29
1.71472e-29
1.6666e-29
1.62432e-29
1.58494e-29
1.54587e-29
1.50353e-29
1.45813e-29
1.41045e-29
1.36253e-29
1.31752e-29
1.27602e-29
1.23941e-29
1.20654e-29
1.17544e-29
1.14441e-29
1.11073e-29
1.07394e-29
1.03504e-29
9.9627e-30
9.61067e-30
9.31676e-30
9.0747e-30
8.86587e-30
8.64708e-30
8.3833e-30
8.07553e-30
7.73047e-30
7.39933e-30
7.11827e-30
6.89779e-30
6.74253e-30
6.60054e-30
6.44101e-30
6.23655e-30
5.97407e-30
5.69307e-30
5.41909e-30
5.19367e-30
5.03848e-30
4.93529e-30
4.85996e-30
4.76311e-30
4.60786e-30
4.38881e-30
4.12606e-30
3.86981e-30
3.67505e-30
3.56643e-30
3.53578e-30
3.53603e-30
3.50197e-30
3.39432e-30
3.20365e-30
2.96841e-30
2.74623e-30
2.58497e-30
2.50546e-30
2.48488e-30
2.48571e-30
2.45978e-30
2.38724e-30
2.26878e-30
2.12266e-30
1.98499e-30
1.86718e-30
1.78864e-30
1.73907e-30
1.70359e-30
1.67377e-30
1.62044e-30
1.55401e-30
1.46785e-30
1.37858e-30
1.31193e-30
1.25814e-30
1.23488e-30
1.21019e-30
1.16793e-30
1.10947e-30
1.019e-30
9.3996e-31
8.81353e-31
8.5505e-31
8.67886e-31
8.75844e-31
8.71711e-31
8.33295e-31
7.61719e-31
6.90536e-31
6.24335e-31
5.84127e-31
5.61824e-31
5.37295e-31
5.14894e-31
4.8785e-31
4.76923e-31
4.95439e-31
5.2668e-31
5.5606e-31
5.39104e-31
4.57199e-31
3.31439e-31
1.93941e-31
1.18567e-31
1.38622e-31
2.45416e-31
4.00908e-31
5.08617e-31
5.18157e-31
4.0965e-31
2.13856e-31
3.20156e-32
-7.29912e-32
-4.66738e-32
9.61942e-32
2.69584e-31
4.06012e-31
4.22546e-31
3.15872e-31
1.42482e-31
-3.38934e-32
-1.1757e-31
-9.12229e-32
2.27557e-32
1.71442e-31
2.65754e-31
2.82287e-31
2.13704e-31
9.72324e-32
-2.47663e-33
-6.55794e-32
-6.66833e-32
-2.6881e-32
2.43081e-32
7.76498e-32
1.06155e-31
1.19907e-31
1.15481e-31
9.14406e-32
6.05163e-32
1.62312e-32
-2.2495e-32
-5.11071e-32
-6.28387e-32
-5.15829e-32
-2.76401e-32
9.50777e-33
4.48185e-32
7.52651e-32
8.87425e-32
7.90504e-32
4.97778e-32
-2.15153e-33
-4.96303e-32
-8.80315e-32
-9.90515e-32
-7.64293e-32
-4.19815e-32
8.24915e-33
4.26364e-32
5.92464e-32
6.05645e-32
3.4013e-32
5.6514e-33
-3.27318e-32
-6.68452e-32
-8.2004e-32
-8.58408e-32
-6.0587e-32
-2.41221e-32
1.45528e-32
4.56506e-32
4.84432e-32
3.22446e-32
-3.33427e-33
-4.24126e-32
-6.92774e-32
-8.06664e-32
-6.90147e-32
-4.3186e-32
-1.08905e-32
1.67526e-32
2.99618e-32
2.40956e-32
3.80371e-33
-2.10287e-32
-4.00639e-32
-4.02444e-32
-3.16227e-32
-1.77685e-32
-1.32684e-32
-2.61535e-32
-3.70892e-32
-4.38164e-32
-2.35174e-32
1.60529e-32
4.95987e-32
6.39424e-32
2.95645e-32
-3.15977e-32
-9.36002e-32
-1.23469e-31
-9.1034e-32
-1.99018e-32
6.51687e-32
1.13883e-31
9.99739e-32
3.6042e-32
-5.31331e-32
-1.11441e-31
-1.16509e-31
-6.58277e-32
1.47228e-32
7.47013e-32
9.28945e-32
5.58209e-32
-9.94111e-33
-6.44705e-32
-8.47235e-32
-5.23101e-32
7.28709e-33
6.30802e-32
8.80625e-32
6.11671e-32
3.47044e-33
-6.03967e-32
-9.9492e-32
-8.81128e-32
-3.83544e-32
3.33682e-32
9.62739e-32
1.19027e-31
1.0161e-31
4.58868e-32
-2.54561e-32
-8.12923e-32
-1.12045e-31
-1.00654e-31
-5.43977e-32
8.53193e-33
7.80784e-32
1.23617e-31
1.36083e-31
1.09089e-31
4.23268e-32
-3.55349e-32
-1.05662e-31
-1.36413e-31
-1.107e-31
-3.90663e-32
5.98558e-32
1.4099e-31
1.71287e-31
1.37326e-31
4.89815e-32
-5.06655e-32
-1.18959e-31
-1.24668e-31
-6.42521e-32
3.01367e-32
1.14804e-31
1.5085e-31
1.20523e-31
4.48403e-32
-3.96561e-32
-9.21919e-32
-8.32122e-32
-2.58767e-32
5.66502e-32
1.22036e-31
1.34258e-31
1.00141e-31
2.62355e-32
-4.21647e-32
-7.06087e-32
-5.78938e-32
4.47177e-33
6.95226e-32
1.12465e-31
1.21066e-31
7.86938e-32
2.75709e-32
-2.07062e-32
-4.30648e-32
-2.34663e-32
9.65297e-33
5.47431e-32
8.5485e-32
9.10551e-32
8.29098e-32
5.8483e-32
3.64464e-32
2.33308e-32
1.60544e-32
1.80439e-32
2.0433e-32
1.85672e-32
1.96799e-32
1.97257e-32
2.94631e-32
5.22198e-32
7.6066e-32
1.05154e-31
1.13646e-31
9.96003e-32
6.43968e-32
6.2478e-33
-3.74924e-32
-6.33969e-32
-4.86299e-32
4.77345e-33
6.88298e-32
1.32038e-31
1.55499e-31
1.40208e-31
8.82911e-32
2.45353e-32
-2.45916e-32
-4.52285e-32
-2.40658e-32
6.52484e-33
5.51975e-32
7.54904e-32
7.60321e-32
6.89212e-32
2.40124e-32
1.4522e-32
-1.80488e-32
-2.43532e-32
-4.53033e-33
)
;

boundaryField
{
    left
    {
        type            calculated;
        value           uniform 0;
    }
    right
    {
        type            calculated;
        value           uniform 0;
    }
    empty
    {
        type            empty;
        value           nonuniform List<scalar> 0();
    }
}


// ************************************************************************* //
