/*--------------------------------*- C++ -*----------------------------------*\
| =========                 |                                                 |
| \\      /  F ield         | OpenFOAM: The Open Source CFD Toolbox           |
|  \\    /   O peration     | Version:  2106                                  |
|   \\  /    A nd           | Website:  www.openfoam.com                      |
|    \\/     M anipulation  |                                                 |
\*---------------------------------------------------------------------------*/
FoamFile
{
    version     2.0;
    format      ascii;
    arch        "LSB;label=32;scalar=64";
    class       surfaceScalarField;
    location    "0.131";
    object      phi;
}
// * * * * * * * * * * * * * * * * * * * * * * * * * * * * * * * * * * * * * //

dimensions      [0 3 -1 0 0 0 0];

oriented        oriented;

internalField   nonuniform List<scalar> 
799
(
1.6332e-32
4.2659e-32
5.43458e-32
4.20003e-32
1.52536e-32
-5.30714e-32
-1.14132e-31
-1.61685e-31
-1.73404e-31
-1.37302e-31
-8.31601e-32
-2.25346e-32
1.42909e-32
2.23867e-32
-8.42876e-34
-4.17109e-32
-9.42382e-32
-1.48221e-31
-1.89819e-31
-2.19056e-31
-2.12141e-31
-1.77248e-31
-1.17264e-31
-4.76683e-32
-8.24087e-33
-2.9077e-34
-4.30934e-32
-1.14849e-31
-1.82267e-31
-2.35973e-31
-2.39929e-31
-2.13724e-31
-1.68484e-31
-1.1452e-31
-9.07066e-32
-8.06911e-32
-9.89415e-32
-1.3788e-31
-1.68788e-31
-2.06498e-31
-2.16466e-31
-2.04968e-31
-1.82468e-31
-1.36702e-31
-1.12386e-31
-1.02988e-31
-1.19773e-31
-1.69587e-31
-2.10373e-31
-2.47476e-31
-2.50197e-31
-2.1712e-31
-1.74683e-31
-1.21097e-31
-9.73735e-32
-1.04195e-31
-1.37939e-31
-1.97645e-31
-2.43642e-31
-2.6936e-31
-2.5674e-31
-2.04115e-31
-1.42514e-31
-8.8062e-32
-7.57071e-32
-1.16891e-31
-1.91105e-31
-2.7502e-31
-3.20821e-31
-3.03656e-31
-2.32605e-31
-1.31157e-31
-5.49928e-32
-3.87127e-32
-8.60153e-32
-1.79988e-31
-2.66663e-31
-3.11435e-31
-3.00046e-31
-2.40883e-31
-1.74701e-31
-1.25736e-31
-1.10391e-31
-1.25397e-31
-1.49498e-31
-1.75406e-31
-1.9493e-31
-2.13001e-31
-2.33221e-31
-2.45391e-31
-2.43316e-31
-2.12076e-31
-1.59392e-31
-1.05851e-31
-7.30484e-32
-9.17901e-32
-1.50227e-31
-2.31839e-31
-3.0103e-31
-3.14211e-31
-2.78748e-31
-1.9278e-31
-1.01749e-31
-4.8304e-32
-3.90527e-32
-9.67753e-32
-1.75808e-31
-2.49358e-31
-2.93045e-31
-2.75796e-31
-2.31706e-31
-1.68692e-31
-1.21791e-31
-1.1295e-31
-1.24134e-31
-1.54494e-31
-1.71075e-31
-1.68314e-31
-1.55311e-31
-1.41153e-31
-1.50804e-31
-1.81026e-31
-2.22284e-31
-2.52827e-31
-2.51128e-31
-2.16172e-31
-1.56515e-31
-9.67674e-32
-5.86664e-32
-5.30165e-32
-8.26717e-32
-1.34755e-31
-1.95422e-31
-2.50451e-31
-2.82022e-31
-2.84463e-31
-2.5045e-31
-1.86009e-31
-1.11963e-31
-4.68762e-32
-2.1277e-32
-4.35274e-32
-1.06418e-31
-1.90293e-31
-2.5481e-31
-2.80979e-31
-2.57151e-31
-1.96568e-31
-1.33504e-31
-8.98491e-32
-8.8718e-32
-1.22935e-31
-1.69575e-31
-2.063e-31
-2.06445e-31
-1.73159e-31
-1.21958e-31
-7.98253e-32
-7.65813e-32
-1.16177e-31
-1.8683e-31
-2.53192e-31
-2.79634e-31
-2.48215e-31
-1.67489e-31
-7.75789e-32
-1.8917e-32
-2.6237e-32
-9.21196e-32
-1.81436e-31
-2.5153e-31
-2.57723e-31
-2.10597e-31
-1.3236e-31
-6.88761e-32
-6.16177e-32
-9.67027e-32
-1.64655e-31
-2.13287e-31
-2.14433e-31
-1.77128e-31
-1.05051e-31
-5.44316e-32
-3.97773e-32
-6.75791e-32
-1.33616e-31
-1.88181e-31
-2.23164e-31
-2.13938e-31
-1.65254e-31
-1.08216e-31
-5.05096e-32
-2.56254e-32
-3.22251e-32
-6.17486e-32
-1.08175e-31
-1.43563e-31
-1.65477e-31
-1.66842e-31
-1.46705e-31
-1.17613e-31
-7.94266e-32
-4.2882e-32
-1.74575e-32
-7.17258e-33
-2.24917e-32
-5.81294e-32
-1.00233e-31
-1.32341e-31
-1.30726e-31
-9.17345e-32
-2.83974e-32
3.43237e-32
6.11573e-32
3.87712e-32
-2.26282e-32
-9.11649e-32
-1.21334e-31
-8.78841e-32
2.54132e-33
1.137e-31
1.8911e-31
1.88353e-31
1.11434e-31
-7.57319e-33
-1.01722e-31
-1.15571e-31
-3.69399e-32
1.11458e-31
2.58195e-31
3.39978e-31
3.28898e-31
2.30041e-31
1.08815e-31
2.48259e-32
2.00492e-32
1.0702e-31
2.37562e-31
3.65839e-31
4.43337e-31
4.45831e-31
3.97951e-31
3.28773e-31
2.83434e-31
2.90664e-31
3.47722e-31
4.37607e-31
5.26044e-31
5.84046e-31
6.02231e-31
5.94872e-31
5.86163e-31
6.06657e-31
6.67115e-31
7.48756e-31
8.29622e-31
8.73662e-31
8.73442e-31
8.53587e-31
8.41883e-31
8.81951e-31
9.81573e-31
1.11494e-30
1.24953e-30
1.33855e-30
1.36971e-30
1.36552e-30
1.35362e-30
1.37614e-30
1.44747e-30
1.55001e-30
1.67122e-30
1.78043e-30
1.87085e-30
1.95654e-30
2.03482e-30
2.12397e-30
2.21704e-30
2.30441e-30
2.39633e-30
2.48502e-30
2.58697e-30
2.70397e-30
2.8247e-30
2.94828e-30
3.06145e-30
3.17523e-30
3.30605e-30
3.4658e-30
3.65624e-30
3.85375e-30
4.02724e-30
4.15238e-30
4.23682e-30
4.31247e-30
4.43107e-30
4.62765e-30
4.8958e-30
5.20207e-30
5.48033e-30
5.69239e-30
5.83578e-30
5.94283e-30
6.08105e-30
6.28495e-30
6.5664e-30
6.89479e-30
7.21452e-30
7.49955e-30
7.73612e-30
7.9552e-30
8.19608e-30
8.47676e-30
8.80622e-30
9.15258e-30
9.49068e-30
9.8084e-30
1.01053e-29
1.04154e-29
1.07562e-29
1.11392e-29
1.15582e-29
1.19783e-29
1.23858e-29
1.2766e-29
1.31308e-29
1.35153e-29
1.3934e-29
1.44094e-29
1.49254e-29
1.545e-29
1.59636e-29
1.64338e-29
1.68784e-29
1.73223e-29
1.77961e-29
1.8342e-29
1.89478e-29
1.96007e-29
2.02568e-29
2.08635e-29
2.1406e-29
2.18871e-29
2.23099e-29
2.28929e-29
2.35855e-29
2.51051e-29
2.76882e-29
3.1464e-29
3.8501e-29
4.13446e-29
4.42923e-29
2.7381e-29
-1.52094e-29
-6.64214e-29
-1.7185e-28
-1.62323e-28
-1.01362e-28
1.86829e-28
8.31233e-28
1.19677e-27
1.83944e-27
1.07801e-27
-7.39678e-28
-3.01479e-27
-7.521e-27
-7.19121e-27
-5.9087e-27
1.77084e-27
1.6899e-26
2.26908e-26
3.30718e-26
1.66714e-26
-1.35878e-26
-4.09839e-26
-9.04721e-26
-7.12988e-26
-4.21711e-26
3.1594e-26
1.54649e-25
1.62759e-25
1.92022e-25
5.43355e-26
-1.45576e-25
-2.41538e-25
-4.15686e-25
-2.36499e-25
-3.16186e-26
2.19179e-25
5.8922e-25
4.55181e-25
3.83059e-25
-3.70591e-26
-5.43977e-25
-5.80024e-25
-7.54227e-25
-2.54553e-25
2.23653e-25
5.06873e-25
9.15318e-25
5.06884e-25
2.23669e-25
-2.54539e-25
-7.54222e-25
-5.8003e-25
-5.43989e-25
-3.70731e-26
3.8305e-25
4.55179e-25
5.89224e-25
2.19186e-25
-3.16129e-26
-2.36497e-25
-4.15688e-25
-2.41543e-25
-1.45581e-25
5.43318e-26
1.9202e-25
1.62759e-25
1.54649e-25
3.15943e-26
-4.21714e-26
-7.12995e-26
-9.04728e-26
-4.0985e-26
-1.35887e-26
1.66704e-26
3.30707e-26
2.26898e-26
1.6898e-26
1.77002e-27
-5.90943e-27
-7.19186e-27
-7.52159e-27
-3.01541e-27
-7.4031e-28
1.07732e-27
1.83872e-27
1.19604e-27
8.30518e-28
1.86187e-28
-1.01924e-28
-1.62785e-28
-1.72244e-28
-6.68152e-29
-1.56475e-29
2.68373e-29
4.36664e-29
4.06866e-29
3.78846e-29
3.09759e-29
2.73372e-29
2.48747e-29
2.34033e-29
2.26707e-29
2.20038e-29
2.14711e-29
2.09148e-29
2.03573e-29
1.97901e-29
1.92325e-29
1.8694e-29
1.81884e-29
1.77083e-29
1.72301e-29
1.6733e-29
1.62025e-29
1.56479e-29
1.51046e-29
1.45996e-29
1.41597e-29
1.37781e-29
1.34253e-29
1.30755e-29
1.26928e-29
1.22795e-29
1.18431e-29
1.1404e-29
1.09939e-29
1.06187e-29
1.02922e-29
1.00028e-29
9.73088e-30
9.45927e-30
9.16096e-30
8.83123e-30
8.48002e-30
8.12987e-30
7.81503e-30
7.55796e-30
7.35238e-30
7.17968e-30
6.99663e-30
6.76822e-30
6.49543e-30
6.18495e-30
5.88798e-30
5.64069e-30
5.45355e-30
5.33121e-30
5.22172e-30
5.09425e-30
4.92141e-30
4.69011e-30
4.43985e-30
4.19615e-30
4.00057e-30
3.87476e-30
3.80049e-30
3.75362e-30
3.68477e-30
3.55705e-30
3.36508e-30
3.12895e-30
2.89885e-30
2.72978e-30
2.64638e-30
2.6405e-30
2.66504e-30
2.65482e-30
2.57056e-30
2.40281e-30
2.19004e-30
1.98988e-30
1.85019e-30
1.7918e-30
1.79191e-30
1.81297e-30
1.80685e-30
1.75369e-30
1.65418e-30
1.52658e-30
1.40702e-30
1.30689e-30
1.24561e-30
1.21292e-30
1.1939e-30
1.18015e-30
1.14248e-30
1.09135e-30
1.0201e-30
9.4537e-31
8.92874e-31
8.52889e-31
8.43062e-31
8.31461e-31
8.01933e-31
7.55872e-31
6.77461e-31
6.10144e-31
5.62943e-31
5.47723e-31
5.71333e-31
5.89757e-31
5.95787e-31
5.67239e-31
5.05243e-31
4.43355e-31
3.86173e-31
3.54713e-31
3.40896e-31
3.24588e-31
3.1016e-31
2.90835e-31
2.87387e-31
3.13143e-31
3.51394e-31
3.87559e-31
3.77168e-31
3.01613e-31
1.81994e-31
5.04315e-32
-1.92036e-32
6.3977e-33
1.18544e-31
2.79207e-31
3.91904e-31
4.0626e-31
3.024e-31
1.11088e-31
-6.64303e-32
-1.67275e-31
-1.36942e-31
9.80118e-33
1.86925e-31
3.2695e-31
3.46946e-31
2.43601e-31
7.34159e-32
-9.98753e-32
-1.80589e-31
-1.5139e-31
-3.46694e-32
1.1665e-31
2.13495e-31
2.32454e-31
1.66201e-31
5.1964e-32
-4.55979e-32
-1.06637e-31
-1.05762e-31
-6.40658e-32
-1.10591e-32
4.40256e-32
7.4198e-32
8.95437e-32
8.66458e-32
6.40731e-32
3.45516e-32
-8.39058e-33
-4.58337e-32
-7.32207e-32
-8.37787e-32
-7.14065e-32
-4.63984e-32
-8.22959e-33
2.80584e-32
5.94345e-32
7.38022e-32
6.4955e-32
3.64919e-32
-1.46713e-32
-6.14191e-32
-9.91211e-32
-1.09477e-31
-8.62282e-32
-5.11831e-32
-3.86691e-34
3.45377e-32
5.16571e-32
5.34536e-32
2.73663e-32
-5.56714e-34
-3.85216e-32
-7.22366e-32
-8.70174e-32
-9.05037e-32
-6.4917e-32
-2.81387e-32
1.08334e-32
4.22125e-32
4.52729e-32
2.93317e-32
-6.01026e-33
-4.48666e-32
-7.15246e-32
-8.27217e-32
-7.08901e-32
-4.48952e-32
-1.24506e-32
1.53412e-32
2.86903e-32
2.29569e-32
2.78658e-33
-2.1927e-32
-4.08568e-32
-4.09365e-32
-3.22223e-32
-1.82813e-32
-1.37066e-32
-2.65222e-32
-3.73931e-32
-4.40662e-32
-2.3719e-32
1.58861e-32
4.94633e-32
6.3834e-32
2.94803e-32
-3.16591e-32
-9.36453e-32
-1.23499e-31
-9.10506e-32
-1.99108e-32
6.51656e-32
1.13877e-31
9.99649e-32
3.60284e-32
-5.31512e-32
-1.1147e-31
-1.16549e-31
-6.58758e-32
1.46611e-32
7.46253e-32
9.28027e-32
5.57078e-32
-1.00765e-32
-6.46315e-32
-8.49107e-32
-5.25252e-32
7.04636e-33
6.28124e-32
8.77682e-32
6.08421e-32
3.1191e-33
-6.07771e-32
-9.99072e-32
-8.85589e-32
-3.88323e-32
3.28597e-32
9.57353e-32
1.18458e-31
1.01013e-31
4.52661e-32
-2.61061e-32
-8.19694e-32
-1.1275e-31
-1.01387e-31
-5.51598e-32
7.7435e-33
7.72606e-32
1.22765e-31
1.35197e-31
1.08173e-31
4.13804e-32
-3.65084e-32
-1.06657e-31
-1.37432e-31
-1.11748e-31
-4.01376e-32
5.87634e-32
1.39878e-31
1.70156e-31
1.36171e-31
4.78013e-32
-5.18707e-32
-1.20187e-31
-1.25912e-31
-6.5513e-32
2.88596e-32
1.13511e-31
1.49542e-31
1.19199e-31
4.35027e-32
-4.10012e-32
-9.35505e-32
-8.45837e-32
-2.72594e-32
5.52584e-32
1.20637e-31
1.32844e-31
9.8722e-32
2.48054e-32
-4.36043e-32
-7.20531e-32
-5.93382e-32
3.02431e-33
6.8071e-32
1.11012e-31
1.19609e-31
7.72415e-32
2.61234e-32
-2.21458e-32
-4.45033e-32
-2.49017e-32
8.22282e-33
5.33287e-32
8.40909e-32
8.96814e-32
8.15556e-32
5.71499e-32
3.51336e-32
2.20369e-32
1.4783e-32
1.6796e-32
1.92064e-32
1.73635e-32
1.84967e-32
1.85642e-32
2.83232e-32
5.11026e-32
7.49751e-32
1.04089e-31
1.12607e-31
9.85882e-32
6.3412e-32
5.28954e-33
-3.84193e-32
-6.42963e-32
-4.94966e-32
3.94214e-33
6.80365e-32
1.31284e-31
1.54783e-31
1.39534e-31
8.76607e-32
2.39492e-32
-2.51345e-32
-4.57258e-32
-2.4512e-32
6.12461e-33
5.48409e-32
7.5176e-32
7.57568e-32
6.86835e-32
2.38174e-32
1.4367e-32
-1.81647e-32
-2.44302e-32
-4.56886e-33
)
;

boundaryField
{
    left
    {
        type            calculated;
        value           uniform 0;
    }
    right
    {
        type            calculated;
        value           uniform 0;
    }
    empty
    {
        type            empty;
        value           nonuniform List<scalar> 0();
    }
}


// ************************************************************************* //
