/*--------------------------------*- C++ -*----------------------------------*\
| =========                 |                                                 |
| \\      /  F ield         | OpenFOAM: The Open Source CFD Toolbox           |
|  \\    /   O peration     | Version:  2106                                  |
|   \\  /    A nd           | Website:  www.openfoam.com                      |
|    \\/     M anipulation  |                                                 |
\*---------------------------------------------------------------------------*/
FoamFile
{
    version     2.0;
    format      ascii;
    arch        "LSB;label=32;scalar=64";
    class       surfaceScalarField;
    location    "0.141";
    object      phi;
}
// * * * * * * * * * * * * * * * * * * * * * * * * * * * * * * * * * * * * * //

dimensions      [0 3 -1 0 0 0 0];

oriented        oriented;

internalField   nonuniform List<scalar> 
799
(
1.61312e-32
4.2257e-32
5.3744e-32
4.11916e-32
1.424e-32
-5.42947e-32
-1.15561e-31
-1.63322e-31
-1.75244e-31
-1.39346e-31
-8.5406e-32
-2.49809e-32
1.16447e-32
1.95417e-32
-3.886e-33
-4.49516e-32
-9.76762e-32
-1.51854e-31
-1.93644e-31
-2.23074e-31
-2.16354e-31
-1.81652e-31
-1.21857e-31
-5.2447e-32
-1.32032e-32
-5.43473e-33
-4.84157e-32
-1.20347e-31
-1.87939e-31
-2.41826e-31
-2.45961e-31
-2.19935e-31
-1.74871e-31
-1.21077e-31
-9.74308e-32
-8.75812e-32
-1.05994e-31
-1.45094e-31
-1.76159e-31
-2.14027e-31
-2.24152e-31
-2.12807e-31
-1.90459e-31
-1.4484e-31
-1.20669e-31
-1.11411e-31
-1.28338e-31
-1.78293e-31
-2.19216e-31
-2.56453e-31
-2.59306e-31
-2.26359e-31
-1.84049e-31
-1.30588e-31
-1.06987e-31
-1.1393e-31
-1.47793e-31
-2.07614e-31
-2.53724e-31
-2.79553e-31
-2.67039e-31
-2.14517e-31
-1.5302e-31
-9.86686e-32
-8.64111e-32
-1.27688e-31
-2.01992e-31
-2.85995e-31
-3.3188e-31
-3.14802e-31
-2.43833e-31
-1.42468e-31
-6.63836e-32
-5.0178e-32
-9.75499e-32
-1.91593e-31
-2.78339e-31
-3.23174e-31
-3.11843e-31
-2.52739e-31
-1.8662e-31
-1.37712e-31
-1.2242e-31
-1.37478e-31
-1.61626e-31
-1.87581e-31
-2.07149e-31
-2.25263e-31
-2.45527e-31
-2.57735e-31
-2.55698e-31
-2.24491e-31
-1.71842e-31
-1.18332e-31
-8.55564e-32
-1.04324e-31
-1.62786e-31
-2.44421e-31
-3.13633e-31
-3.2683e-31
-2.91382e-31
-2.05431e-31
-1.14411e-31
-6.09775e-32
-5.17398e-32
-1.0947e-31
-1.88507e-31
-2.62059e-31
-3.05747e-31
-2.88495e-31
-2.44407e-31
-1.81389e-31
-1.34489e-31
-1.25637e-31
-1.36803e-31
-1.6715e-31
-1.83716e-31
-1.80939e-31
-1.67918e-31
-1.5374e-31
-1.6337e-31
-1.93568e-31
-2.34799e-31
-2.65315e-31
-2.63583e-31
-2.28591e-31
-1.68903e-31
-1.09116e-31
-7.09711e-32
-6.52759e-32
-9.48827e-32
-1.46915e-31
-2.07529e-31
-2.62504e-31
-2.94017e-31
-2.96396e-31
-2.62315e-31
-1.97806e-31
-1.23687e-31
-5.85248e-32
-3.28456e-32
-5.50098e-32
-1.1781e-31
-2.0159e-31
-2.66007e-31
-2.9207e-31
-2.68138e-31
-2.07444e-31
-1.44255e-31
-1.00478e-31
-9.92119e-32
-1.33286e-31
-1.7978e-31
-2.16345e-31
-2.16327e-31
-1.82869e-31
-1.31486e-31
-8.9166e-32
-8.57325e-32
-1.25122e-31
-1.95556e-31
-2.61691e-31
-2.87896e-31
-2.56225e-31
-1.75235e-31
-8.50443e-32
-2.60933e-32
-3.31087e-32
-9.86738e-32
-1.87652e-31
-2.57393e-31
-2.63217e-31
-2.15706e-31
-1.37069e-31
-7.31613e-32
-6.54575e-32
-1.00078e-31
-1.67539e-31
-2.15662e-31
-2.16276e-31
-1.78416e-31
-1.05756e-31
-5.45264e-32
-3.92309e-32
-6.63633e-32
-1.31699e-31
-1.85527e-31
-2.19741e-31
-2.09708e-31
-1.60189e-31
-1.02273e-31
-4.36533e-32
-1.78179e-32
-2.34177e-32
-5.19001e-32
-9.72391e-32
-1.31493e-31
-1.52222e-31
-1.52349e-31
-1.30923e-31
-1.00489e-31
-6.09015e-32
-2.28957e-32
4.05122e-33
1.5922e-32
2.25375e-33
-3.16653e-32
-7.19816e-32
-1.02227e-31
-9.86768e-32
-5.76696e-32
7.76372e-33
7.26617e-32
1.01758e-31
8.17219e-32
2.27636e-32
-4.32386e-32
-7.07674e-32
-3.4584e-32
5.86822e-32
1.72788e-31
2.51257e-31
2.53672e-31
1.80033e-31
6.44261e-32
-2.61987e-32
-3.64001e-32
4.60203e-32
1.98341e-31
3.49132e-31
4.35113e-31
4.28374e-31
3.34007e-31
2.17423e-31
1.38232e-31
1.38414e-31
2.30507e-31
3.66338e-31
5.00075e-31
5.83205e-31
5.91514e-31
5.49634e-31
4.86642e-31
4.47682e-31
4.61488e-31
5.25323e-31
6.22188e-31
7.17814e-31
7.83217e-31
8.09017e-31
8.09495e-31
8.08848e-31
8.37639e-31
9.06629e-31
9.97031e-31
1.0869e-30
1.14019e-30
1.14946e-30
1.13936e-30
1.13766e-30
1.18799e-30
1.29814e-30
1.44231e-30
1.58797e-30
1.68834e-30
1.73112e-30
1.73883e-30
1.73913e-30
1.77412e-30
1.85823e-30
1.97383e-30
2.1084e-30
2.23127e-30
2.33565e-30
2.4356e-30
2.52846e-30
2.63248e-30
2.74075e-30
2.84363e-30
2.95137e-30
3.05619e-30
3.17459e-30
3.30835e-30
3.44616e-30
3.58714e-30
3.71805e-30
3.84986e-30
3.99905e-30
4.17747e-30
4.3869e-30
4.60373e-30
4.79684e-30
4.94192e-30
5.04662e-30
5.14284e-30
5.28232e-30
5.50008e-30
5.78972e-30
6.11778e-30
6.41813e-30
6.65257e-30
6.81864e-30
6.94865e-30
7.11011e-30
7.33755e-30
7.64279e-30
7.99525e-30
8.33931e-30
8.64893e-30
8.91033e-30
9.1545e-30
9.42069e-30
9.72693e-30
1.00822e-29
1.04545e-29
1.08188e-29
1.11629e-29
1.14864e-29
1.18232e-29
1.2191e-29
1.26011e-29
1.30473e-29
1.34949e-29
1.39298e-29
1.43377e-29
1.47303e-29
1.51426e-29
1.55893e-29
1.60927e-29
1.66367e-29
1.71896e-29
1.77313e-29
1.82297e-29
1.87025e-29
1.91747e-29
1.96766e-29
2.02507e-29
2.08847e-29
2.15656e-29
2.22498e-29
2.28845e-29
2.34548e-29
2.39636e-29
2.4414e-29
2.50245e-29
2.57444e-29
2.72912e-29
2.99013e-29
3.37039e-29
4.07674e-29
4.36373e-29
4.66111e-29
2.97256e-29
-1.28392e-29
-6.40259e-29
-1.69429e-28
-1.59878e-28
-9.88922e-29
1.89322e-28
8.3375e-28
1.19931e-27
1.842e-27
1.0806e-27
-7.37071e-28
-3.01216e-27
-7.51835e-27
-7.18854e-27
-5.90601e-27
1.77355e-27
1.69018e-26
2.26936e-26
3.30745e-26
1.66742e-26
-1.3585e-26
-4.09811e-26
-9.04692e-26
-7.12959e-26
-4.21682e-26
3.15969e-26
1.54652e-25
1.62762e-25
1.92025e-25
5.43384e-26
-1.45573e-25
-2.41535e-25
-4.15683e-25
-2.36496e-25
-3.16156e-26
2.19182e-25
5.89223e-25
4.55184e-25
3.83062e-25
-3.70561e-26
-5.43974e-25
-5.80021e-25
-7.54224e-25
-2.5455e-25
2.23656e-25
5.06876e-25
9.15321e-25
5.06887e-25
2.23672e-25
-2.54536e-25
-7.54219e-25
-5.80027e-25
-5.43986e-25
-3.70701e-26
3.83053e-25
4.55182e-25
5.89227e-25
2.19189e-25
-3.16099e-26
-2.36494e-25
-4.15685e-25
-2.4154e-25
-1.45578e-25
5.43347e-26
1.92023e-25
1.62762e-25
1.54652e-25
3.15972e-26
-4.21686e-26
-7.12967e-26
-9.047e-26
-4.09822e-26
-1.35859e-26
1.66732e-26
3.30735e-26
2.26926e-26
1.69008e-26
1.77272e-27
-5.90675e-27
-7.1892e-27
-7.51895e-27
-3.01279e-27
-7.37717e-28
1.0799e-27
1.84127e-27
1.19857e-27
8.3302e-28
1.88665e-28
-9.94696e-29
-1.60355e-28
-1.69839e-28
-6.44352e-29
-1.32929e-29
2.91663e-29
4.59694e-29
4.29634e-29
4.0135e-29
3.31998e-29
2.95342e-29
2.70447e-29
2.55461e-29
2.47863e-29
2.40919e-29
2.35316e-29
2.29475e-29
2.23623e-29
2.17671e-29
2.11816e-29
2.0615e-29
2.00814e-29
1.95732e-29
1.90669e-29
1.85417e-29
1.79831e-29
1.74004e-29
1.68291e-29
1.62961e-29
1.58283e-29
1.54188e-29
1.50382e-29
1.46608e-29
1.42505e-29
1.38097e-29
1.3346e-29
1.28798e-29
1.24427e-29
1.20406e-29
1.16873e-29
1.13715e-29
1.10732e-29
1.07754e-29
1.04512e-29
1.00958e-29
9.71905e-30
9.34361e-30
9.00372e-30
8.72185e-30
8.49172e-30
8.29471e-30
8.08763e-30
7.83544e-30
7.53914e-30
7.20543e-30
6.88551e-30
6.61555e-30
6.40604e-30
6.26161e-30
6.13034e-30
5.98138e-30
5.78734e-30
5.53516e-30
5.26432e-30
5.00035e-30
4.78482e-30
4.63937e-30
4.54577e-30
4.47989e-30
4.39235e-30
4.24624e-30
4.0362e-30
3.78232e-30
3.53478e-30
3.34859e-30
3.2484e-30
3.22603e-30
3.23441e-30
3.20834e-30
3.10853e-30
2.92555e-30
2.69786e-30
2.48307e-30
2.32907e-30
2.25668e-30
2.24307e-30
2.25073e-30
2.23149e-30
2.1655e-30
2.05346e-30
1.91362e-30
1.78209e-30
1.67029e-30
1.59761e-30
1.55378e-30
1.5239e-30
1.49956e-30
1.45157e-30
1.39037e-30
1.30931e-30
1.22503e-30
1.16322e-30
1.11418e-30
1.09553e-30
1.07534e-30
1.03747e-30
9.83283e-31
8.9698e-31
8.21991e-31
7.67333e-31
7.44865e-31
7.61439e-31
7.73027e-31
7.72426e-31
7.37446e-31
6.69208e-31
6.01269e-31
5.38218e-31
5.0107e-31
4.81737e-31
4.60092e-31
4.40486e-31
4.16156e-31
4.07862e-31
4.28932e-31
4.62647e-31
4.94424e-31
4.79789e-31
4.00133e-31
2.7655e-31
1.41162e-31
6.78288e-32
8.98567e-32
1.9856e-31
3.55895e-31
4.65386e-31
4.76647e-31
3.69806e-31
1.75619e-31
-4.66812e-33
-1.08177e-31
-8.04137e-32
6.38551e-32
2.38595e-31
3.76325e-31
3.94112e-31
2.88645e-31
1.16419e-31
-5.88311e-32
-1.41423e-31
-1.14036e-31
9.45286e-34
1.50596e-31
2.45839e-31
2.63263e-31
1.95534e-31
7.9887e-32
-1.90306e-32
-8.13713e-32
-8.17412e-32
-4.12375e-32
1.06272e-32
6.46185e-32
9.37461e-32
1.08092e-31
1.04238e-31
8.07421e-32
5.0342e-32
6.55945e-33
-3.16865e-32
-5.98377e-32
-7.11266e-32
-5.94477e-32
-3.51001e-32
2.43525e-33
3.81169e-32
6.89141e-32
8.2733e-32
7.33629e-32
4.44017e-32
-7.2354e-33
-5.44331e-32
-9.2568e-32
-1.03337e-31
-8.04723e-32
-4.57905e-32
4.66286e-33
3.92611e-32
5.60671e-32
5.75672e-32
3.11888e-32
2.99572e-33
-3.52235e-32
-6.91792e-32
-8.41887e-32
-8.78856e-32
-6.25002e-32
-2.59107e-32
1.28797e-32
4.40933e-32
4.69919e-32
3.09013e-32
-4.57935e-33
-4.35621e-32
-7.03342e-32
-8.16429e-32
-6.99139e-32
-4.4015e-32
-1.16537e-32
1.60574e-32
2.93283e-32
2.35178e-32
3.2801e-33
-2.15042e-32
-4.04972e-32
-4.06356e-32
-3.19766e-32
-1.80827e-32
-1.35464e-32
-2.63973e-32
-3.73044e-32
-4.4009e-32
-2.36859e-32
1.59102e-32
4.94783e-32
6.38416e-32
2.94848e-32
-3.16579e-32
-9.36453e-32
-1.23499e-31
-9.10506e-32
-1.99108e-32
6.51656e-32
1.13877e-31
9.99649e-32
3.60284e-32
-5.31496e-32
-1.11464e-31
-1.16537e-31
-6.58608e-32
1.46845e-32
7.46554e-32
9.28434e-32
5.57607e-32
-1.00103e-32
-6.45487e-32
-8.48096e-32
-5.24034e-32
7.18478e-33
6.29689e-32
8.79433e-32
6.10369e-32
3.33201e-33
-6.05436e-32
-9.96531e-32
-8.82836e-32
-3.8537e-32
3.31741e-32
9.60693e-32
1.18814e-31
1.0139e-31
4.56611e-32
-2.56939e-32
-8.1536e-32
-1.12294e-31
-1.00912e-31
-5.46648e-32
8.25996e-33
7.78e-32
1.23332e-31
1.35792e-31
1.08792e-31
4.20184e-32
-3.58584e-32
-1.05994e-31
-1.36746e-31
-1.11035e-31
-3.94033e-32
5.95082e-32
1.40631e-31
1.7092e-31
1.36949e-31
4.85924e-32
-5.10718e-32
-1.19378e-31
-1.25092e-31
-6.46788e-32
2.97059e-32
1.14367e-31
1.50407e-31
1.20073e-31
4.43867e-32
-4.01135e-32
-9.26538e-32
-8.36809e-32
-2.63469e-32
5.61777e-32
1.21564e-31
1.33783e-31
9.96669e-32
2.57563e-32
-4.26486e-32
-7.10924e-32
-5.83813e-32
3.97825e-33
6.90315e-32
1.11969e-31
1.20563e-31
7.81924e-32
2.70698e-32
-2.12021e-32
-4.35614e-32
-2.39598e-32
9.16698e-33
5.42668e-32
8.50178e-32
9.05977e-32
8.24644e-32
5.80527e-32
3.60294e-32
2.29276e-32
1.56632e-32
1.76638e-32
2.00635e-32
1.82068e-32
1.93284e-32
1.93834e-32
2.91297e-32
5.18933e-32
7.5747e-32
1.04841e-31
1.13341e-31
9.93017e-32
6.41064e-32
5.96136e-33
-3.77693e-32
-6.36655e-32
-4.88923e-32
4.51691e-33
6.85793e-32
1.31795e-31
1.55265e-31
1.39982e-31
8.80782e-32
2.43337e-32
-2.47818e-32
-4.54038e-32
-2.42231e-32
6.3804e-33
5.5065e-32
7.53716e-32
7.59253e-32
6.88249e-32
2.39306e-32
1.4458e-32
-1.80962e-32
-2.43845e-32
-4.54599e-33
)
;

boundaryField
{
    left
    {
        type            calculated;
        value           uniform 0;
    }
    right
    {
        type            calculated;
        value           uniform 0;
    }
    empty
    {
        type            empty;
        value           nonuniform List<scalar> 0();
    }
}


// ************************************************************************* //
