/*--------------------------------*- C++ -*----------------------------------*\
| =========                 |                                                 |
| \\      /  F ield         | OpenFOAM: The Open Source CFD Toolbox           |
|  \\    /   O peration     | Version:  2106                                  |
|   \\  /    A nd           | Website:  www.openfoam.com                      |
|    \\/     M anipulation  |                                                 |
\*---------------------------------------------------------------------------*/
FoamFile
{
    version     2.0;
    format      ascii;
    arch        "LSB;label=32;scalar=64";
    class       surfaceScalarField;
    location    "0.145";
    object      phi;
}
// * * * * * * * * * * * * * * * * * * * * * * * * * * * * * * * * * * * * * //

dimensions      [0 3 -1 0 0 0 0];

oriented        oriented;

internalField   nonuniform List<scalar> 
799
(
1.60431e-32
4.20787e-32
5.34777e-32
4.08425e-32
1.38116e-32
-5.47927e-32
-1.16134e-31
-1.63969e-31
-1.75964e-31
-1.40143e-31
-8.62805e-32
-2.59339e-32
1.06148e-32
1.84368e-32
-5.06666e-33
-4.6207e-32
-9.90063e-32
-1.5326e-31
-1.95125e-31
-2.24631e-31
-2.17982e-31
-1.83354e-31
-1.23634e-31
-5.42962e-32
-1.51216e-32
-7.4248e-33
-5.04808e-32
-1.22485e-31
-1.90149e-31
-2.44104e-31
-2.48307e-31
-2.22349e-31
-1.77347e-31
-1.23618e-31
-1.00036e-31
-9.025e-32
-1.08727e-31
-1.47891e-31
-1.79022e-31
-2.16955e-31
-2.2714e-31
-2.15856e-31
-1.93565e-31
-1.48003e-31
-1.23891e-31
-1.14693e-31
-1.31676e-31
-1.81686e-31
-2.22663e-31
-2.59952e-31
-2.62858e-31
-2.29961e-31
-1.877e-31
-1.34288e-31
-1.10735e-31
-1.17725e-31
-1.51632e-31
-2.11497e-31
-2.5765e-31
-2.83521e-31
-2.71052e-31
-2.18572e-31
-1.57113e-31
-1.02802e-31
-9.05834e-32
-1.319e-31
-2.06243e-31
-2.90284e-31
-3.36207e-31
-3.1916e-31
-2.48226e-31
-1.46891e-31
-7.08347e-32
-5.46588e-32
-1.02064e-31
-1.96137e-31
-2.8291e-31
-3.27778e-31
-3.16469e-31
-2.5739e-31
-1.91291e-31
-1.42407e-31
-1.27138e-31
-1.4222e-31
-1.6639e-31
-1.92366e-31
-2.11952e-31
-2.30085e-31
-2.50365e-31
-2.62587e-31
-2.60566e-31
-2.29375e-31
-1.76738e-31
-1.2324e-31
-9.04736e-32
-1.09253e-31
-1.67726e-31
-2.49372e-31
-3.18591e-31
-3.318e-31
-2.96357e-31
-2.10408e-31
-1.19394e-31
-6.59654e-32
-5.67299e-32
-1.14462e-31
-1.935e-31
-2.67052e-31
-3.10738e-31
-2.93489e-31
-2.49396e-31
-1.86377e-31
-1.39472e-31
-1.30617e-31
-1.4178e-31
-1.72122e-31
-1.88682e-31
-1.85898e-31
-1.72869e-31
-1.5868e-31
-1.68299e-31
-1.98485e-31
-2.39705e-31
-2.70205e-31
-2.68461e-31
-2.33454e-31
-1.73741e-31
-1.13935e-31
-7.57711e-32
-7.00544e-32
-9.96373e-32
-1.51646e-31
-2.12232e-31
-2.67178e-31
-2.98661e-31
-3.01006e-31
-2.66895e-31
-2.02352e-31
-1.28197e-31
-6.29951e-32
-3.7274e-32
-5.93952e-32
-1.2215e-31
-2.05881e-31
-2.70249e-31
-2.96261e-31
-2.72272e-31
-2.11518e-31
-1.48267e-31
-1.04423e-31
-1.0309e-31
-1.37093e-31
-1.83508e-31
-2.19995e-31
-2.19898e-31
-1.86359e-31
-1.34891e-31
-9.24762e-32
-8.89419e-32
-1.28229e-31
-1.98556e-31
-2.64578e-31
-2.90665e-31
-2.58869e-31
-1.77747e-31
-8.74216e-32
-2.83247e-32
-3.51881e-32
-1.00594e-31
-1.89406e-31
-2.58971e-31
-2.6461e-31
-2.16905e-31
-1.38063e-31
-7.39467e-32
-6.60278e-32
-1.00424e-31
-1.67654e-31
-2.15534e-31
-2.15891e-31
-1.7776e-31
-1.04816e-31
-5.32911e-32
-3.76889e-32
-6.45006e-32
-1.29499e-31
-1.82978e-31
-2.16827e-31
-2.06413e-31
-1.56497e-31
-9.81653e-32
-3.91153e-32
-1.28285e-32
-1.79638e-32
-4.59598e-32
-9.07926e-32
-1.24517e-31
-1.44695e-31
-1.44249e-31
-1.22225e-31
-9.11665e-32
-5.09318e-32
-1.22525e-32
1.53924e-32
2.79907e-32
1.50797e-32
-1.80511e-32
-5.75492e-32
-8.69475e-32
-8.25141e-32
-4.0595e-32
2.57892e-32
9.16713e-32
1.21792e-31
1.02815e-31
4.49569e-32
-1.9907e-32
-4.62584e-32
-8.85401e-33
8.56783e-32
2.01093e-31
2.80916e-31
2.84734e-31
2.1255e-31
9.8447e-32
9.37687e-33
7.82409e-34
8.48609e-32
2.38893e-31
3.91453e-31
4.79262e-31
4.74412e-31
3.81994e-31
2.67421e-31
1.90306e-31
1.92629e-31
2.86931e-31
4.25035e-31
5.6112e-31
6.46666e-31
6.57464e-31
6.18145e-31
5.57792e-31
5.2155e-31
5.38152e-31
6.0486e-31
7.04683e-31
8.03349e-31
8.71878e-31
9.00888e-31
9.0466e-31
9.07399e-31
9.39662e-31
1.01222e-30
1.10628e-30
1.19991e-30
1.25705e-30
1.27028e-30
1.26422e-30
1.26668e-30
1.32126e-30
1.43576e-30
1.58439e-30
1.73462e-30
1.83965e-30
1.88721e-30
1.89981e-30
1.90511e-30
1.94521e-30
2.03453e-30
2.15546e-30
2.29548e-30
2.4239e-30
2.53395e-30
2.63969e-30
2.73846e-30
2.8485e-30
2.9629e-30
3.07204e-30
3.18614e-30
3.29746e-30
3.42246e-30
3.56294e-30
3.70761e-30
3.85555e-30
3.99354e-30
4.13256e-30
4.28906e-30
4.47492e-30
4.69191e-30
4.91641e-30
5.11731e-30
5.2703e-30
5.38301e-30
5.48737e-30
5.63509e-30
5.86121e-30
6.15932e-30
6.49596e-30
6.805e-30
7.04823e-30
7.2232e-30
7.36221e-30
7.53278e-30
7.76941e-30
8.08396e-30
8.44581e-30
8.79935e-30
9.11855e-30
9.38962e-30
9.64353e-30
9.91956e-30
1.02357e-29
1.06009e-29
1.09833e-29
1.13578e-29
1.17121e-29
1.20459e-29
1.2393e-29
1.27712e-29
1.31916e-29
1.36484e-29
1.41065e-29
1.4552e-29
1.49705e-29
1.53737e-29
1.57967e-29
1.62541e-29
1.67682e-29
1.73231e-29
1.78866e-29
1.84391e-29
1.89482e-29
1.94318e-29
1.99148e-29
2.04275e-29
2.10123e-29
2.1657e-29
2.23486e-29
2.30434e-29
2.36886e-29
2.42696e-29
2.47889e-29
2.52497e-29
2.58707e-29
2.66009e-29
2.81579e-29
3.07782e-29
3.45909e-29
4.16645e-29
4.45443e-29
4.75279e-29
3.06522e-29
-1.19029e-29
-6.30802e-29
-1.68474e-28
-1.58914e-28
-9.79186e-29
1.90305e-28
8.34742e-28
1.20031e-27
1.84301e-27
1.08161e-27
-7.36045e-28
-3.01113e-27
-7.51731e-27
-7.18749e-27
-5.90495e-27
1.77461e-27
1.69028e-26
2.26946e-26
3.30756e-26
1.66753e-26
-1.35839e-26
-4.098e-26
-9.04681e-26
-7.12948e-26
-4.21671e-26
3.15981e-26
1.54653e-25
1.62763e-25
1.92026e-25
5.43396e-26
-1.45572e-25
-2.41534e-25
-4.15682e-25
-2.36495e-25
-3.16145e-26
2.19183e-25
5.89224e-25
4.55185e-25
3.83063e-25
-3.70549e-26
-5.43973e-25
-5.8002e-25
-7.54223e-25
-2.54549e-25
2.23657e-25
5.06877e-25
9.15322e-25
5.06888e-25
2.23673e-25
-2.54535e-25
-7.54218e-25
-5.80026e-25
-5.43985e-25
-3.7069e-26
3.83054e-25
4.55184e-25
5.89229e-25
2.1919e-25
-3.16088e-26
-2.36493e-25
-4.15684e-25
-2.41539e-25
-1.45576e-25
5.43359e-26
1.92024e-25
1.62763e-25
1.54653e-25
3.15983e-26
-4.21674e-26
-7.12956e-26
-9.04689e-26
-4.09811e-26
-1.35848e-26
1.66743e-26
3.30746e-26
2.26937e-26
1.69018e-26
1.77378e-27
-5.9057e-27
-7.18815e-27
-7.51792e-27
-3.01176e-27
-7.36696e-28
1.08091e-27
1.84227e-27
1.19957e-27
8.34007e-28
1.89642e-28
-9.85016e-29
-1.59396e-28
-1.6889e-28
-6.34952e-29
-1.23624e-29
3.00871e-29
4.68804e-29
4.38645e-29
4.10262e-29
3.40809e-29
3.04052e-29
2.79055e-29
2.63966e-29
2.56264e-29
2.49216e-29
2.43509e-29
2.37563e-29
2.31605e-29
2.25547e-29
2.19586e-29
2.13814e-29
2.08371e-29
2.03182e-29
1.98012e-29
1.92652e-29
1.8696e-29
1.81025e-29
1.75205e-29
1.69769e-29
1.64983e-29
1.60782e-29
1.56869e-29
1.52989e-29
1.48781e-29
1.44267e-29
1.39525e-29
1.34758e-29
1.30283e-29
1.26159e-29
1.22523e-29
1.19262e-29
1.16177e-29
1.13099e-29
1.09756e-29
1.06102e-29
1.02235e-29
9.8383e-30
9.48867e-30
9.19714e-30
8.95746e-30
8.75098e-30
8.5345e-30
8.27302e-30
7.96754e-30
7.62474e-30
7.29582e-30
7.01697e-30
6.79867e-30
6.64556e-30
6.50571e-30
6.34829e-30
6.1459e-30
5.88547e-30
5.60649e-30
5.33451e-30
5.11107e-30
4.95781e-30
4.85654e-30
4.78309e-30
4.6881e-30
4.53467e-30
4.31743e-30
4.05645e-30
3.80194e-30
3.60889e-30
3.50196e-30
3.47297e-30
3.47484e-30
3.44238e-30
3.3363e-30
3.14717e-30
2.91344e-30
2.69275e-30
2.53294e-30
2.45486e-30
2.43568e-30
2.43788e-30
2.4133e-30
2.34208e-30
2.22491e-30
2.08005e-30
1.94362e-30
1.82702e-30
1.74965e-30
1.70124e-30
1.66689e-30
1.63817e-30
1.58591e-30
1.52054e-30
1.43541e-30
1.34715e-30
1.28148e-30
1.22865e-30
1.20632e-30
1.18255e-30
1.14117e-30
1.08357e-30
9.93946e-31
9.15723e-31
8.5792e-31
8.32397e-31
8.45995e-31
8.54689e-31
8.5127e-31
8.13553e-31
7.42655e-31
6.72131e-31
6.06572e-31
5.66989e-31
5.45292e-31
5.2135e-31
4.99517e-31
4.73025e-31
4.62636e-31
4.81672e-31
5.13418e-31
5.43286e-31
5.26803e-31
4.45356e-31
3.20044e-31
1.82981e-31
1.08028e-31
1.28487e-31
2.3567e-31
3.91539e-31
4.9961e-31
5.09502e-31
4.01338e-31
2.05876e-31
2.43532e-32
-8.03474e-32
-5.37323e-32
8.94294e-32
2.63099e-31
3.99796e-31
4.16589e-31
3.10163e-31
1.37015e-31
-3.91242e-32
-1.22579e-31
-9.60166e-32
1.81711e-32
1.67056e-31
2.61562e-31
2.78276e-31
2.09869e-31
9.35641e-32
-5.97791e-33
-6.89197e-32
-6.98707e-32
-2.99249e-32
2.14026e-32
7.48837e-32
1.0352e-31
1.17397e-31
1.13088e-31
8.91656e-32
5.83527e-32
1.41744e-32
-2.44498e-32
-5.29668e-32
-6.46059e-32
-5.32648e-32
-2.9235e-32
7.98659e-33
4.33771e-32
7.39004e-32
8.74504e-32
7.78241e-32
4.86177e-32
-3.25109e-33
-5.06723e-32
-8.90197e-32
-9.99919e-32
-7.73223e-32
-4.28181e-32
7.46298e-33
4.18974e-32
5.85528e-32
5.99054e-32
3.33908e-32
5.06459e-33
-3.32825e-32
-6.7361e-32
-8.24855e-32
-8.62907e-32
-6.10098e-32
-2.45154e-32
1.41857e-32
4.53135e-32
4.81302e-32
3.19582e-32
-3.59607e-33
-4.26563e-32
-6.95061e-32
-8.088e-32
-6.92109e-32
-4.33695e-32
-1.10687e-32
1.65871e-32
2.98098e-32
2.39547e-32
3.67431e-33
-2.11476e-32
-4.01722e-32
-4.03407e-32
-3.17083e-32
-1.78419e-32
-1.33322e-32
-2.62077e-32
-3.71358e-32
-4.38615e-32
-2.35565e-32
1.60198e-32
4.95716e-32
6.39198e-32
2.9545e-32
-3.16134e-32
-9.36152e-32
-1.23482e-31
-9.10446e-32
-1.99078e-32
6.51656e-32
1.13878e-31
9.99698e-32
3.6039e-32
-5.31331e-32
-1.11442e-31
-1.1651e-31
-6.58277e-32
1.47228e-32
7.47013e-32
9.28945e-32
5.58197e-32
-9.94261e-33
-6.44735e-32
-8.47277e-32
-5.23161e-32
7.27988e-33
6.30712e-32
8.80511e-32
6.11528e-32
3.45238e-33
-6.04148e-32
-9.95147e-32
-8.81376e-32
-3.83827e-32
3.33381e-32
9.62393e-32
1.18989e-31
1.0157e-31
4.58462e-32
-2.5502e-32
-8.13389e-32
-1.12093e-31
-1.00707e-31
-5.44542e-32
8.47414e-33
7.8022e-32
1.23562e-31
1.36029e-31
1.09039e-31
4.22749e-32
-3.55891e-32
-1.05718e-31
-1.36469e-31
-1.10758e-31
-3.91265e-32
5.97956e-32
1.40921e-31
1.71218e-31
1.37253e-31
4.8903e-32
-5.07483e-32
-1.19044e-31
-1.24755e-31
-6.43401e-32
3.00486e-32
1.14715e-31
1.50763e-31
1.20437e-31
4.47561e-32
-3.97374e-32
-9.22746e-32
-8.32965e-32
-2.59617e-32
5.65659e-32
1.21952e-31
1.34168e-31
1.00052e-31
2.6143e-32
-4.2261e-32
-7.0705e-32
-5.79901e-32
4.37246e-33
6.94239e-32
1.12366e-31
1.20966e-31
7.8596e-32
2.74761e-32
-2.07977e-32
-4.31596e-32
-2.3561e-32
9.56119e-33
5.46543e-32
8.53969e-32
9.09686e-32
8.28255e-32
5.84003e-32
3.63651e-32
2.32511e-32
1.59762e-32
1.79717e-32
2.03644e-32
1.8501e-32
1.96137e-32
1.96618e-32
2.94017e-32
5.21596e-32
7.6008e-32
1.05097e-31
1.13591e-31
9.95461e-32
6.43449e-32
6.19721e-33
-3.75406e-32
-6.34428e-32
-4.86757e-32
4.7268e-33
6.87839e-32
1.31995e-31
1.55457e-31
1.40169e-31
8.82535e-32
2.44969e-32
-2.46266e-32
-4.52609e-32
-2.40959e-32
6.49475e-33
5.51674e-32
7.54618e-32
7.60035e-32
6.88941e-32
2.39908e-32
1.45039e-32
-1.80624e-32
-2.43628e-32
-4.53635e-33
)
;

boundaryField
{
    left
    {
        type            calculated;
        value           uniform 0;
    }
    right
    {
        type            calculated;
        value           uniform 0;
    }
    empty
    {
        type            empty;
        value           nonuniform List<scalar> 0();
    }
}


// ************************************************************************* //
