/*--------------------------------*- C++ -*----------------------------------*\
| =========                 |                                                 |
| \\      /  F ield         | OpenFOAM: The Open Source CFD Toolbox           |
|  \\    /   O peration     | Version:  v1706                                 |
|   \\  /    A nd           | Web:      www.OpenFOAM.com                      |
|    \\/     M anipulation  |                                                 |
\*---------------------------------------------------------------------------*/
FoamFile
{
    version     2.0;
    format      ascii;
    class       surfaceScalarField;
    location    "0.1104";
    object      phi;
}
// * * * * * * * * * * * * * * * * * * * * * * * * * * * * * * * * * * * * * //

dimensions      [0 3 -1 0 0 0 0];
oriented        oriented;


internalField   nonuniform List<scalar> 
799
(
1.31956e-33
1.90336e-33
2.42876e-33
3.39248e-33
3.3665e-33
4.22408e-33
4.47902e-33
4.73007e-33
5.36178e-33
5.33269e-33
5.80954e-33
5.99327e-33
6.10368e-33
6.45337e-33
6.45218e-33
6.67394e-33
6.78815e-33
6.82088e-33
6.97322e-33
6.96525e-33
7.03416e-33
7.06594e-33
7.04469e-33
7.06502e-33
7.01845e-33
6.98168e-33
6.92883e-33
6.85031e-33
6.78288e-33
6.69697e-33
6.60835e-33
6.51957e-33
6.42629e-33
6.33535e-33
6.24423e-33
6.1547e-33
6.06367e-33
5.97339e-33
5.88838e-33
5.80939e-33
5.73914e-33
5.67301e-33
5.61336e-33
5.56546e-33
5.5214e-33
5.48531e-33
5.45497e-33
5.43483e-33
5.42053e-33
5.41179e-33
5.4084e-33
5.40991e-33
5.41818e-33
5.43549e-33
5.45279e-33
5.48288e-33
5.51448e-33
5.5536e-33
5.59705e-33
5.63353e-33
5.6747e-33
5.71692e-33
5.7628e-33
5.80801e-33
5.85259e-33
5.8956e-33
5.9336e-33
5.97039e-33
6.00498e-33
6.0476e-33
6.09943e-33
6.15877e-33
6.22575e-33
6.299e-33
6.37663e-33
6.46371e-33
6.55531e-33
6.6565e-33
6.75749e-33
6.85812e-33
6.95366e-33
7.05372e-33
7.15453e-33
7.24782e-33
7.33358e-33
7.42517e-33
7.5115e-33
7.60032e-33
7.6887e-33
7.77666e-33
7.86454e-33
7.95607e-33
8.0449e-33
8.13799e-33
8.22884e-33
8.32137e-33
8.41541e-33
8.50268e-33
8.58421e-33
8.65126e-33
8.70917e-33
8.75781e-33
8.79635e-33
8.82454e-33
8.84496e-33
8.85884e-33
8.86534e-33
8.86979e-33
8.87259e-33
8.87253e-33
8.87317e-33
8.8691e-33
8.86868e-33
8.86548e-33
8.8668e-33
8.8692e-33
8.87056e-33
8.86925e-33
8.87254e-33
8.87959e-33
8.88882e-33
8.90613e-33
8.92882e-33
8.9576e-33
8.98799e-33
9.01835e-33
9.04985e-33
9.08131e-33
9.11582e-33
9.15343e-33
9.19246e-33
9.2345e-33
9.27982e-33
9.32722e-33
9.37988e-33
9.43151e-33
9.4852e-33
9.54224e-33
9.60106e-33
9.66125e-33
9.72529e-33
9.7914e-33
9.85967e-33
9.93119e-33
1.00013e-32
1.00719e-32
1.014e-32
1.02051e-32
1.02684e-32
1.03301e-32
1.03835e-32
1.04361e-32
1.04902e-32
1.05369e-32
1.05866e-32
1.06327e-32
1.0677e-32
1.07241e-32
1.0764e-32
1.07984e-32
1.08303e-32
1.08617e-32
1.08913e-32
1.09214e-32
1.09503e-32
1.09763e-32
1.10034e-32
1.10292e-32
1.1044e-32
1.10592e-32
1.1069e-32
1.10775e-32
1.10837e-32
1.10869e-32
1.10872e-32
1.10831e-32
1.10786e-32
1.10643e-32
1.10455e-32
1.10158e-32
1.09718e-32
1.09206e-32
1.08644e-32
1.07957e-32
1.07205e-32
1.06518e-32
1.0577e-32
1.05055e-32
1.04365e-32
1.03684e-32
1.03103e-32
1.02535e-32
1.02014e-32
1.01561e-32
1.01127e-32
1.00731e-32
1.00442e-32
1.00146e-32
9.98775e-33
9.96152e-33
9.93236e-33
9.90497e-33
9.87876e-33
9.86408e-33
9.85809e-33
9.86662e-33
9.89064e-33
9.92987e-33
9.98676e-33
1.00572e-32
1.01393e-32
1.0227e-32
1.03293e-32
1.04391e-32
1.05535e-32
1.06678e-32
1.07882e-32
1.09056e-32
1.10154e-32
1.11192e-32
1.1219e-32
1.13066e-32
1.13991e-32
1.14954e-32
1.15892e-32
1.16808e-32
1.17732e-32
1.18685e-32
1.19607e-32
1.20521e-32
1.21319e-32
1.22101e-32
1.22801e-32
1.23367e-32
1.23839e-32
1.24185e-32
1.24447e-32
1.24589e-32
1.24604e-32
1.24542e-32
1.24298e-32
1.23901e-32
1.2334e-32
1.22758e-32
1.22077e-32
1.21318e-32
1.20448e-32
1.19498e-32
1.18444e-32
1.17248e-32
1.15929e-32
1.14458e-32
1.12874e-32
1.11166e-32
1.09355e-32
1.0746e-32
1.05518e-32
1.03538e-32
1.01518e-32
9.95164e-33
9.74395e-33
9.54238e-33
9.34678e-33
9.15625e-33
8.97213e-33
8.80586e-33
8.64938e-33
8.49666e-33
8.35297e-33
8.22018e-33
8.09474e-33
7.97606e-33
7.85954e-33
7.74519e-33
7.63375e-33
7.52467e-33
7.41351e-33
7.30048e-33
7.18161e-33
7.0572e-33
6.94031e-33
6.82439e-33
6.7133e-33
6.60722e-33
6.50754e-33
6.40917e-33
6.31165e-33
6.21884e-33
6.13063e-33
6.04411e-33
5.95835e-33
5.8715e-33
5.78747e-33
5.70764e-33
5.62559e-33
5.54679e-33
5.4668e-33
5.39091e-33
5.32292e-33
5.26001e-33
5.197e-33
5.14058e-33
5.08415e-33
5.033e-33
4.98184e-33
4.93858e-33
4.9036e-33
4.87501e-33
4.85902e-33
4.849e-33
4.85037e-33
4.85545e-33
4.87651e-33
4.8972e-33
4.92372e-33
4.95351e-33
4.99604e-33
5.03724e-33
5.09718e-33
5.15562e-33
5.23081e-33
5.31158e-33
5.40555e-33
5.49909e-33
5.60059e-33
5.69922e-33
5.8045e-33
5.90785e-33
6.00969e-33
6.10806e-33
6.19833e-33
6.28476e-33
6.35256e-33
6.41387e-33
6.51656e-33
6.37362e-33
7.18161e-33
5.02397e-33
1.05415e-32
-8.02722e-34
1.76674e-32
-2.98519e-33
-3.11346e-33
7.16702e-32
-1.62037e-31
3.25367e-31
-3.97032e-31
2.72767e-31
4.20694e-31
-1.88088e-30
3.88885e-30
-5.67077e-30
4.90966e-30
1.01999e-30
-1.35085e-29
3.19334e-29
-4.60199e-29
4.24379e-29
-3.95716e-30
-8.0307e-29
1.84945e-28
-2.66247e-28
2.37379e-28
-1.90597e-29
-3.7247e-28
8.54262e-28
-1.13819e-27
9.12222e-28
-1.63131e-29
-1.53368e-27
3.06221e-27
-3.71897e-27
2.66718e-27
5.96661e-28
-4.98431e-27
8.81646e-27
-9.62394e-27
5.34866e-27
3.11199e-27
-1.34535e-26
2.04359e-26
-1.89328e-26
7.97097e-27
1.08526e-26
-2.90662e-26
3.72787e-26
-3.00709e-26
5.71685e-27
2.53607e-26
-4.99042e-26
5.58164e-26
-3.51218e-26
-3.10086e-27
4.44997e-26
-7.02061e-26
6.46624e-26
-3.15728e-26
-1.79829e-26
6.13596e-26
-7.71868e-26
6.13595e-26
-1.79826e-26
-3.15731e-26
6.46626e-26
-7.02061e-26
4.44995e-26
-3.10065e-27
-3.5122e-26
5.58165e-26
-4.99042e-26
2.53606e-26
5.71702e-27
-3.0071e-26
3.72787e-26
-2.90662e-26
1.08525e-26
7.97107e-27
-1.89328e-26
2.04359e-26
-1.34535e-26
3.11194e-27
5.3487e-27
-9.62397e-27
8.81646e-27
-4.9843e-27
5.96642e-28
2.66719e-27
-3.71897e-27
3.0622e-27
-1.53368e-27
-1.63196e-29
9.12222e-28
-1.13819e-27
8.54258e-28
-3.72472e-28
-1.90637e-29
2.37376e-28
-2.6625e-28
1.84941e-28
-8.03109e-29
-3.96158e-30
4.24333e-29
-4.60246e-29
3.19282e-29
-1.35137e-29
1.0146e-30
4.90409e-30
-5.67645e-30
3.88298e-30
-1.88684e-30
4.1465e-31
2.66611e-31
-4.03233e-31
3.19081e-31
-1.68351e-31
6.52981e-32
-9.52658e-33
-9.44985e-33
1.11764e-32
-7.31402e-33
4.02978e-33
-1.48357e-33
6.78589e-34
-1.27706e-34
2.8588e-35
-5.11575e-35
-7.45734e-35
-8.68191e-35
-8.91495e-35
-8.42594e-35
-6.62038e-35
-5.34145e-35
-2.44503e-35
-9.0278e-36
2.10649e-35
4.43396e-35
8.04979e-35
1.04572e-34
1.41435e-34
1.6551e-34
1.91841e-34
2.0557e-34
2.22121e-34
2.34253e-34
2.40177e-34
2.47512e-34
2.45255e-34
2.46572e-34
2.3785e-34
2.3209e-34
2.22686e-34
2.055e-34
1.86574e-34
1.66168e-34
1.38426e-34
1.0476e-34
6.39469e-35
1.88784e-35
-2.9834e-35
-8.0874e-35
-1.31021e-34
-1.84694e-34
-2.40177e-34
-2.97917e-34
-3.62852e-34
-4.1904e-34
-4.82611e-34
-5.36402e-34
-5.8817e-34
-6.3345e-34
-6.76709e-34
-7.16581e-34
-7.49307e-34
-7.77895e-34
-7.95763e-34
-8.1055e-34
-8.17392e-34
-8.10997e-34
-7.95951e-34
-7.68115e-34
-7.34261e-34
-6.97585e-34
-6.57148e-34
-6.15395e-34
-5.7176e-34
-5.28314e-34
-4.84492e-34
-4.41281e-34
-4.05499e-34
-3.73713e-34
-3.46442e-34
-3.3243e-34
-3.24918e-34
-3.28389e-34
-3.47441e-34
-3.70212e-34
-3.96786e-34
-4.23564e-34
-4.57568e-34
-4.89543e-34
-5.24903e-34
-5.59725e-34
-5.95335e-34
-6.30437e-34
-6.68926e-34
-7.06317e-34
-7.43506e-34
-7.80211e-34
-8.09696e-34
-8.2644e-34
-8.47514e-34
-8.709e-34
-8.95915e-34
-9.19707e-34
-9.49423e-34
-9.81397e-34
-1.01563e-33
-1.05625e-33
-1.11192e-33
-1.17512e-33
-1.23982e-33
-1.32144e-33
-1.3978e-33
-1.4783e-33
-1.55184e-33
-1.62707e-33
-1.70024e-33
-1.76957e-33
-1.84242e-33
-1.90976e-33
-1.97107e-33
-2.02975e-33
-2.08543e-33
-2.13733e-33
-2.17852e-33
-2.21473e-33
-2.24209e-33
-2.25148e-33
-2.25027e-33
-2.23623e-33
-2.21076e-33
-2.17462e-33
-2.12997e-33
-2.07641e-33
-2.01348e-33
-1.94721e-33
-1.86905e-33
-1.78639e-33
-1.69925e-33
-1.60935e-33
-1.51813e-33
-1.41591e-33
-1.31171e-33
-1.20183e-33
-1.0871e-33
-9.71993e-34
-8.62155e-34
-7.47802e-34
-6.34955e-34
-5.30383e-34
-4.33334e-34
-3.52084e-34
-2.761e-34
-2.10649e-34
-1.54977e-34
-1.1012e-34
-7.5984e-35
-5.01701e-35
-2.75301e-35
-4.24941e-36
1.36357e-35
2.99575e-35
4.55622e-35
5.6988e-35
7.79588e-35
9.62965e-35
1.32408e-34
1.81308e-34
2.36227e-34
3.02901e-34
3.69669e-34
4.37002e-34
5.1643e-34
5.98844e-34
6.9514e-34
7.97455e-34
9.07294e-34
1.01412e-33
1.11474e-33
1.20972e-33
1.30602e-33
1.39886e-33
1.49861e-33
1.58739e-33
1.67691e-33
1.74989e-33
1.81195e-33
1.86612e-33
1.90794e-33
1.93766e-33
1.96261e-33
1.97991e-33
1.98912e-33
1.9895e-33
1.99514e-33
1.99439e-33
1.99543e-33
2.00041e-33
2.01132e-33
2.02373e-33
2.03276e-33
2.04282e-33
2.05147e-33
2.06182e-33
2.06971e-33
2.08419e-33
2.09504e-33
2.10032e-33
2.09957e-33
2.09924e-33
2.10282e-33
2.10197e-33
2.10197e-33
2.10498e-33
2.10498e-33
2.10846e-33
2.1157e-33
2.12388e-33
2.13831e-33
2.15807e-33
2.18238e-33
2.21745e-33
2.26146e-33
2.3066e-33
2.35701e-33
2.40403e-33
2.45105e-33
2.4992e-33
2.54556e-33
2.58684e-33
2.61298e-33
2.63053e-33
2.63231e-33
2.62709e-33
2.61711e-33
2.59916e-33
2.57405e-33
2.54283e-33
2.50672e-33
2.45406e-33
2.40215e-33
2.34196e-33
2.28573e-33
2.23588e-33
2.19425e-33
2.15539e-33
2.12078e-33
2.09896e-33
2.08091e-33
2.0779e-33
2.07968e-33
2.08881e-33
2.10021e-33
2.10616e-33
2.11969e-33
2.12684e-33
2.13244e-33
2.13276e-33
2.12079e-33
2.10034e-33
2.07266e-33
2.0317e-33
1.99472e-33
1.94781e-33
1.90053e-33
1.85089e-33
1.80038e-33
1.7534e-33
1.70222e-33
1.65934e-33
1.61919e-33
1.58111e-33
1.54863e-33
1.51888e-33
1.49636e-33
1.47868e-33
1.4625e-33
1.45498e-33
1.46852e-33
1.48056e-33
1.50614e-33
1.53623e-33
1.56708e-33
1.60093e-33
1.62651e-33
1.64315e-33
1.64616e-33
1.64139e-33
1.61859e-33
1.59214e-33
1.5586e-33
1.52316e-33
1.47825e-33
1.42602e-33
1.36771e-33
1.30188e-33
1.23549e-33
1.1676e-33
1.09011e-33
1.01638e-33
9.40395e-34
8.65164e-34
7.89932e-34
7.12256e-34
6.38858e-34
5.67435e-34
5.01043e-34
4.44619e-34
3.92709e-34
3.46066e-34
3.11647e-34
2.75348e-34
2.56258e-34
2.41258e-34
2.33688e-34
2.4723e-34
2.54283e-34
2.90394e-34
3.10774e-34
3.4757e-34
4.36344e-34
4.50449e-34
5.74394e-34
6.31193e-34
6.77555e-34
8.82467e-34
8.15511e-34
1.06152e-33
1.12246e-33
1.0808e-33
1.54225e-33
1.23004e-33
1.68067e-33
1.81007e-33
1.46175e-33
2.44277e-33
1.62519e-33
2.28855e-33
2.6594e-33
1.60018e-33
3.50749e-33
1.94069e-33
2.85354e-33
3.63162e-33
1.73785e-33
4.47854e-33
2.35249e-33
2.86031e-33
3.14299e-33
)
;

boundaryField
{
    left
    {
        type            calculated;
        value           uniform 0;
    }
    right
    {
        type            calculated;
        value           uniform 0;
    }
    empty
    {
        type            empty;
        value           nonuniform 0();
    }
}


// ************************************************************************* //
