/*--------------------------------*- C++ -*----------------------------------*\
| =========                 |                                                 |
| \\      /  F ield         | OpenFOAM: The Open Source CFD Toolbox           |
|  \\    /   O peration     | Version:  2106                                  |
|   \\  /    A nd           | Website:  www.openfoam.com                      |
|    \\/     M anipulation  |                                                 |
\*---------------------------------------------------------------------------*/
FoamFile
{
    version     2.0;
    format      ascii;
    arch        "LSB;label=32;scalar=64";
    class       surfaceScalarField;
    location    "0.06";
    object      phi;
}
// * * * * * * * * * * * * * * * * * * * * * * * * * * * * * * * * * * * * * //

dimensions      [0 3 -1 0 0 0 0];

oriented        oriented;

internalField   nonuniform List<scalar> 
799
(
1.82324e-32
4.6458e-32
6.00424e-32
4.95859e-32
2.47268e-32
-4.17129e-32
-1.00888e-31
-1.46566e-31
-1.56418e-31
-1.1846e-31
-6.24682e-32
-6.11257e-36
3.86449e-32
4.85556e-32
2.71268e-32
-1.19547e-32
-6.27101e-32
-1.14937e-31
-1.54794e-31
-1.82309e-31
-1.73686e-31
-1.37108e-31
-7.54588e-32
-4.21448e-33
3.68424e-32
4.63969e-32
5.17631e-33
-6.50197e-32
-1.30898e-31
-1.83093e-31
-1.85562e-31
-1.57896e-31
-1.11211e-31
-5.58294e-32
-3.06236e-32
-1.92435e-32
-3.61552e-32
-7.3784e-32
-1.03407e-31
-1.39865e-31
-1.48604e-31
-1.35905e-31
-1.12231e-31
-6.53169e-32
-3.98807e-32
-2.93907e-32
-4.51157e-32
-9.38962e-32
-1.33678e-31
-1.69802e-31
-1.71573e-31
-1.37575e-31
-9.42449e-32
-3.97928e-32
-1.52313e-32
-2.12422e-32
-5.41984e-32
-1.1315e-31
-1.58417e-31
-1.83433e-31
-1.70136e-31
-1.16859e-31
-5.46309e-32
4.1904e-34
1.33476e-32
-2.7282e-32
-1.0097e-31
-1.84381e-31
-2.29705e-31
-2.12087e-31
-1.40605e-31
-3.87481e-32
3.7802e-32
5.44497e-32
7.49307e-33
-8.6154e-32
-1.7253e-31
-2.17016e-31
-2.05357e-31
-1.45946e-31
-7.95384e-32
-3.03644e-32
-1.4828e-32
-2.96616e-32
-5.36062e-32
-7.93709e-32
-9.87671e-32
-1.16728e-31
-1.36855e-31
-1.48944e-31
-1.46804e-31
-1.15511e-31
-6.27848e-32
-9.21437e-33
2.36032e-32
4.86448e-33
-5.35809e-32
-1.35216e-31
-2.04436e-31
-2.17662e-31
-1.82247e-31
-9.63371e-32
-5.37455e-33
4.79955e-32
5.71595e-32
-6.5696e-34
-7.97935e-32
-1.53453e-31
-1.97254e-31
-1.80132e-31
-1.36175e-31
-7.32987e-32
-2.65477e-32
-1.7857e-32
-2.91904e-32
-5.97098e-32
-7.64549e-32
-7.3863e-32
-6.10346e-32
-4.70556e-32
-5.68922e-32
-8.73033e-32
-1.28755e-31
-1.59496e-31
-1.57997e-31
-1.23247e-31
-6.38055e-32
-4.27466e-33
3.36075e-32
3.90358e-32
9.15541e-33
-4.31574e-32
-1.04059e-31
-1.59324e-31
-1.91137e-31
-1.93827e-31
-1.60067e-31
-9.58845e-32
-2.21004e-32
4.27184e-32
6.80448e-32
4.5518e-32
-1.76541e-32
-1.01817e-31
-1.66629e-31
-1.931e-31
-1.69584e-31
-1.09321e-31
-4.65766e-32
-3.25603e-33
-2.46525e-33
-3.7032e-32
-8.40335e-32
-1.21129e-31
-1.21661e-31
-8.87718e-32
-3.79818e-32
3.72698e-33
6.53011e-33
-3.35217e-32
-1.04643e-31
-1.71494e-31
-1.98445e-31
-1.67551e-31
-8.73727e-32
1.96928e-33
6.00379e-32
5.21017e-32
-1.44294e-32
-1.04415e-31
-1.75216e-31
-1.82148e-31
-1.35795e-31
-5.83637e-32
4.27918e-33
1.06483e-32
-2.53662e-32
-9.42908e-32
-1.4395e-31
-1.46172e-31
-1.09998e-31
-3.91052e-32
1.02676e-32
2.36146e-32
-5.56263e-33
-7.30424e-32
-1.29125e-31
-1.65704e-31
-1.58152e-31
-1.11238e-31
-5.60536e-32
-3.00574e-34
2.25183e-32
1.37505e-32
-1.80548e-32
-6.68832e-32
-1.04799e-31
-1.29371e-31
-1.33532e-31
-1.16336e-31
-9.03382e-32
-5.54073e-32
-2.22914e-32
-4.73207e-34
6.01703e-33
-1.32942e-32
-5.31283e-32
-9.96458e-32
-1.36396e-31
-1.3966e-31
-1.05791e-31
-4.7836e-32
9.22791e-33
3.01167e-32
1.48404e-33
-6.64762e-32
-1.41905e-31
-1.79306e-31
-1.53449e-31
-7.09871e-32
3.18147e-32
9.84587e-32
8.85025e-32
1.93496e-33
-1.27187e-31
-2.31939e-31
-2.56895e-31
-1.89897e-31
-5.36819e-32
8.02932e-32
1.48715e-31
1.23649e-31
1.01571e-32
-1.26381e-31
-2.26383e-31
-2.47906e-31
-1.78443e-31
-6.62008e-32
4.29558e-32
1.00478e-31
8.21116e-32
1.24531e-32
-7.94594e-32
-1.48526e-31
-1.6605e-31
-1.34805e-31
-7.18342e-32
-1.14525e-32
1.73048e-32
5.02397e-33
-3.40634e-32
-7.58094e-32
-8.97039e-32
-6.50272e-32
-2.06165e-32
2.15347e-32
2.532e-32
-1.67488e-32
-8.00886e-32
-1.36964e-31
-1.43803e-31
-9.28825e-32
-1.00509e-32
7.21012e-32
1.06736e-31
8.14999e-32
1.88555e-32
-5.3604e-32
-9.38349e-32
-8.74801e-32
-5.22062e-32
-6.08812e-34
3.65851e-32
5.25245e-32
6.12175e-32
5.99307e-32
6.68584e-32
7.50285e-32
7.47396e-32
7.61796e-32
7.15264e-32
7.72012e-32
9.49363e-32
1.13373e-31
1.3156e-31
1.36198e-31
1.38227e-31
1.54057e-31
1.95497e-31
2.6428e-31
3.36735e-31
3.81718e-31
3.74848e-31
3.23745e-31
2.60282e-31
2.36152e-31
2.86341e-31
4.04417e-31
5.56895e-31
6.77623e-31
7.28369e-31
7.06659e-31
6.4478e-31
6.10246e-31
6.37563e-31
7.38562e-31
8.82645e-31
1.01421e-30
1.10722e-30
1.14792e-30
1.16729e-30
1.20463e-30
1.27797e-30
1.39631e-30
1.5278e-30
1.64732e-30
1.74278e-30
1.81381e-30
1.89438e-30
2.00222e-30
2.14871e-30
2.32783e-30
2.50481e-30
2.66578e-30
2.79641e-30
2.90847e-30
3.03725e-30
3.19738e-30
3.41136e-30
3.66332e-30
3.92138e-30
4.16589e-30
4.3647e-30
4.5358e-30
4.70418e-30
4.9005e-30
5.16719e-30
5.49228e-30
5.86288e-30
6.23553e-30
6.5577e-30
6.81475e-30
7.0096e-30
7.1456e-30
7.44154e-30
7.84682e-30
9.07914e-30
1.13753e-29
1.48645e-29
2.16155e-29
2.4174e-29
2.68376e-29
9.64359e-30
-3.3228e-29
-8.47196e-29
-1.90425e-28
-1.81174e-28
-1.20486e-28
1.67434e-28
8.11571e-28
1.17685e-27
1.81925e-27
1.05757e-27
-7.60378e-28
-3.03574e-27
-7.5422e-27
-7.21265e-27
-5.93037e-27
1.74893e-27
1.68769e-26
2.26685e-26
3.30492e-26
1.66487e-26
-1.36108e-26
-4.10071e-26
-9.04955e-26
-7.13224e-26
-4.21948e-26
3.15701e-26
1.54625e-25
1.62735e-25
1.91998e-25
5.4311e-26
-1.456e-25
-2.41563e-25
-4.15711e-25
-2.36524e-25
-3.16437e-26
2.19153e-25
5.89195e-25
4.55156e-25
3.83034e-25
-3.70846e-26
-5.44003e-25
-5.8005e-25
-7.54253e-25
-2.54579e-25
2.23627e-25
5.06847e-25
9.15292e-25
5.06858e-25
2.23643e-25
-2.54565e-25
-7.54248e-25
-5.80055e-25
-5.44015e-25
-3.70986e-26
3.83025e-25
4.55154e-25
5.89199e-25
2.19161e-25
-3.16379e-26
-2.36522e-25
-4.15713e-25
-2.41568e-25
-1.45605e-25
5.43074e-26
1.91996e-25
1.62735e-25
1.54625e-25
3.15705e-26
-4.2195e-26
-7.1323e-26
-9.04961e-26
-4.1008e-26
-1.36115e-26
1.66478e-26
3.30483e-26
2.26677e-26
1.68761e-26
1.74829e-27
-5.93092e-27
-7.21311e-27
-7.5426e-27
-3.03617e-27
-7.60821e-28
1.05707e-27
1.81872e-27
1.17631e-27
8.11052e-28
1.66989e-28
-1.20851e-28
-1.81438e-28
-1.90622e-28
-8.49147e-29
-3.34674e-29
9.29847e-30
2.64099e-29
2.37135e-29
2.11959e-29
1.45723e-29
1.1219e-29
9.0422e-30
7.85662e-30
7.40973e-30
7.02813e-30
6.78025e-30
6.50802e-30
6.2338e-30
5.9487e-30
5.67213e-30
5.41313e-30
5.18562e-30
4.98182e-30
4.77815e-30
4.55349e-30
4.29342e-30
4.00687e-30
3.72928e-30
3.48754e-30
3.30821e-30
3.1844e-30
3.08656e-30
2.98882e-30
2.85518e-30
2.6877e-30
2.49396e-30
2.29432e-30
2.12027e-30
1.97771e-30
1.88026e-30
1.8165e-30
1.76657e-30
1.71334e-30
1.62974e-30
1.51101e-30
1.36707e-30
1.22041e-30
1.10528e-30
1.04412e-30
1.03065e-30
1.04623e-30
1.04765e-30
9.99875e-31
9.03902e-31
7.66435e-31
6.38668e-31
5.56808e-31
5.31336e-31
5.66915e-31
6.11626e-31
6.34669e-31
6.08674e-31
5.20596e-31
4.09957e-31
3.02327e-31
2.39304e-31
2.42568e-31
2.93951e-31
3.69348e-31
4.19427e-31
4.07345e-31
3.27766e-31
2.00832e-31
7.67957e-32
1.071e-32
2.7267e-32
1.1836e-31
2.36965e-31
3.17944e-31
3.2207e-31
2.3996e-31
1.10144e-31
-9.70789e-33
-7.16596e-32
-5.48258e-32
1.80375e-32
1.09453e-31
1.71339e-31
1.83889e-31
1.47862e-31
8.15714e-32
2.11928e-32
-2.18112e-32
-2.79724e-32
-7.51395e-33
2.47226e-32
6.0379e-32
7.0325e-32
6.5049e-32
3.79709e-32
5.76519e-33
-5.80074e-33
-6.40146e-33
2.16577e-32
4.6488e-32
5.19858e-32
3.95786e-32
-6.48572e-33
-4.27342e-32
-6.01003e-32
-4.66745e-32
4.42512e-33
4.92263e-32
8.0561e-32
7.62789e-32
3.75457e-32
-2.04179e-33
-3.78566e-32
-4.8847e-32
-4.30596e-32
-4.05957e-32
-3.70614e-32
-3.91912e-32
-2.61884e-32
1.53039e-32
6.86016e-32
1.1915e-31
1.22506e-31
6.0086e-32
-4.69837e-32
-1.66562e-31
-2.24756e-31
-1.88233e-31
-6.56535e-32
1.0496e-31
2.2715e-31
2.50556e-31
1.55323e-31
-2.77652e-32
-1.97445e-31
-2.90818e-31
-2.53379e-31
-9.987e-32
8.36914e-32
2.29843e-31
2.5567e-31
1.57873e-31
-7.0398e-33
-1.7532e-31
-2.51266e-31
-2.17543e-31
-9.65211e-32
5.88842e-32
1.59608e-31
1.8225e-31
1.19491e-31
8.5734e-33
-8.58468e-32
-1.43906e-31
-1.4021e-31
-9.58398e-32
-4.03046e-32
1.71756e-32
4.96243e-32
6.71217e-32
6.6258e-32
4.56011e-32
1.78908e-32
-2.33369e-32
-5.91647e-32
-8.50291e-32
-9.4152e-32
-8.04268e-32
-5.41427e-32
-1.47778e-32
2.26372e-32
5.5076e-32
7.0436e-32
6.2522e-32
3.49285e-32
-1.54152e-32
-6.14026e-32
-9.83947e-32
-1.08091e-31
-8.42263e-32
-4.86087e-32
2.71887e-33
3.81345e-32
5.5706e-32
5.79284e-32
3.22179e-32
4.6433e-33
-3.30041e-32
-6.64305e-32
-8.09507e-32
-8.41962e-32
-5.83971e-32
-2.14262e-32
1.77125e-32
4.92406e-32
5.24229e-32
3.65804e-32
1.32032e-33
-3.74684e-32
-6.40797e-32
-7.52422e-32
-6.3391e-32
-3.73901e-32
-4.95146e-33
2.28163e-32
3.61277e-32
3.03381e-32
1.01051e-32
-1.46942e-32
-3.37143e-32
-3.38979e-32
-2.52996e-32
-1.14816e-32
-7.03209e-33
-1.99785e-32
-3.09894e-32
-3.78129e-32
-1.76132e-32
2.18354e-32
5.52456e-32
6.94463e-32
3.49165e-32
-2.64098e-32
-8.85883e-32
-1.1864e-31
-8.63983e-32
-1.54676e-32
6.93907e-32
1.17883e-31
1.03748e-31
3.95824e-32
-4.98304e-32
-1.08387e-31
-1.13707e-31
-6.32818e-32
1.70061e-32
7.67175e-32
9.46414e-32
5.72978e-32
-8.73891e-33
-6.35497e-32
-8.40886e-32
-5.19625e-32
7.34488e-33
6.2844e-32
8.75323e-32
6.03365e-32
2.33782e-33
-6.18376e-32
-1.01246e-31
-9.01757e-32
-4.07236e-32
3.069e-32
9.32887e-32
1.15736e-31
9.80155e-32
4.19898e-32
-2.96608e-32
-8.58047e-32
-1.16865e-31
-1.05782e-31
-5.98325e-32
2.79749e-33
7.20463e-32
1.17288e-31
1.29459e-31
1.02172e-31
3.51144e-32
-4.3037e-32
-1.13448e-31
-1.44478e-31
-1.19042e-31
-4.76788e-32
5.09739e-32
1.31842e-31
1.6188e-31
1.27661e-31
3.90633e-32
-6.08338e-32
-1.29368e-31
-1.35307e-31
-7.51098e-32
1.90652e-32
1.03525e-31
1.39372e-31
1.08851e-31
3.29838e-32
-5.16902e-32
-1.04396e-31
-9.55758e-32
-3.83915e-32
4.39902e-32
1.09245e-31
1.21343e-31
8.71137e-32
1.31054e-32
-5.53886e-32
-8.39096e-32
-7.12639e-32
-8.96159e-33
5.60411e-32
9.89477e-32
1.07526e-31
6.51412e-32
1.40172e-32
-3.42503e-32
-5.65892e-32
-3.69598e-32
-3.79468e-33
4.13593e-32
7.21817e-32
7.78422e-32
6.98014e-32
4.5495e-32
2.35896e-32
1.06182e-32
3.49376e-33
5.65178e-33
8.22021e-33
6.54214e-33
7.8523e-33
8.10847e-33
1.80676e-32
4.10562e-32
6.51461e-32
9.44879e-32
1.03247e-31
8.94789e-32
5.45648e-32
-3.28555e-33
-4.67083e-32
-7.22938e-32
-5.71967e-32
-3.45464e-33
6.09515e-32
1.24517e-31
1.48343e-31
1.33431e-31
8.18979e-32
1.85363e-32
-3.01901e-32
-5.04187e-32
-2.88363e-32
2.1757e-33
5.12704e-32
7.19922e-32
7.29642e-32
6.62851e-32
2.18097e-32
1.27548e-32
-1.93759e-32
-2.5238e-32
-4.97211e-33
)
;

boundaryField
{
    left
    {
        type            calculated;
        value           uniform 0;
    }
    right
    {
        type            calculated;
        value           uniform 0;
    }
    empty
    {
        type            empty;
        value           nonuniform List<scalar> 0();
    }
}


// ************************************************************************* //
