/*--------------------------------*- C++ -*----------------------------------*\
| =========                 |                                                 |
| \\      /  F ield         | OpenFOAM: The Open Source CFD Toolbox           |
|  \\    /   O peration     | Version:  2106                                  |
|   \\  /    A nd           | Website:  www.openfoam.com                      |
|    \\/     M anipulation  |                                                 |
\*---------------------------------------------------------------------------*/
FoamFile
{
    version     2.0;
    format      ascii;
    arch        "LSB;label=32;scalar=64";
    class       surfaceScalarField;
    location    "0.068";
    object      phi;
}
// * * * * * * * * * * * * * * * * * * * * * * * * * * * * * * * * * * * * * //

dimensions      [0 3 -1 0 0 0 0];

oriented        oriented;

internalField   nonuniform List<scalar> 
799
(
1.7957e-32
4.5909e-32
5.92208e-32
4.84928e-32
2.33641e-32
-4.33425e-32
-1.02794e-31
-1.48739e-31
-1.58856e-31
-1.21162e-31
-6.54365e-32
-3.23477e-33
3.51601e-32
4.48172e-32
2.31382e-32
-1.61917e-32
-6.71924e-32
-1.19665e-31
-1.59764e-31
-1.87518e-31
-1.79136e-31
-1.42784e-31
-8.136e-32
-1.03383e-32
3.04989e-32
3.98374e-32
-1.59416e-33
-7.19997e-32
-1.38084e-31
-1.90479e-31
-1.93141e-31
-1.65668e-31
-1.1917e-31
-6.39676e-32
-3.89369e-32
-2.77284e-32
-4.48073e-32
-8.25985e-32
-1.1238e-31
-1.48987e-31
-1.57874e-31
-1.45316e-31
-1.2178e-31
-7.49984e-32
-4.96885e-32
-3.93213e-32
-5.51636e-32
-1.04059e-31
-1.43948e-31
-1.80178e-31
-1.82051e-31
-1.48149e-31
-1.0491e-31
-5.05448e-32
-2.60661e-32
-3.21553e-32
-6.51867e-32
-1.24207e-31
-1.69537e-31
-1.94613e-31
-1.81371e-31
-1.2815e-31
-6.59773e-32
-1.09731e-32
1.91239e-33
-3.87586e-32
-1.12483e-31
-1.95926e-31
-2.41274e-31
-2.23682e-31
-1.52219e-31
-5.03834e-32
2.61528e-32
4.27827e-32
-4.18739e-33
-9.78468e-32
-1.8423e-31
-2.28719e-31
-2.17059e-31
-1.57645e-31
-9.12346e-32
-4.20562e-32
-2.65135e-32
-4.13398e-32
-6.52737e-32
-9.10288e-32
-1.10413e-31
-1.28359e-31
-1.48468e-31
-1.60537e-31
-1.58377e-31
-1.27062e-31
-7.43163e-32
-2.07248e-32
1.21168e-32
-6.59781e-33
-6.5018e-32
-1.46624e-31
-2.15819e-31
-2.29013e-31
-1.93571e-31
-1.07635e-31
-1.66442e-32
3.67529e-32
4.59485e-32
-1.18369e-32
-9.09422e-32
-1.64571e-31
-2.0834e-31
-1.91186e-31
-1.47197e-31
-8.42886e-32
-3.75015e-32
-2.87776e-32
-4.00864e-32
-7.05763e-32
-8.72928e-32
-8.46716e-32
-7.18129e-32
-5.78043e-32
-6.76108e-32
-9.7993e-32
-1.39415e-31
-1.70127e-31
-1.68602e-31
-1.33824e-31
-7.43499e-32
-1.4789e-32
2.31232e-32
2.85805e-32
-1.2717e-33
-5.35574e-32
-1.14431e-31
-1.69672e-31
-2.0146e-31
-2.0412e-31
-1.7033e-31
-1.0612e-31
-3.23103e-32
3.25342e-32
5.78867e-32
3.53844e-32
-2.7763e-32
-1.11902e-31
-1.76689e-31
-2.03137e-31
-1.79602e-31
-1.19311e-31
-5.65402e-32
-1.31941e-32
-1.2379e-32
-4.6925e-32
-9.39015e-32
-1.30975e-31
-1.31483e-31
-9.8573e-32
-4.77631e-32
-6.03057e-33
-3.20637e-33
-4.32326e-32
-1.14333e-31
-1.81161e-31
-2.08091e-31
-1.77177e-31
-9.69758e-32
-7.61109e-33
5.04804e-32
4.25646e-32
-2.39417e-32
-1.13908e-31
-1.84686e-31
-1.91593e-31
-1.45222e-31
-6.77743e-32
-5.10672e-33
1.28496e-33
-3.47092e-32
-1.03615e-31
-1.53249e-31
-1.55448e-31
-1.19252e-31
-4.83386e-32
1.05926e-33
1.44268e-32
-1.47243e-32
-8.2177e-32
-1.38232e-31
-1.74789e-31
-1.67213e-31
-1.20274e-31
-6.50663e-32
-9.29226e-33
1.35552e-32
4.81407e-33
-2.69623e-32
-7.5759e-32
-1.13643e-31
-1.38183e-31
-1.42313e-31
-1.25084e-31
-9.9053e-32
-6.40861e-32
-3.09292e-32
-9.07143e-33
-2.53982e-33
-2.18053e-32
-6.15913e-32
-1.08057e-31
-1.44749e-31
-1.47954e-31
-1.14024e-31
-5.60104e-32
1.11945e-33
2.2079e-32
-6.47848e-33
-7.43544e-32
-1.49691e-31
-1.86988e-31
-1.61023e-31
-7.84485e-32
2.44759e-32
9.12545e-32
8.14458e-32
-4.96341e-33
-1.33917e-31
-2.38484e-31
-2.63245e-31
-1.96033e-31
-5.95895e-32
7.46298e-32
1.43321e-31
1.18546e-31
5.36674e-33
-1.30834e-31
-2.30474e-31
-2.51605e-31
-1.81715e-31
-6.9016e-32
4.06341e-32
9.86855e-32
8.08898e-32
1.18467e-32
-7.94041e-32
-1.47757e-31
-1.64511e-31
-1.32445e-31
-6.85947e-32
-7.26963e-33
2.25063e-32
1.13133e-32
-2.66094e-32
-6.71096e-32
-7.96722e-32
-5.3577e-32
-7.64654e-33
3.61213e-32
4.16332e-32
1.41059e-33
-5.99656e-32
-1.14749e-31
-1.19366e-31
-6.6079e-32
1.92683e-32
1.0409e-31
1.41562e-31
1.19338e-31
5.9885e-32
-9.19632e-33
-4.58462e-32
-3.56967e-32
3.58704e-33
5.94236e-32
1.01095e-31
1.21764e-31
1.35444e-31
1.39414e-31
1.51883e-31
1.65892e-31
1.71746e-31
1.79651e-31
1.81793e-31
1.94606e-31
2.19837e-31
2.46142e-31
2.72578e-31
2.8586e-31
2.96946e-31
3.22249e-31
3.736e-31
4.52743e-31
5.3602e-31
5.923e-31
5.9722e-31
5.58412e-31
5.0776e-31
4.96972e-31
5.61047e-31
6.93571e-31
8.61063e-31
9.97389e-31
1.06432e-30
1.05942e-30
1.01497e-30
9.98483e-31
1.04449e-30
1.16484e-30
1.32894e-30
1.48118e-30
1.59556e-30
1.65831e-30
1.70043e-30
1.76123e-30
1.85874e-30
2.00195e-30
2.15904e-30
2.30488e-30
2.4274e-30
2.5262e-30
2.63527e-30
2.77235e-30
2.9488e-30
3.15861e-30
3.36699e-30
3.56009e-30
3.72355e-30
3.86915e-30
4.03215e-30
4.2272e-30
4.47677e-30
4.76498e-30
5.05994e-30
5.34199e-30
5.57894e-30
5.78879e-30
5.9965e-30
6.2327e-30
6.53981e-30
6.90583e-30
7.31786e-30
7.73241e-30
8.09691e-30
8.3967e-30
8.63465e-30
8.81412e-30
9.15383e-30
9.60317e-30
1.08798e-29
1.32204e-29
1.67543e-29
2.35502e-29
2.61536e-29
2.88622e-29
1.17132e-29
-3.11135e-29
-8.25601e-29
-1.88221e-28
-1.78925e-28
-1.18193e-28
1.69772e-28
8.13952e-28
1.17927e-27
1.82172e-27
1.06008e-27
-7.57825e-28
-3.03314e-27
-7.53956e-27
-7.20997e-27
-5.92766e-27
1.75169e-27
1.68797e-26
2.26713e-26
3.30521e-26
1.66516e-26
-1.36078e-26
-4.10041e-26
-9.04924e-26
-7.13193e-26
-4.21917e-26
3.15732e-26
1.54628e-25
1.62738e-25
1.92001e-25
5.43142e-26
-1.45597e-25
-2.41559e-25
-4.15708e-25
-2.36521e-25
-3.16404e-26
2.19157e-25
5.89198e-25
4.55159e-25
3.83037e-25
-3.70812e-26
-5.43999e-25
-5.80046e-25
-7.54249e-25
-2.54575e-25
2.23631e-25
5.06851e-25
9.15295e-25
5.06861e-25
2.23646e-25
-2.54562e-25
-7.54244e-25
-5.80052e-25
-5.44011e-25
-3.70952e-26
3.83028e-25
4.55158e-25
5.89203e-25
2.19165e-25
-3.16347e-26
-2.36519e-25
-4.1571e-25
-2.41565e-25
-1.45602e-25
5.43106e-26
1.91999e-25
1.62738e-25
1.54628e-25
3.15736e-26
-4.2192e-26
-7.13199e-26
-9.04931e-26
-4.1005e-26
-1.36086e-26
1.66507e-26
3.30512e-26
2.26705e-26
1.68788e-26
1.75101e-27
-5.92824e-27
-7.21047e-27
-7.54e-27
-3.03361e-27
-7.58302e-28
1.05955e-27
1.82116e-27
1.1787e-27
8.13398e-28
1.69291e-28
-1.18593e-28
-1.79224e-28
-1.88452e-28
-8.279e-29
-3.13874e-29
1.13338e-29
2.84005e-29
2.56595e-29
2.30973e-29
1.64292e-29
1.30317e-29
1.08109e-29
9.58151e-30
9.0911e-30
8.66628e-30
8.37553e-30
8.0608e-30
7.74447e-30
7.41769e-30
7.0999e-30
6.80016e-30
6.53241e-30
6.2889e-30
6.04607e-30
5.78283e-30
5.48475e-30
5.16082e-30
4.84646e-30
4.56857e-30
4.35376e-30
4.19513e-30
4.06315e-30
3.93196e-30
3.76555e-30
3.566e-30
3.34091e-30
3.11062e-30
2.90663e-30
2.73485e-30
2.60891e-30
2.51738e-30
2.44039e-30
2.36083e-30
2.2516e-30
2.10796e-30
1.93981e-30
1.76965e-30
1.63171e-30
1.54843e-30
1.51353e-30
1.50835e-30
1.48967e-30
1.42246e-30
1.30769e-30
1.15207e-30
1.00678e-30
9.08006e-31
8.66228e-31
8.86091e-31
9.15666e-31
9.24139e-31
8.84128e-31
7.8258e-31
6.58999e-31
5.38941e-31
4.63995e-31
4.55822e-31
4.96247e-31
5.61141e-31
6.0117e-31
5.7947e-31
4.907e-31
3.54985e-31
2.22563e-31
1.48471e-31
1.57397e-31
2.4121e-31
3.5288e-31
4.27253e-31
4.25095e-31
3.37014e-31
2.01517e-31
7.62728e-32
9.19932e-33
2.11747e-32
8.94324e-32
1.76486e-31
2.34232e-31
2.42867e-31
2.03138e-31
1.33349e-31
6.9666e-32
2.35422e-32
1.44317e-32
3.2106e-32
6.17193e-32
9.48989e-32
1.02517e-31
9.50522e-32
6.59134e-32
3.17705e-32
1.83829e-32
1.60702e-32
4.25232e-32
6.58484e-32
6.99368e-32
5.62078e-32
8.8999e-33
-2.85102e-32
-4.69605e-32
-3.45539e-32
1.5597e-32
5.95095e-32
9.00136e-32
8.49553e-32
4.5498e-32
5.23462e-33
-3.12121e-32
-4.27906e-32
-3.75511e-32
-3.55951e-32
-3.25347e-32
-3.51061e-32
-2.25163e-32
1.85927e-32
7.1533e-32
1.21749e-31
1.24796e-31
6.20887e-32
-4.52458e-32
-1.65076e-31
-2.23503e-31
-1.87194e-31
-6.48247e-32
1.05597e-31
2.27607e-31
2.50852e-31
1.55468e-31
-2.77592e-32
-1.97571e-31
-2.91067e-31
-2.53731e-31
-1.00321e-31
8.3149e-32
2.29213e-31
2.54959e-31
1.57087e-31
-7.8918e-33
-1.76232e-31
-2.52238e-31
-2.18569e-31
-9.75988e-32
5.77591e-32
1.58438e-31
1.81037e-31
1.18247e-31
7.29145e-33
-8.71574e-32
-1.45246e-31
-1.41576e-31
-9.72294e-32
-4.17174e-32
1.57385e-32
4.81618e-32
6.56381e-32
6.47564e-32
4.40795e-32
1.63561e-32
-2.48896e-32
-6.07284e-32
-8.66037e-32
-9.57371e-32
-8.20202e-32
-5.57406e-32
-1.63817e-32
2.10257e-32
5.34483e-32
6.87993e-32
6.08759e-32
3.32795e-32
-1.70685e-32
-6.30562e-32
-1.00049e-31
-1.09742e-31
-8.58694e-32
-5.02487e-32
1.08409e-33
3.65046e-32
5.4081e-32
5.63094e-32
3.06087e-32
3.04688e-33
-3.45885e-32
-6.80032e-32
-8.25095e-32
-8.5743e-32
-5.99276e-32
-2.29421e-32
1.62139e-32
4.77601e-32
5.09589e-32
3.51383e-32
-1.07581e-34
-3.88812e-32
-6.54748e-32
-7.66189e-32
-6.47476e-32
-3.87308e-32
-6.27075e-33
2.15132e-32
3.48458e-32
2.90825e-32
8.87131e-33
-1.58979e-32
-3.48939e-32
-3.50534e-32
-2.643e-32
-1.25854e-32
-8.11053e-33
-2.10318e-32
-3.20126e-32
-3.8809e-32
-1.85822e-32
2.09014e-32
5.43458e-32
6.85797e-32
3.40799e-32
-2.72114e-32
-8.93586e-32
-1.19382e-31
-8.71122e-32
-1.61522e-32
6.87346e-32
1.17258e-31
1.03153e-31
3.90196e-32
-5.03586e-32
-1.08879e-31
-1.14163e-31
-6.37016e-32
1.66209e-32
7.63654e-32
9.43209e-32
5.70096e-32
-8.99469e-33
-6.37709e-32
-8.42739e-32
-5.2113e-32
7.23173e-33
6.27673e-32
8.74932e-32
6.03343e-32
2.37506e-33
-6.17581e-32
-1.01127e-31
-9.00169e-32
-4.05301e-32
3.09202e-32
9.35536e-32
1.16035e-31
9.83466e-32
4.23554e-32
-2.92553e-32
-8.53563e-32
-1.16369e-31
-1.05243e-31
-5.92494e-32
3.42342e-33
7.27159e-32
1.17999e-31
1.30212e-31
1.0297e-31
3.59615e-32
-4.21433e-32
-1.12507e-31
-1.43492e-31
-1.18016e-31
-4.66135e-32
5.20814e-32
1.32987e-31
1.63063e-31
1.28884e-31
4.03205e-32
-5.95383e-32
-1.28035e-31
-1.33936e-31
-7.37007e-32
2.05133e-32
1.05011e-31
1.40894e-31
1.10411e-31
3.45795e-32
-5.00546e-32
-1.02727e-31
-9.38763e-32
-3.66604e-32
4.57566e-32
1.11041e-31
1.23163e-31
8.89614e-32
1.49771e-32
-5.34964e-32
-8.19957e-32
-6.93305e-32
-7.00858e-33
5.80104e-32
1.00922e-31
1.09506e-31
6.71326e-32
1.60198e-32
-3.22377e-32
-5.4567e-32
-3.49285e-32
-1.75816e-33
4.33974e-32
7.42183e-32
7.98764e-32
7.18297e-32
4.7512e-32
2.55945e-32
1.26088e-32
5.46784e-33
7.59821e-33
1.01401e-32
8.43873e-33
9.72407e-33
9.95239e-33
1.98852e-32
4.28437e-32
6.69058e-32
9.62137e-32
1.04933e-31
9.11259e-32
5.6171e-32
-1.72318e-33
-4.51992e-32
-7.08325e-32
-5.57908e-32
-2.10047e-33
6.22523e-32
1.25764e-31
1.49533e-31
1.34562e-31
8.29722e-32
1.95459e-32
-2.92416e-32
-4.95325e-32
-2.80178e-32
2.92802e-33
5.19565e-32
7.26076e-32
7.35058e-32
6.67515e-32
2.22021e-32
1.3073e-32
-1.91352e-32
-2.50766e-32
-4.89267e-33
)
;

boundaryField
{
    left
    {
        type            calculated;
        value           uniform 0;
    }
    right
    {
        type            calculated;
        value           uniform 0;
    }
    empty
    {
        type            empty;
        value           nonuniform List<scalar> 0();
    }
}


// ************************************************************************* //
