/*--------------------------------*- C++ -*----------------------------------*\
| =========                 |                                                 |
| \\      /  F ield         | OpenFOAM: The Open Source CFD Toolbox           |
|  \\    /   O peration     | Version:  2106                                  |
|   \\  /    A nd           | Website:  www.openfoam.com                      |
|    \\/     M anipulation  |                                                 |
\*---------------------------------------------------------------------------*/
FoamFile
{
    version     2.0;
    format      ascii;
    arch        "LSB;label=32;scalar=64";
    class       surfaceScalarField;
    location    "0.087";
    object      phi;
}
// * * * * * * * * * * * * * * * * * * * * * * * * * * * * * * * * * * * * * //

dimensions      [0 3 -1 0 0 0 0];

oriented        oriented;

internalField   nonuniform List<scalar> 
799
(
1.7383e-32
4.47608e-32
5.74995e-32
4.62058e-32
2.05089e-32
-4.6764e-32
-1.06777e-31
-1.53283e-31
-1.63955e-31
-1.26818e-31
-7.16452e-32
-9.99462e-33
2.78545e-32
3.69711e-32
1.4756e-32
-2.5106e-32
-7.66355e-32
-1.29629e-31
-1.70243e-31
-1.98508e-31
-1.90631e-31
-1.54779e-31
-9.385e-32
-2.33143e-32
1.704e-32
2.59077e-32
-1.5986e-32
-8.68429e-32
-1.53373e-31
-2.06208e-31
-2.09299e-31
-1.82247e-31
-1.36161e-31
-8.13641e-32
-5.67314e-32
-4.5911e-32
-6.33693e-32
-1.01531e-31
-1.31673e-31
-1.68632e-31
-1.77862e-31
-1.65638e-31
-1.42428e-31
-9.5967e-32
-7.097e-32
-6.09038e-32
-7.70338e-32
-1.26209e-31
-1.66372e-31
-2.02862e-31
-2.04985e-31
-1.71327e-31
-1.28322e-31
-7.41831e-32
-4.99217e-32
-5.62201e-32
-8.94534e-32
-1.48661e-31
-1.94176e-31
-2.19428e-31
-2.06356e-31
-1.5329e-31
-9.12624e-32
-3.63988e-32
-2.36468e-32
-6.44457e-32
-1.38286e-31
-2.21842e-31
-2.67297e-31
-2.49799e-31
-1.78427e-31
-7.66761e-32
-2.20053e-34
1.63403e-32
-3.06915e-32
-1.24407e-31
-2.10838e-31
-2.55378e-31
-2.43763e-31
-1.84391e-31
-1.18014e-31
-6.88629e-32
-5.33421e-32
-6.81824e-32
-9.21248e-32
-1.17888e-31
-1.3728e-31
-1.55225e-31
-1.75327e-31
-1.8739e-31
-1.85218e-31
-1.53886e-31
-1.0112e-31
-4.75088e-32
-1.46431e-32
-3.33306e-32
-9.17181e-32
-1.73292e-31
-2.42449e-31
-2.55606e-31
-2.20123e-31
-1.34143e-31
-4.31089e-32
1.03301e-32
1.95677e-32
-3.81716e-32
-1.17224e-31
-1.90795e-31
-2.34511e-31
-2.17304e-31
-1.73261e-31
-1.103e-31
-6.34594e-32
-5.46814e-32
-6.59215e-32
-9.63477e-32
-1.12999e-31
-1.10318e-31
-9.73983e-32
-8.33283e-32
-9.30724e-32
-1.23392e-31
-1.64751e-31
-1.95398e-31
-1.93804e-31
-1.58964e-31
-9.94329e-32
-3.98081e-32
-1.83274e-33
3.68654e-33
-2.61023e-32
-7.83252e-32
-1.39135e-31
-1.94314e-31
-2.26036e-31
-2.28631e-31
-1.94782e-31
-1.30511e-31
-5.66396e-32
8.26772e-33
3.36819e-32
1.12419e-32
-5.18452e-32
-1.35922e-31
-2.00649e-31
-2.27034e-31
-2.03432e-31
-1.43088e-31
-8.02593e-32
-3.6856e-32
-3.59837e-32
-7.0471e-32
-1.17392e-31
-1.54411e-31
-1.54861e-31
-1.21889e-31
-7.10142e-32
-2.92215e-32
-2.63371e-32
-6.63062e-32
-1.37349e-31
-2.04117e-31
-2.30987e-31
-2.00011e-31
-1.19748e-31
-3.03262e-32
2.78252e-32
1.99695e-32
-4.64751e-32
-1.36377e-31
-2.07089e-31
-2.13932e-31
-1.6749e-31
-8.9973e-32
-2.72399e-32
-2.0773e-32
-5.66889e-32
-1.25518e-31
-1.75075e-31
-1.77193e-31
-1.4091e-31
-6.99081e-32
-2.04194e-32
-6.95582e-33
-3.60119e-32
-1.03362e-31
-1.59312e-31
-1.95752e-31
-1.88058e-31
-1.40993e-31
-8.56527e-32
-2.97384e-32
-6.74677e-33
-1.53371e-32
-4.69521e-32
-9.55773e-32
-1.33281e-31
-1.5763e-31
-1.61554e-31
-1.44109e-31
-1.17847e-31
-8.26329e-32
-4.92159e-32
-2.70789e-32
-2.02433e-32
-3.91881e-32
-7.86315e-32
-1.24734e-31
-1.61039e-31
-1.63833e-31
-1.29465e-31
-7.09755e-32
-1.33416e-32
8.15812e-33
-1.98228e-32
-8.70836e-32
-1.61764e-31
-1.98362e-31
-1.71646e-31
-8.82693e-32
1.55105e-32
8.32032e-32
7.4368e-32
-1.10056e-32
-1.38851e-31
-2.4224e-31
-2.65742e-31
-1.97184e-31
-5.93066e-32
7.64414e-32
1.46754e-31
1.23711e-31
1.23706e-32
-1.21874e-31
-2.19434e-31
-2.38355e-31
-1.6612e-31
-5.09281e-32
6.13649e-32
1.22221e-31
1.07398e-31
4.15076e-32
-4.64045e-32
-1.1122e-31
-1.24232e-31
-8.82053e-32
-2.01636e-32
4.55934e-32
8.0054e-32
7.38098e-32
4.11036e-32
6.11182e-33
-6.36836e-34
3.15883e-32
8.39766e-32
1.34552e-31
1.47225e-31
1.14542e-31
6.10911e-32
1.46408e-32
1.87838e-32
8.12697e-32
1.76277e-31
2.71233e-31
3.19331e-31
3.08248e-31
2.60466e-31
2.03607e-31
1.79755e-31
2.03292e-31
2.56576e-31
3.27048e-31
3.8401e-31
4.20644e-31
4.50985e-31
4.72336e-31
5.02931e-31
5.35828e-31
5.61356e-31
5.89745e-31
6.13201e-31
6.48182e-31
6.96461e-31
7.46711e-31
7.98014e-31
8.37111e-31
8.74976e-31
9.28052e-31
1.00819e-30
1.11715e-30
1.2313e-30
1.31953e-30
1.3575e-30
1.35286e-30
1.33751e-30
1.36318e-30
1.46488e-30
1.63623e-30
1.84376e-30
2.02135e-30
2.13078e-30
2.16964e-30
2.1702e-30
2.20003e-30
2.29365e-30
2.4629e-30
2.67721e-30
2.88098e-30
3.04822e-30
3.16516e-30
3.2628e-30
3.38046e-30
3.53617e-30
3.73891e-30
3.95687e-30
4.1649e-30
4.35092e-30
4.51455e-30
4.68975e-30
4.89425e-30
5.13939e-30
5.41916e-30
5.69874e-30
5.96426e-30
6.20134e-30
6.42174e-30
6.6607e-30
6.93282e-30
7.26056e-30
7.62799e-30
8.00321e-30
8.36649e-30
8.68564e-30
8.97858e-30
9.27025e-30
9.59123e-30
9.9839e-30
1.04362e-29
1.09352e-29
1.14373e-29
1.18899e-29
1.22783e-29
1.26053e-29
1.28742e-29
1.33037e-29
1.38431e-29
1.52099e-29
1.76409e-29
2.12652e-29
2.81514e-29
3.08451e-29
3.36438e-29
1.65846e-29
-2.61525e-29
-7.751e-29
-1.83082e-28
-1.73698e-28
-1.12878e-28
1.75173e-28
8.1944e-28
1.18484e-27
1.82737e-27
1.06582e-27
-7.52002e-28
-3.02724e-27
-7.53358e-27
-7.20391e-27
-5.92152e-27
1.7579e-27
1.6886e-26
2.26777e-26
3.30585e-26
1.66581e-26
-1.36013e-26
-4.09975e-26
-9.04858e-26
-7.13126e-26
-4.21849e-26
3.15801e-26
1.54635e-25
1.62745e-25
1.92008e-25
5.43213e-26
-1.4559e-25
-2.41552e-25
-4.15701e-25
-2.36514e-25
-3.16332e-26
2.19164e-25
5.89206e-25
4.55166e-25
3.83045e-25
-3.70738e-26
-5.43992e-25
-5.80039e-25
-7.54242e-25
-2.54568e-25
2.23638e-25
5.06858e-25
9.15303e-25
5.06869e-25
2.23654e-25
-2.54554e-25
-7.54237e-25
-5.80045e-25
-5.44004e-25
-3.70879e-26
3.83035e-25
4.55165e-25
5.8921e-25
2.19172e-25
-3.16274e-26
-2.36512e-25
-4.15703e-25
-2.41557e-25
-1.45595e-25
5.43176e-26
1.92006e-25
1.62745e-25
1.54635e-25
3.15804e-26
-4.21852e-26
-7.13132e-26
-9.04864e-26
-4.09985e-26
-1.36021e-26
1.66571e-26
3.30575e-26
2.26768e-26
1.68851e-26
1.75717e-27
-5.92216e-27
-7.20447e-27
-7.53408e-27
-3.02777e-27
-7.52544e-28
1.06522e-27
1.82675e-27
1.18421e-27
8.18819e-28
1.74626e-28
-1.13344e-28
-1.74063e-28
-1.8338e-28
-7.78059e-29
-2.64924e-29
1.61395e-29
3.31166e-29
3.02858e-29
2.76338e-29
2.08758e-29
1.73884e-29
1.50779e-29
1.37589e-29
1.31792e-29
1.26654e-29
1.2286e-29
1.18831e-29
1.14791e-29
1.10651e-29
1.06608e-29
1.02751e-29
9.92219e-30
9.59424e-30
9.26778e-30
8.92176e-30
8.54179e-30
8.1369e-30
7.74255e-30
7.38569e-30
7.09296e-30
6.85747e-30
6.64975e-30
6.44394e-30
6.20408e-30
5.93227e-30
5.63611e-30
5.336e-30
5.06342e-30
4.82431e-30
4.63232e-30
4.47603e-30
4.33558e-30
4.19385e-30
4.02377e-30
3.8206e-30
3.59424e-30
3.36719e-30
3.17369e-30
3.03617e-30
2.94833e-30
2.89154e-30
2.82256e-30
2.70633e-30
2.54386e-30
2.3418e-30
2.15135e-30
2.00867e-30
1.92423e-30
1.90267e-30
1.89203e-30
1.8615e-30
1.78367e-30
1.64546e-30
1.48638e-30
1.33194e-30
1.22373e-30
1.18338e-30
1.1927e-30
1.22755e-30
1.23856e-30
1.18885e-30
1.07305e-30
9.11275e-31
7.53729e-31
6.55433e-31
6.41058e-31
7.02447e-31
7.92545e-31
8.46178e-31
8.2409e-31
7.16866e-31
5.6299e-31
4.20109e-31
3.36114e-31
3.31868e-31
3.84581e-31
4.56746e-31
5.00242e-31
4.95239e-31
4.42471e-31
3.60209e-31
2.84603e-31
2.27095e-31
2.07121e-31
2.1443e-31
2.34156e-31
2.57909e-31
2.56543e-31
2.40516e-31
2.03225e-31
1.61327e-31
1.40564e-31
1.31239e-31
1.51028e-31
1.68021e-31
1.66095e-31
1.46661e-31
9.39425e-32
5.14028e-32
2.80857e-32
3.58832e-32
8.16715e-32
1.2145e-31
1.48043e-31
1.39288e-31
9.63383e-32
5.2772e-32
1.32047e-32
-1.31806e-33
1.13449e-33
4.65684e-34
1.05023e-33
-3.85637e-33
6.53406e-33
4.5569e-32
9.65579e-32
1.44937e-31
1.46257e-31
8.19242e-32
-2.69404e-32
-1.48203e-31
-2.07976e-31
-1.72936e-31
-5.17573e-32
1.17549e-31
2.38511e-31
2.6077e-31
1.64468e-31
-1.96221e-32
-1.90241e-31
-2.84496e-31
-2.47873e-31
-9.51304e-32
8.77193e-32
2.33203e-31
2.58406e-31
1.60024e-31
-5.43172e-33
-1.74218e-31
-2.50637e-31
-2.1735e-31
-9.67389e-32
5.82842e-32
1.58654e-31
1.80962e-31
1.17892e-31
6.68659e-33
-8.80045e-32
-1.46317e-31
-1.42854e-31
-9.87009e-32
-4.33643e-32
1.39352e-32
4.62058e-32
6.35467e-32
6.25386e-32
4.17443e-32
1.39088e-32
-2.74377e-32
-6.33705e-32
-8.93308e-32
-9.85429e-32
-8.48963e-32
-5.86807e-32
-1.93812e-32
1.79758e-32
5.03567e-32
6.56678e-32
5.77102e-32
3.00836e-32
-2.02902e-32
-6.63016e-32
-1.03315e-31
-1.13028e-31
-8.91773e-32
-5.35619e-32
-2.23814e-33
3.31815e-32
5.07618e-32
5.29932e-32
2.72963e-32
-2.58797e-34
-3.78882e-32
-7.12941e-32
-8.57896e-32
-8.90066e-32
-6.31765e-32
-2.6172e-32
1.30045e-32
4.45702e-32
4.77909e-32
3.19919e-32
-3.21766e-33
-4.19582e-32
-6.85142e-32
-7.96191e-32
-6.77051e-32
-4.16422e-32
-9.13801e-33
1.86996e-32
3.20803e-32
2.6367e-32
6.20811e-33
-1.85115e-32
-3.74578e-32
-3.75601e-32
-2.8876e-32
-1.49711e-32
-1.04373e-32
-2.32992e-32
-3.42199e-32
-4.09516e-32
-2.06676e-32
1.88702e-32
5.23672e-32
6.66552e-32
3.22172e-32
-2.9017e-32
-9.11025e-32
-1.21061e-31
-8.87214e-32
-1.76945e-32
6.72661e-32
1.15864e-31
1.01837e-31
3.77798e-32
-5.15216e-32
-1.09963e-31
-1.15168e-31
-6.46255e-32
1.57783e-32
7.5607e-32
9.36468e-32
5.64186e-32
-9.50176e-33
-6.41937e-32
-8.46133e-32
-5.23687e-32
7.05839e-33
6.268e-32
8.74859e-32
6.0411e-32
2.53399e-33
-6.15138e-32
-1.00792e-31
-8.95956e-32
-4.00203e-32
3.1519e-32
9.42427e-32
1.16819e-31
9.92268e-32
4.33282e-32
-2.81938e-32
-8.42038e-32
-1.1513e-31
-1.03915e-31
-5.78321e-32
4.92565e-33
7.43033e-32
1.19675e-31
1.31976e-31
1.04819e-31
3.78904e-32
-4.01331e-32
-1.10419e-31
-1.4132e-31
-1.15756e-31
-4.42663e-32
5.45053e-32
1.35491e-31
1.65651e-31
1.31549e-31
4.30683e-32
-5.67126e-32
-1.25134e-31
-1.30962e-31
-7.06599e-32
2.36184e-32
1.0818e-31
1.44127e-31
1.13705e-31
3.79348e-32
-4.66451e-32
-9.92606e-32
-9.03562e-32
-3.30914e-32
4.937e-32
1.14698e-31
1.26865e-31
9.27034e-32
1.8756e-32
-4.96806e-32
-7.81529e-32
-6.5459e-32
-3.11158e-33
6.19272e-32
1.04864e-31
1.13467e-31
7.11056e-32
2.00011e-32
-2.82511e-32
-5.05827e-32
-3.09458e-32
2.21632e-33
4.73583e-32
7.81574e-32
8.37907e-32
7.57176e-32
5.13744e-32
2.94263e-32
1.6405e-32
9.22641e-33
1.13152e-32
1.38114e-32
1.20581e-32
1.32882e-32
1.34582e-32
2.33254e-32
4.62193e-32
7.02099e-32
9.94442e-32
1.08087e-31
9.41965e-32
5.91561e-32
1.1706e-33
-4.2399e-32
-6.81264e-32
-5.318e-32
4.0926e-34
6.4656e-32
1.28058e-31
1.51715e-31
1.36627e-31
8.49222e-32
2.13808e-32
-2.75287e-32
-4.79474e-32
-2.65598e-32
4.25811e-33
5.31572e-32
7.36789e-32
7.44447e-32
6.7558e-32
2.28762e-32
1.36154e-32
-1.87267e-32
-2.48046e-32
-4.75664e-33
)
;

boundaryField
{
    left
    {
        type            calculated;
        value           uniform 0;
    }
    right
    {
        type            calculated;
        value           uniform 0;
    }
    empty
    {
        type            empty;
        value           nonuniform List<scalar> 0();
    }
}


// ************************************************************************* //
