/*--------------------------------*- C++ -*----------------------------------*\
| =========                 |                                                 |
| \\      /  F ield         | OpenFOAM: The Open Source CFD Toolbox           |
|  \\    /   O peration     | Version:  2106                                  |
|   \\  /    A nd           | Website:  www.openfoam.com                      |
|    \\/     M anipulation  |                                                 |
\*---------------------------------------------------------------------------*/
FoamFile
{
    version     2.0;
    format      ascii;
    arch        "LSB;label=32;scalar=64";
    class       surfaceScalarField;
    location    "0.042";
    object      phi;
}
// * * * * * * * * * * * * * * * * * * * * * * * * * * * * * * * * * * * * * //

dimensions      [0 3 -1 0 0 0 0];

oriented        oriented;

internalField   nonuniform List<scalar> 
799
(
1.89486e-32
4.78879e-32
6.21865e-32
5.24462e-32
2.82993e-32
-3.74368e-32
-9.59121e-32
-1.40888e-31
-1.50043e-31
-1.11395e-31
-5.47218e-32
8.41757e-33
4.77382e-32
5.8311e-32
3.7535e-32
-9.00711e-34
-5.10221e-32
-1.02623e-31
-1.41866e-31
-1.68775e-31
-1.59563e-31
-1.22404e-31
-6.01868e-32
1.16143e-32
5.32143e-32
6.33016e-32
2.26022e-32
-4.70845e-32
-1.12471e-31
-1.6419e-31
-1.66191e-31
-1.38074e-31
-9.09513e-32
-3.51463e-32
-9.53034e-33
2.2463e-33
-1.4284e-32
-5.1545e-32
-8.08168e-32
-1.16932e-31
-1.25348e-31
-1.12336e-31
-8.83641e-32
-4.11645e-32
-1.54599e-32
-4.71477e-33
-2.01937e-32
-6.87437e-32
-1.08306e-31
-1.44228e-31
-1.45806e-31
-1.11629e-31
-6.81304e-32
-1.35223e-32
1.11847e-32
5.30759e-33
-2.75273e-32
-8.63644e-32
-1.31526e-31
-1.5645e-31
-1.43071e-31
-8.97228e-32
-2.74331e-32
2.76719e-32
4.06461e-32
5.41668e-35
-7.35991e-32
-1.56987e-31
-2.02296e-31
-1.8467e-31
-1.1318e-31
-1.13276e-32
6.52119e-32
8.18415e-32
3.48623e-32
-5.88143e-32
-1.45218e-31
-1.89746e-31
-1.78129e-31
-1.18764e-31
-5.24055e-32
-3.28311e-33
1.21964e-32
-2.69555e-33
-2.67022e-32
-5.25358e-32
-7.20027e-32
-9.00365e-32
-1.10238e-31
-1.224e-31
-1.20336e-31
-8.91194e-32
-3.64789e-32
1.70054e-32
4.97402e-32
3.09157e-32
-2.76125e-32
-1.09332e-31
-1.78638e-31
-1.91949e-31
-1.56621e-31
-7.08005e-32
2.00737e-32
7.33524e-32
8.24283e-32
2.4527e-32
-5.46937e-32
-1.28443e-31
-1.72331e-31
-1.55292e-31
-1.11419e-31
-4.86251e-32
-1.95301e-33
6.6565e-33
-4.76498e-33
-3.53634e-32
-5.21882e-32
-4.9678e-32
-3.69276e-32
-2.30258e-32
-3.29382e-32
-6.34236e-32
-1.0495e-31
-1.35761e-31
-1.34332e-31
-9.96503e-32
-4.02753e-32
1.91901e-32
5.70074e-32
6.23715e-32
3.24291e-32
-1.99454e-32
-8.09071e-32
-1.36232e-31
-1.68105e-31
-1.7085e-31
-1.37143e-31
-7.3014e-32
7.16523e-34
6.54826e-32
9.07577e-32
6.81799e-32
4.95795e-33
-7.92539e-32
-1.44115e-31
-1.70634e-31
-1.47165e-31
-8.69497e-32
-2.42526e-32
1.90216e-32
1.97696e-32
-1.48432e-32
-6.18913e-32
-9.90289e-32
-9.96059e-32
-6.67591e-32
-1.60108e-32
2.56555e-32
2.84135e-32
-1.1679e-32
-8.28458e-32
-1.49739e-31
-1.76734e-31
-1.45888e-31
-6.5753e-32
2.35445e-32
8.15699e-32
7.35863e-32
7.01159e-33
-8.30241e-32
-1.53872e-31
-1.60849e-31
-1.14542e-31
-3.71616e-32
2.54373e-32
3.17628e-32
-4.30137e-33
-7.32771e-32
-1.22986e-31
-1.25258e-31
-8.91314e-32
-1.82871e-32
3.10391e-32
4.43364e-32
1.51095e-32
-5.24184e-32
-1.08552e-31
-1.45182e-31
-1.37683e-31
-9.08166e-32
-3.56869e-32
2.00108e-32
4.27752e-32
3.39547e-32
2.09746e-33
-4.67813e-32
-8.4749e-32
-1.09376e-31
-1.1359e-31
-9.64477e-32
-7.05033e-32
-3.56282e-32
-2.56029e-33
1.92021e-32
2.56367e-32
6.27413e-33
-3.36129e-32
-8.01819e-32
-1.16986e-31
-1.20304e-31
-8.64953e-32
-2.8602e-32
2.83984e-32
4.92271e-32
2.05303e-32
-4.74922e-32
-1.22988e-31
-1.60459e-31
-1.34674e-31
-5.2289e-32
5.043e-32
1.16991e-31
1.06946e-31
2.02806e-32
-1.08943e-31
-2.13802e-31
-2.38879e-31
-1.72008e-31
-3.59351e-32
9.78854e-32
1.6614e-31
1.40897e-31
2.72097e-32
-1.09541e-31
-2.09778e-31
-2.31555e-31
-1.6237e-31
-5.04323e-32
5.83903e-32
1.15545e-31
9.67757e-32
2.66779e-32
-6.57143e-32
-1.35304e-31
-1.53401e-31
-1.22784e-31
-6.04968e-32
-8.65164e-34
2.70804e-32
1.39073e-32
-2.61535e-32
-6.89603e-32
-8.40128e-32
-6.05976e-32
-1.7553e-32
2.3107e-32
2.52718e-32
-1.85499e-32
-8.37915e-32
-1.42724e-31
-1.51798e-31
-1.03292e-31
-2.3069e-32
5.62622e-32
8.78525e-32
5.93337e-32
-6.85205e-33
-8.3131e-32
-1.27466e-31
-1.25529e-31
-9.5004e-32
-4.85043e-32
-1.6786e-32
-6.71442e-33
-4.31228e-33
-1.23363e-32
-1.26186e-32
-1.21574e-32
-2.06797e-32
-2.80237e-32
-4.20499e-32
-4.63653e-32
-3.92709e-32
-3.21564e-32
-2.60128e-32
-3.41712e-32
-4.57327e-32
-4.43252e-32
-1.81752e-32
3.44091e-32
8.97158e-32
1.16555e-31
9.05097e-32
1.9152e-32
-6.56905e-32
-1.12367e-31
-8.59401e-32
7.1139e-33
1.33268e-31
2.26315e-31
2.47979e-31
1.9574e-31
1.0184e-31
3.37429e-32
2.5903e-32
9.01113e-32
1.95723e-31
2.8709e-31
3.3813e-31
3.35042e-31
3.08767e-31
2.9857e-31
3.22435e-31
3.89311e-31
4.67331e-31
5.31328e-31
5.69193e-31
5.80511e-31
5.99232e-31
6.43067e-31
7.23357e-31
8.34091e-31
9.4045e-31
1.02858e-30
1.08413e-30
1.11887e-30
1.16808e-30
1.24641e-30
1.37635e-30
1.54205e-30
1.71165e-30
1.86552e-30
1.97152e-30
2.0477e-30
2.11906e-30
2.21632e-30
2.38194e-30
2.604e-30
2.86969e-30
3.13559e-30
3.34924e-30
3.49608e-30
3.57908e-30
3.60171e-30
3.78281e-30
4.07191e-30
5.18677e-30
7.3643e-30
1.07338e-29
1.73643e-29
1.98013e-29
2.23428e-29
5.02602e-30
-3.79688e-29
-8.95839e-29
-1.95413e-28
-1.86286e-28
-1.25721e-28
1.62075e-28
8.06089e-28
1.17124e-27
1.81352e-27
1.05172e-27
-7.66345e-28
-3.04183e-27
-7.5484e-27
-7.21897e-27
-5.93681e-27
1.74239e-27
1.68702e-26
2.26617e-26
3.30423e-26
1.66417e-26
-1.36178e-26
-4.10143e-26
-9.05027e-26
-7.13297e-26
-4.22023e-26
3.15626e-26
1.54617e-25
1.62728e-25
1.9199e-25
5.43031e-26
-1.45608e-25
-2.41571e-25
-4.15719e-25
-2.36532e-25
-3.16519e-26
2.19145e-25
5.89187e-25
4.55147e-25
3.83026e-25
-3.7093e-26
-5.44011e-25
-5.80058e-25
-7.54261e-25
-2.54587e-25
2.23619e-25
5.06839e-25
9.15283e-25
5.0685e-25
2.23635e-25
-2.54573e-25
-7.54256e-25
-5.80064e-25
-5.44023e-25
-3.7107e-26
3.83016e-25
4.55146e-25
5.89191e-25
2.19153e-25
-3.16461e-26
-2.3653e-25
-4.15721e-25
-2.41576e-25
-1.45613e-25
5.42996e-26
1.91988e-25
1.62728e-25
1.54617e-25
3.15631e-26
-4.22024e-26
-7.13302e-26
-9.05033e-26
-4.10151e-26
-1.36185e-26
1.66409e-26
3.30416e-26
2.2661e-26
1.68695e-26
1.74185e-27
-5.93725e-27
-7.21933e-27
-7.5487e-27
-3.04215e-27
-7.66683e-28
1.05133e-27
1.8131e-27
1.17081e-27
8.05674e-28
1.61733e-28
-1.25984e-28
-1.86448e-28
-1.95509e-28
-8.96796e-29
-3.81102e-29
4.7774e-30
2.201e-29
1.94341e-29
1.7036e-29
1.05311e-29
7.29554e-30
5.23534e-30
4.16509e-30
3.83221e-30
3.56319e-30
3.4264e-30
3.26368e-30
3.0973e-30
2.91833e-30
2.74608e-30
2.58955e-30
2.46259e-30
2.35738e-30
2.2503e-30
2.12018e-30
1.95257e-30
1.75636e-30
1.56697e-30
1.41125e-30
1.31578e-30
1.27363e-30
1.25525e-30
1.23477e-30
1.17617e-30
1.08154e-30
9.58452e-31
8.27275e-31
7.19509e-31
6.41083e-31
6.05642e-31
6.01787e-31
6.09671e-31
6.12199e-31
5.8233e-31
5.15344e-31
4.2118e-31
3.22383e-31
2.53228e-31
2.362e-31
2.65065e-31
3.2122e-31
3.61491e-31
3.50898e-31
2.9049e-31
1.87001e-31
9.16803e-32
4.07733e-32
4.4808e-32
1.08493e-31
1.79963e-31
2.2846e-31
2.26658e-31
1.61558e-31
7.27294e-32
-1.42135e-32
-5.76308e-32
-3.58042e-32
3.31486e-32
1.25158e-31
1.90935e-31
1.93678e-31
1.28089e-31
1.43527e-32
-9.72504e-32
-1.51631e-31
-1.24054e-31
-2.26007e-32
1.05736e-31
1.95855e-31
2.0856e-31
1.34495e-31
1.22176e-32
-1.00573e-31
-1.55921e-31
-1.3291e-31
-5.42661e-32
4.2545e-32
1.09464e-31
1.26714e-31
9.50725e-32
3.28634e-32
-2.37175e-32
-6.31848e-32
-6.60553e-32
-4.25369e-32
-7.45621e-33
3.08376e-32
4.32326e-32
4.02286e-32
1.52585e-32
-1.49884e-32
-2.47399e-32
-2.36596e-32
5.95458e-33
3.22193e-32
3.9046e-32
2.78711e-32
-1.70558e-32
-5.22519e-32
-6.86453e-32
-5.43218e-32
-2.38484e-33
4.31848e-32
7.52321e-32
7.161e-32
3.34847e-32
-5.54006e-33
-4.08372e-32
-5.13483e-32
-4.51209e-32
-4.22478e-32
-3.83335e-32
-4.0112e-32
-2.6784e-32
1.50104e-32
6.85873e-32
1.19395e-31
1.2299e-31
6.07917e-32
-4.60719e-32
-1.65455e-31
-2.23473e-31
-1.86788e-31
-6.40573e-32
1.06695e-31
2.29016e-31
2.5255e-31
1.5744e-31
-2.55323e-32
-1.95103e-31
-2.88376e-31
-2.50842e-31
-9.72444e-32
8.64058e-32
2.32638e-31
2.58543e-31
1.60818e-31
-4.0185e-33
-1.72226e-31
-2.48102e-31
-2.14314e-31
-9.32312e-32
6.22305e-32
1.63006e-31
1.85699e-31
1.22992e-31
1.21213e-32
-8.22523e-32
-1.40275e-31
-1.36543e-31
-9.21384e-32
-3.65701e-32
2.09385e-32
5.3413e-32
7.09397e-32
7.01008e-32
4.94698e-32
2.17803e-32
-1.94323e-32
-5.52431e-32
-8.10884e-32
-9.01963e-32
-7.64542e-32
-5.01539e-32
-1.07814e-32
2.6635e-32
5.90787e-32
7.44391e-32
6.65243e-32
3.89309e-32
-1.14176e-32
-5.74085e-32
-9.44067e-32
-1.04112e-31
-8.02534e-32
-4.46455e-32
6.66703e-33
4.20682e-32
5.96241e-32
6.18224e-32
3.61052e-32
8.51622e-33
-2.91493e-32
-6.25949e-32
-7.7138e-32
-8.04106e-32
-5.464e-32
-1.77009e-32
2.14064e-32
5.28969e-32
5.60385e-32
4.01554e-32
4.85169e-33
-3.39821e-32
-6.06371e-32
-7.18447e-32
-6.00423e-32
-3.40935e-32
-1.70386e-33
2.60091e-32
3.92664e-32
3.34207e-32
1.31294e-32
-1.17241e-32
-3.07998e-32
-3.10421e-32
-2.24999e-32
-8.74071e-33
-4.3514e-33
-1.73605e-32
-2.84361e-32
-3.53213e-32
-1.51878e-32
2.41966e-32
5.75432e-32
7.16807e-32
3.70862e-32
-2.43069e-32
-8.6557e-32
-1.16681e-31
-8.45137e-32
-1.36621e-32
7.1121e-32
1.19536e-31
1.05322e-31
4.1078e-32
-4.84101e-32
-1.07041e-31
-1.12438e-31
-6.20887e-32
1.8121e-32
7.77511e-32
9.55923e-32
5.81639e-32
-7.96101e-33
-6.2856e-32
-8.34765e-32
-5.14359e-32
7.78663e-33
6.32036e-32
8.78031e-32
6.05216e-32
2.43412e-33
-6.18304e-32
-1.01328e-31
-9.0354e-32
-4.10041e-32
3.03093e-32
9.28057e-32
1.15156e-31
9.7337e-32
4.12096e-32
-3.05388e-32
-8.67752e-32
-1.17922e-31
-1.06928e-31
-6.1067e-32
1.47101e-33
7.06252e-32
1.15769e-31
1.27841e-31
1.00458e-31
3.33043e-32
-4.49479e-32
-1.15463e-31
-1.46596e-31
-1.21267e-31
-5.0011e-32
4.85364e-32
1.29298e-31
1.59226e-31
1.24898e-31
3.61924e-32
-6.3813e-32
-1.32456e-31
-1.38507e-31
-7.84263e-32
1.56348e-32
9.99817e-32
1.35716e-31
1.05085e-31
2.91086e-32
-5.56714e-32
-1.08487e-31
-9.97745e-32
-4.26962e-32
3.95876e-32
1.04744e-31
1.16744e-31
8.24223e-32
8.31686e-33
-6.02684e-32
-8.88756e-32
-7.63165e-32
-1.40924e-32
5.08339e-32
9.36664e-32
1.02172e-31
5.97219e-32
8.53729e-33
-3.97801e-32
-6.21601e-32
-4.25631e-32
-9.42352e-33
3.57064e-32
6.65048e-32
7.21471e-32
6.40943e-32
3.97812e-32
1.78764e-32
4.91413e-33
-2.19225e-33
-1.16609e-35
2.59046e-33
9.53937e-34
2.31405e-33
2.62709e-33
1.26545e-32
3.57215e-32
5.98979e-32
8.93331e-32
9.81949e-32
8.45353e-32
4.97379e-32
-7.98734e-33
-5.12824e-32
-7.67257e-32
-6.14807e-32
-7.58335e-33
5.69823e-32
1.20716e-31
1.44717e-31
1.29985e-31
7.86434e-32
1.54751e-32
-3.30525e-32
-5.30744e-32
-3.12843e-32
-5.86807e-35
4.92557e-32
7.01956e-32
7.13888e-32
6.49339e-32
2.06806e-32
1.18535e-32
-2.00515e-32
-2.56893e-32
-5.19961e-33
)
;

boundaryField
{
    left
    {
        type            calculated;
        value           uniform 0;
    }
    right
    {
        type            calculated;
        value           uniform 0;
    }
    empty
    {
        type            empty;
        value           nonuniform List<scalar> 0();
    }
}


// ************************************************************************* //
