/*--------------------------------*- C++ -*----------------------------------*\
| =========                 |                                                 |
| \\      /  F ield         | OpenFOAM: The Open Source CFD Toolbox           |
|  \\    /   O peration     | Version:  2106                                  |
|   \\  /    A nd           | Website:  www.openfoam.com                      |
|    \\/     M anipulation  |                                                 |
\*---------------------------------------------------------------------------*/
FoamFile
{
    version     2.0;
    format      ascii;
    arch        "LSB;label=32;scalar=64";
    class       surfaceScalarField;
    location    "0.109";
    object      phi;
}
// * * * * * * * * * * * * * * * * * * * * * * * * * * * * * * * * * * * * * //

dimensions      [0 3 -1 0 0 0 0];

oriented        oriented;

internalField   nonuniform List<scalar> 
799
(
1.68256e-32
4.36436e-32
5.58249e-32
4.39646e-32
1.77067e-32
-5.01298e-32
-1.10706e-31
-1.5777e-31
-1.68999e-31
-1.32415e-31
-7.7792e-32
-1.66874e-32
2.06162e-32
2.91876e-32
6.43183e-33
-3.39647e-32
-8.60244e-32
-1.39544e-31
-1.80679e-31
-2.09458e-31
-2.02093e-31
-1.66749e-31
-1.0632e-31
-3.62812e-32
3.58855e-33
1.19757e-32
-3.03943e-32
-1.01724e-31
-1.6872e-31
-2.22013e-31
-2.25558e-31
-1.98953e-31
-1.53307e-31
-9.89443e-32
-7.47373e-32
-6.43357e-32
-8.22048e-32
-1.20768e-31
-1.51307e-31
-1.8865e-31
-1.98258e-31
-1.86411e-31
-1.63566e-31
-1.17461e-31
-9.28101e-32
-8.30851e-32
-9.95495e-32
-1.49051e-31
-1.89531e-31
-2.26331e-31
-2.28754e-31
-1.95388e-31
-1.52667e-31
-9.88037e-32
-7.48099e-32
-8.13676e-32
-1.14853e-31
-1.74306e-31
-2.20059e-31
-2.45539e-31
-2.32685e-31
-1.79834e-31
-1.18015e-31
-6.33503e-32
-5.07889e-32
-9.17698e-32
-1.65788e-31
-2.49513e-31
-2.95129e-31
-2.77788e-31
-2.06563e-31
-1.04951e-31
-2.86283e-32
-1.21935e-32
-5.93442e-32
-1.53172e-31
-2.39706e-31
-2.84346e-31
-2.72831e-31
-2.1355e-31
-1.47254e-31
-9.81801e-32
-8.27315e-32
-9.76379e-32
-1.21644e-31
-1.47463e-31
-1.66903e-31
-1.84895e-31
-2.05042e-31
-2.17141e-31
-2.14999e-31
-1.83698e-31
-1.30957e-31
-7.73652e-32
-4.45146e-32
-6.32111e-32
-1.21607e-31
-2.03184e-31
-2.7234e-31
-2.85495e-31
-2.50008e-31
-1.64017e-31
-7.29736e-32
-1.95143e-32
-1.02526e-32
-6.79682e-32
-1.46996e-31
-2.20548e-31
-2.64236e-31
-2.46994e-31
-2.02916e-31
-1.39919e-31
-9.30375e-32
-8.42203e-32
-9.54197e-32
-1.25804e-31
-1.42412e-31
-1.39681e-31
-1.26713e-31
-1.12591e-31
-1.22284e-31
-1.5255e-31
-1.93855e-31
-2.24449e-31
-2.22802e-31
-1.87903e-31
-1.28305e-31
-6.86188e-32
-3.05822e-32
-2.49991e-32
-5.47238e-32
-1.0688e-31
-1.67626e-31
-2.22738e-31
-2.54393e-31
-2.56921e-31
-2.23003e-31
-1.5866e-31
-8.4717e-32
-1.97372e-32
5.74973e-33
-1.66156e-32
-7.96263e-32
-1.63627e-31
-2.28278e-31
-2.54585e-31
-2.30898e-31
-1.70463e-31
-1.07552e-31
-6.40597e-32
-6.31007e-32
-9.74972e-32
-1.44326e-31
-1.81245e-31
-1.81599e-31
-1.48527e-31
-9.75521e-32
-5.56519e-32
-5.26591e-32
-9.25154e-32
-1.6344e-31
-2.30088e-31
-2.5683e-31
-2.25724e-31
-1.45329e-31
-5.57665e-32
2.52929e-33
-5.17067e-33
-7.1458e-32
-1.61193e-31
-2.31733e-31
-2.38393e-31
-1.91757e-31
-1.1404e-31
-5.11003e-32
-4.44138e-32
-8.0101e-32
-1.48683e-31
-1.97986e-31
-1.99839e-31
-1.63274e-31
-9.19735e-32
-4.21703e-32
-2.83722e-32
-5.70737e-32
-1.24051e-31
-1.79608e-31
-2.15636e-31
-2.07504e-31
-1.59973e-31
-1.04148e-31
-4.77146e-32
-2.41689e-32
-3.21698e-32
-6.3166e-32
-1.11141e-31
-1.48154e-31
-1.7177e-31
-1.74919e-31
-1.56653e-31
-1.29523e-31
-9.33941e-32
-5.89997e-32
-3.58336e-32
-2.7917e-32
-4.57127e-32
-8.39441e-32
-1.28763e-31
-1.63715e-31
-1.65076e-31
-1.29191e-31
-6.90989e-32
-9.77409e-33
1.35101e-32
-1.25873e-32
-7.78647e-32
-1.50447e-31
-1.84837e-31
-1.55795e-31
-6.99654e-32
3.64001e-32
1.06815e-31
1.0085e-31
1.84957e-32
-1.06172e-31
-2.06216e-31
-2.262e-31
-1.53953e-31
-1.21969e-32
1.27624e-31
2.02221e-31
1.83666e-31
7.70411e-32
-5.22581e-32
-1.44631e-31
-1.58116e-31
-8.01811e-32
4.09802e-32
1.59523e-31
2.26922e-31
2.18946e-31
1.60214e-31
7.97921e-32
2.2805e-32
1.79706e-32
6.25438e-32
1.39507e-31
2.14574e-31
2.5875e-31
2.62632e-31
2.40491e-31
2.16508e-31
2.21223e-31
2.6539e-31
3.3021e-31
3.93716e-31
4.19841e-31
4.01144e-31
3.62243e-31
3.30907e-31
3.50749e-31
4.29534e-31
5.41453e-31
6.53957e-31
7.20256e-31
7.28041e-31
6.99803e-31
6.63194e-31
6.60308e-31
7.05546e-31
7.81285e-31
8.7498e-31
9.55949e-31
1.01739e-30
1.07336e-30
1.12118e-30
1.17909e-30
1.24017e-30
1.29476e-30
1.35312e-30
1.40746e-30
1.47426e-30
1.5553e-30
1.63926e-30
1.72526e-30
1.80003e-30
1.87457e-30
1.96534e-30
2.08419e-30
2.23291e-30
2.38786e-30
2.51795e-30
2.59884e-30
2.6382e-30
2.66793e-30
2.73978e-30
2.88875e-30
3.10848e-30
3.36549e-30
3.59368e-30
3.75482e-30
3.8465e-30
3.90102e-30
3.98591e-30
4.1357e-30
4.36224e-30
4.63494e-30
4.89822e-30
5.12606e-30
5.30469e-30
5.46511e-30
5.64661e-30
5.86722e-30
6.13592e-30
6.42086e-30
6.6969e-30
6.95193e-30
7.18556e-30
7.43171e-30
7.70811e-30
8.02607e-30
8.37956e-30
8.73373e-30
9.07468e-30
9.38801e-30
9.68545e-30
1.00022e-29
1.03528e-29
1.07598e-29
1.12071e-29
1.16627e-29
1.21071e-29
1.25078e-29
1.28828e-29
1.3257e-29
1.3661e-29
1.41369e-29
1.46728e-29
1.52557e-29
1.58419e-29
1.63788e-29
1.68517e-29
1.72632e-29
1.76166e-29
1.81305e-29
1.87542e-29
2.02053e-29
2.27203e-29
2.64283e-29
3.3398e-29
3.61747e-29
3.9056e-29
2.2079e-29
-2.05765e-29
-7.18531e-29
-1.77345e-28
-1.67882e-28
-1.06983e-28
1.81147e-28
8.2549e-28
1.19097e-27
1.83357e-27
1.07209e-27
-7.45655e-28
-3.02082e-27
-7.52709e-27
-7.19735e-27
-5.91489e-27
1.7646e-27
1.68927e-26
2.26845e-26
3.30654e-26
1.6665e-26
-1.35943e-26
-4.09904e-26
-9.04786e-26
-7.13054e-26
-4.21777e-26
3.15874e-26
1.54642e-25
1.62753e-25
1.92015e-25
5.43287e-26
-1.45583e-25
-2.41545e-25
-4.15693e-25
-2.36506e-25
-3.16256e-26
2.19172e-25
5.89213e-25
4.55174e-25
3.83052e-25
-3.70661e-26
-5.43984e-25
-5.80031e-25
-7.54234e-25
-2.5456e-25
2.23646e-25
5.06866e-25
9.15311e-25
5.06877e-25
2.23662e-25
-2.54546e-25
-7.54229e-25
-5.80037e-25
-5.43996e-25
-3.70802e-26
3.83043e-25
4.55172e-25
5.89217e-25
2.19179e-25
-3.16198e-26
-2.36504e-25
-4.15695e-25
-2.4155e-25
-1.45587e-25
5.4325e-26
1.92013e-25
1.62753e-25
1.54642e-25
3.15877e-26
-4.2178e-26
-7.13061e-26
-9.04794e-26
-4.09915e-26
-1.35951e-26
1.6664e-26
3.30644e-26
2.26835e-26
1.68918e-26
1.76381e-27
-5.91559e-27
-7.19796e-27
-7.52764e-27
-3.0214e-27
-7.46249e-28
1.07144e-27
1.83289e-27
1.19028e-27
8.24815e-28
1.80545e-28
-1.07504e-28
-1.68302e-28
-1.77698e-28
-7.22052e-29
-2.09727e-29
2.15775e-29
3.84725e-29
3.55591e-29
3.2824e-29
2.59828e-29
2.24118e-29
2.00175e-29
1.86146e-29
1.79508e-29
1.73529e-29
1.68894e-29
1.64025e-29
1.59145e-29
1.54168e-29
1.49289e-29
1.446e-29
1.40241e-29
1.36135e-29
1.32049e-29
1.2777e-29
1.23158e-29
1.18301e-29
1.13556e-29
1.09191e-29
1.05474e-29
1.02336e-29
9.94835e-30
9.6657e-30
9.34979e-30
9.00272e-30
8.63215e-30
8.25846e-30
7.91321e-30
7.60234e-30
7.33951e-30
7.11333e-30
6.90396e-30
6.69431e-30
6.45732e-30
6.18825e-30
5.89703e-30
5.60618e-30
5.34993e-30
5.15074e-30
5.00231e-30
4.88602e-30
4.75861e-30
4.58509e-30
4.3664e-30
4.10924e-30
3.86479e-30
3.66922e-30
3.533e-30
3.46076e-30
3.40056e-30
3.32155e-30
3.19634e-30
3.01184e-30
2.80755e-30
2.60899e-30
2.45772e-30
2.37538e-30
2.34375e-30
2.33869e-30
2.31082e-30
2.22326e-30
2.07061e-30
1.87298e-30
1.68057e-30
1.54838e-30
1.50106e-30
1.53044e-30
1.58946e-30
1.61293e-30
1.56157e-30
1.42596e-30
1.24456e-30
1.07501e-30
9.65174e-31
9.35904e-31
9.64391e-31
1.01312e-30
1.03395e-30
1.00703e-30
9.33073e-31
8.30342e-31
7.34969e-31
6.58378e-31
6.19985e-31
6.0953e-31
6.12125e-31
6.19366e-31
6.02089e-31
5.70738e-31
5.18695e-31
4.62596e-31
4.2817e-31
4.05702e-31
4.12855e-31
4.17706e-31
4.04112e-31
3.73475e-31
3.09999e-31
2.57137e-31
2.23919e-31
2.22223e-31
2.58909e-31
2.89968e-31
3.08208e-31
2.91455e-31
2.40845e-31
1.89951e-31
1.43376e-31
1.22152e-31
1.18202e-31
1.11411e-31
1.06152e-31
9.5663e-32
1.00726e-31
1.34679e-31
1.8082e-31
2.24576e-31
2.21489e-31
1.52958e-31
4.00939e-32
-8.49734e-32
-1.48372e-31
-1.16781e-31
1.1234e-33
1.67311e-31
2.85311e-31
3.04752e-31
2.05773e-31
1.91421e-32
-1.53888e-31
-2.50424e-31
-2.1597e-31
-6.5286e-32
1.15613e-31
2.59247e-31
2.82699e-31
1.82663e-31
1.56418e-32
-1.54626e-31
-2.32449e-31
-2.00492e-31
-8.11332e-32
7.27031e-32
1.71952e-31
1.93201e-31
1.29135e-31
1.69843e-32
-7.85885e-32
-1.37735e-31
-1.35056e-31
-9.16389e-32
-3.69944e-32
1.96456e-32
5.12989e-32
6.8053e-32
6.64957e-32
4.51918e-32
1.68797e-32
-2.4913e-32
-6.12664e-32
-8.76193e-32
-9.71989e-32
-8.38964e-32
-5.80021e-32
-1.90005e-32
1.80752e-32
5.01983e-32
6.52698e-32
5.70903e-32
2.92546e-32
-2.13139e-32
-6.75038e-32
-1.04683e-31
-1.14543e-31
-9.08219e-32
-5.53336e-32
-4.11893e-33
3.12001e-32
4.86884e-32
5.08295e-32
2.50559e-32
-2.57142e-33
-4.0264e-32
-7.37226e-32
-8.82648e-32
-9.15238e-32
-6.57284e-32
-2.87537e-32
1.03955e-32
4.19431e-32
4.51548e-32
2.93485e-32
-5.86581e-33
-4.46063e-32
-7.11588e-32
-8.22553e-32
-7.03303e-32
-4.42528e-32
-1.17283e-32
1.61327e-32
2.95405e-32
2.38537e-32
3.72547e-33
-2.09595e-32
-3.98622e-32
-3.99209e-32
-3.11931e-32
-1.72413e-32
-1.26594e-32
-2.54689e-32
-3.63399e-32
-4.3019e-32
-2.26808e-32
1.69136e-32
5.04729e-32
6.48241e-32
3.04462e-32
-3.07214e-32
-9.2738e-32
-1.22628e-31
-9.022e-32
-1.91239e-32
6.59089e-32
1.14576e-31
1.0062e-31
3.66363e-32
-5.25899e-32
-1.10957e-31
-1.16087e-31
-6.54681e-32
1.50162e-32
7.4927e-32
9.30525e-32
5.5907e-32
-9.93058e-33
-6.45382e-32
-8.48745e-32
-5.25463e-32
6.9657e-33
6.2671e-32
8.7566e-32
6.05788e-32
2.79034e-33
-6.11707e-32
-1.00362e-31
-8.90758e-32
-3.94109e-32
3.22187e-32
9.50311e-32
1.17693e-31
1.00184e-31
4.43731e-32
-2.70661e-32
-8.29955e-32
-1.13842e-31
-1.02543e-31
-5.63778e-32
6.46517e-33
7.59245e-32
1.21372e-31
1.33749e-31
1.06671e-31
3.98246e-32
-3.81214e-32
-1.08325e-31
-1.39153e-31
-1.1352e-31
-4.19612e-32
5.68841e-32
1.3794e-31
1.68167e-31
1.34129e-31
4.57086e-32
-5.40118e-32
-1.22375e-31
-1.28145e-31
-6.77818e-32
2.65545e-32
1.1117e-31
1.47168e-31
1.16793e-31
4.10674e-32
-4.34688e-32
-9.60437e-32
-8.71024e-32
-2.98015e-32
5.26922e-32
1.18052e-31
1.30247e-31
9.61144e-32
2.21911e-32
-4.6226e-32
-7.46794e-32
-6.19683e-32
3.91205e-34
6.54396e-32
1.08382e-31
1.16982e-31
7.46166e-32
2.35024e-32
-2.47602e-32
-4.7098e-32
-2.74806e-32
5.66419e-33
5.07866e-32
8.15699e-32
8.71814e-32
7.9079e-32
5.46989e-32
3.27094e-32
1.9643e-32
1.24207e-32
1.44702e-32
1.6923e-32
1.51216e-32
1.62993e-32
1.6414e-32
2.6224e-32
4.90548e-32
7.298e-32
1.02147e-31
1.10717e-31
9.67529e-32
6.16358e-32
3.57068e-33
-4.00789e-32
-6.58913e-32
-5.10325e-32
2.4676e-33
6.66233e-32
1.29934e-31
1.53497e-31
1.38318e-31
8.65134e-32
2.28697e-32
-2.61396e-32
-4.66572e-32
-2.53719e-32
5.3422e-33
5.41382e-32
7.45561e-32
7.52181e-32
6.82261e-32
2.34323e-32
1.40585e-32
-1.83956e-32
-2.45831e-32
-4.64468e-33
)
;

boundaryField
{
    left
    {
        type            calculated;
        value           uniform 0;
    }
    right
    {
        type            calculated;
        value           uniform 0;
    }
    empty
    {
        type            empty;
        value           nonuniform List<scalar> 0();
    }
}


// ************************************************************************* //
