/*--------------------------------*- C++ -*----------------------------------*\
| =========                 |                                                 |
| \\      /  F ield         | OpenFOAM: The Open Source CFD Toolbox           |
|  \\    /   O peration     | Version:  2106                                  |
|   \\  /    A nd           | Website:  www.openfoam.com                      |
|    \\/     M anipulation  |                                                 |
\*---------------------------------------------------------------------------*/
FoamFile
{
    version     2.0;
    format      ascii;
    arch        "LSB;label=32;scalar=64";
    class       surfaceScalarField;
    location    "0.132";
    object      phi;
}
// * * * * * * * * * * * * * * * * * * * * * * * * * * * * * * * * * * * * * //

dimensions      [0 3 -1 0 0 0 0];

oriented        oriented;

internalField   nonuniform List<scalar> 
799
(
1.63095e-32
4.26133e-32
5.42781e-32
4.19063e-32
1.51357e-32
-5.32113e-32
-1.1429e-31
-1.61859e-31
-1.73592e-31
-1.37511e-31
-8.33886e-32
-2.2781e-32
1.40254e-32
2.2102e-32
-1.14709e-33
-4.20335e-32
-9.45782e-32
-1.48582e-31
-1.90201e-31
-2.1946e-31
-2.12565e-31
-1.77694e-31
-1.17733e-31
-4.81573e-32
-8.74643e-33
-8.15135e-34
-4.36366e-32
-1.1541e-31
-1.82845e-31
-2.3657e-31
-2.40552e-31
-2.1437e-31
-1.69144e-31
-1.15194e-31
-9.13948e-32
-8.13941e-32
-9.96604e-32
-1.38617e-31
-1.69543e-31
-2.07271e-31
-2.17255e-31
-2.05769e-31
-1.83282e-31
-1.37529e-31
-1.13224e-31
-1.0384e-31
-1.20641e-31
-1.7047e-31
-2.11272e-31
-2.48388e-31
-2.51121e-31
-2.18059e-31
-1.75635e-31
-1.22062e-31
-9.83517e-32
-1.05185e-31
-1.38938e-31
-1.98656e-31
-2.44665e-31
-2.70393e-31
-2.57784e-31
-2.05169e-31
-1.43581e-31
-8.91403e-32
-7.67965e-32
-1.17989e-31
-1.92211e-31
-2.76136e-31
-3.21942e-31
-3.04787e-31
-2.33742e-31
-1.32302e-31
-5.61457e-32
-3.98728e-32
-8.71829e-32
-1.81166e-31
-2.67852e-31
-3.1263e-31
-3.01242e-31
-2.42082e-31
-1.75906e-31
-1.26946e-31
-1.11606e-31
-1.26617e-31
-1.50724e-31
-1.76636e-31
-1.96165e-31
-2.1424e-31
-2.34465e-31
-2.46638e-31
-2.44566e-31
-2.13328e-31
-1.60648e-31
-1.0711e-31
-7.43123e-32
-9.3057e-32
-1.51495e-31
-2.33111e-31
-3.02302e-31
-3.15487e-31
-2.80022e-31
-1.94055e-31
-1.03026e-31
-4.95822e-32
-4.03332e-32
-9.80537e-32
-1.77091e-31
-2.50643e-31
-2.94333e-31
-2.77084e-31
-2.32994e-31
-1.6998e-31
-1.23082e-31
-1.14241e-31
-1.25422e-31
-1.55781e-31
-1.72357e-31
-1.69594e-31
-1.56588e-31
-1.42427e-31
-1.52076e-31
-1.82297e-31
-2.23553e-31
-2.54096e-31
-2.52389e-31
-2.1743e-31
-1.57772e-31
-9.80193e-32
-5.9914e-32
-5.42601e-32
-8.39115e-32
-1.3599e-31
-1.96653e-31
-2.51677e-31
-2.83243e-31
-2.85678e-31
-2.51659e-31
-1.87213e-31
-1.1316e-31
-4.80666e-32
-2.24605e-32
-4.4703e-32
-1.07586e-31
-1.91453e-31
-2.55962e-31
-2.82122e-31
-2.58288e-31
-1.97697e-31
-1.34617e-31
-9.09535e-32
-8.98086e-32
-1.2401e-31
-1.70639e-31
-2.07347e-31
-2.07481e-31
-1.74182e-31
-1.22967e-31
-8.08183e-32
-7.75608e-32
-1.17142e-31
-1.87775e-31
-2.54118e-31
-2.8054e-31
-2.49102e-31
-1.68356e-31
-7.84202e-32
-1.97333e-32
-2.7024e-32
-9.2878e-32
-1.8216e-31
-2.52223e-31
-2.58383e-31
-2.11223e-31
-1.3295e-31
-6.94238e-32
-6.21308e-32
-9.71771e-32
-1.65085e-31
-2.13677e-31
-2.14782e-31
-1.77432e-31
-1.05304e-31
-5.46317e-32
-3.99218e-32
-6.76633e-32
-1.33635e-31
-1.88133e-31
-2.23045e-31
-2.13741e-31
-1.6498e-31
-1.07864e-31
-5.00762e-32
-2.51123e-32
-3.16259e-32
-6.10572e-32
-1.0739e-31
-1.4268e-31
-1.64489e-31
-1.65742e-31
-1.45489e-31
-1.16276e-31
-7.79648e-32
-4.12859e-32
-1.57257e-32
-5.29781e-33
-2.0466e-32
-5.59447e-32
-9.78854e-32
-1.29821e-31
-1.28029e-31
-8.88546e-32
-2.53255e-32
3.75917e-32
6.46345e-32
4.24636e-32
-1.87101e-32
-8.70137e-32
-1.1694e-31
-8.32378e-32
7.44944e-33
1.18882e-31
1.94581e-31
1.94116e-31
1.17502e-31
-1.19092e-33
-9.50146e-32
-1.08526e-31
-2.95359e-32
1.19235e-31
2.66352e-31
3.4853e-31
3.37858e-31
2.39424e-31
1.18636e-31
3.51006e-32
3.07923e-32
1.18251e-31
2.49294e-31
3.78092e-31
4.56123e-31
4.59171e-31
4.11862e-31
3.43275e-31
2.98544e-31
3.06403e-31
3.64114e-31
4.5467e-31
5.43799e-31
6.02517e-31
6.21431e-31
6.14826e-31
6.06894e-31
6.28191e-31
6.89477e-31
7.71967e-31
8.53709e-31
8.98645e-31
8.99348e-31
8.80437e-31
8.69707e-31
9.10778e-31
1.01142e-30
1.14585e-30
1.28152e-30
1.37165e-30
1.40395e-30
1.40093e-30
1.39024e-30
1.41398e-30
1.48657e-30
1.59039e-30
1.71292e-30
1.82348e-30
1.91528e-30
2.00238e-30
2.0821e-30
2.17272e-30
2.2673e-30
2.35622e-30
2.44971e-30
2.54e-30
2.64359e-30
2.76225e-30
2.88469e-30
3.01e-30
3.12495e-30
3.24053e-30
3.37319e-30
3.5348e-30
3.72715e-30
3.9266e-30
4.10206e-30
4.2292e-30
4.31567e-30
4.3934e-30
4.51411e-30
4.71282e-30
4.98313e-30
5.2916e-30
5.5721e-30
5.78642e-30
5.93211e-30
6.04148e-30
6.18205e-30
6.38835e-30
6.67221e-30
7.00305e-30
7.32524e-30
7.61278e-30
7.85187e-30
8.0735e-30
8.31696e-30
8.60025e-30
8.93233e-30
9.28134e-30
9.62212e-30
9.94254e-30
1.02422e-29
1.0555e-29
1.08986e-29
1.12843e-29
1.17061e-29
1.21291e-29
1.25393e-29
1.29224e-29
1.329e-29
1.36774e-29
1.4099e-29
1.45772e-29
1.50961e-29
1.56237e-29
1.61402e-29
1.66132e-29
1.70608e-29
1.75076e-29
1.79843e-29
1.85331e-29
1.91419e-29
1.97976e-29
2.04566e-29
2.10662e-29
2.16116e-29
2.20956e-29
2.25212e-29
2.31071e-29
2.38025e-29
2.53249e-29
2.79108e-29
3.16894e-29
3.87292e-29
4.15755e-29
4.45259e-29
2.76173e-29
-1.49704e-29
-6.61798e-29
-1.71606e-28
-1.62076e-28
-1.01112e-28
1.87081e-28
8.31487e-28
1.19703e-27
1.8397e-27
1.07827e-27
-7.39415e-28
-3.01452e-27
-7.52073e-27
-7.19094e-27
-5.90843e-27
1.77111e-27
1.68993e-26
2.26911e-26
3.30721e-26
1.66717e-26
-1.35875e-26
-4.09836e-26
-9.04718e-26
-7.12985e-26
-4.21708e-26
3.15943e-26
1.54649e-25
1.6276e-25
1.92022e-25
5.43358e-26
-1.45575e-25
-2.41538e-25
-4.15686e-25
-2.36499e-25
-3.16183e-26
2.19179e-25
5.8922e-25
4.55181e-25
3.8306e-25
-3.70588e-26
-5.43977e-25
-5.80024e-25
-7.54227e-25
-2.54553e-25
2.23653e-25
5.06873e-25
9.15318e-25
5.06884e-25
2.23669e-25
-2.54539e-25
-7.54222e-25
-5.8003e-25
-5.43989e-25
-3.70728e-26
3.8305e-25
4.5518e-25
5.89225e-25
2.19187e-25
-3.16126e-26
-2.36497e-25
-4.15688e-25
-2.41543e-25
-1.4558e-25
5.43321e-26
1.9202e-25
1.6276e-25
1.54649e-25
3.15946e-26
-4.21711e-26
-7.12992e-26
-9.04726e-26
-4.09847e-26
-1.35884e-26
1.66707e-26
3.3071e-26
2.26901e-26
1.68983e-26
1.77029e-27
-5.90916e-27
-7.19159e-27
-7.52132e-27
-3.01514e-27
-7.40048e-28
1.07758e-27
1.83897e-27
1.1963e-27
8.30771e-28
1.86437e-28
-1.01676e-28
-1.62539e-28
-1.72002e-28
-6.65753e-29
-1.54102e-29
2.7072e-29
4.38983e-29
4.09158e-29
3.8111e-29
3.11996e-29
2.75581e-29
2.50928e-29
2.36186e-29
2.28832e-29
2.22135e-29
2.16779e-29
2.11187e-29
2.05584e-29
1.99882e-29
1.94278e-29
1.88863e-29
1.83779e-29
1.78948e-29
1.74138e-29
1.69137e-29
1.63804e-29
1.58229e-29
1.52767e-29
1.47688e-29
1.43261e-29
1.39416e-29
1.35859e-29
1.32333e-29
1.28478e-29
1.24316e-29
1.19924e-29
1.15506e-29
1.11377e-29
1.07598e-29
1.04304e-29
1.01384e-29
9.86376e-30
9.58949e-30
9.28853e-30
8.95618e-30
8.60237e-30
8.24964e-30
7.93225e-30
7.67265e-30
7.46458e-30
7.28941e-30
7.10392e-30
6.87309e-30
6.59792e-30
6.28509e-30
5.98579e-30
5.73621e-30
5.54681e-30
5.42224e-30
5.31055e-30
5.18091e-30
5.00593e-30
4.77253e-30
4.52019e-30
4.27445e-30
4.07687e-30
3.94908e-30
3.87287e-30
3.8241e-30
3.75338e-30
3.62383e-30
3.43005e-30
3.19214e-30
2.9603e-30
2.78952e-30
2.70445e-30
2.69692e-30
2.71986e-30
2.70807e-30
2.62226e-30
2.453e-30
2.23875e-30
2.03714e-30
1.89604e-30
1.83626e-30
1.83502e-30
1.85476e-30
1.84735e-30
1.79293e-30
1.69218e-30
1.56338e-30
1.44264e-30
1.34137e-30
1.27897e-30
1.24518e-30
1.2251e-30
1.21031e-30
1.17164e-30
1.11952e-30
1.04732e-30
9.71663e-31
9.18262e-31
8.77397e-31
8.66715e-31
8.54283e-31
8.23953e-31
7.77104e-31
6.97934e-31
6.29879e-31
5.81961e-31
5.66044e-31
5.88976e-31
6.06743e-31
6.12139e-31
5.82977e-31
5.20385e-31
4.57921e-31
4.00178e-31
3.6818e-31
3.53838e-31
3.37026e-31
3.22101e-31
3.02302e-31
2.98397e-31
3.2371e-31
3.61534e-31
3.97284e-31
3.86493e-31
3.10553e-31
1.90562e-31
5.86393e-32
-1.13464e-32
1.39179e-32
1.25744e-31
2.86094e-31
3.98491e-31
4.12559e-31
3.08423e-31
1.16845e-31
-6.09256e-32
-1.6201e-31
-1.31913e-31
1.45995e-32
1.91503e-31
3.31315e-31
3.51105e-31
2.47566e-31
7.71956e-32
-9.62754e-32
-1.77158e-31
-1.48125e-31
-3.15623e-32
1.19606e-31
2.16306e-31
2.35123e-31
1.68739e-31
5.43774e-32
-4.33063e-32
-1.04465e-31
-1.03703e-31
-6.21135e-32
-9.21512e-33
4.57732e-32
7.58576e-32
9.1116e-32
8.81354e-32
6.54766e-32
3.58765e-32
-7.14023e-33
-4.46529e-32
-7.21088e-32
-8.27311e-32
-7.04198e-32
-4.5464e-32
-7.35389e-33
2.88814e-32
6.0209e-32
7.45252e-32
6.56336e-32
3.71253e-32
-1.40748e-32
-6.08609e-32
-9.86023e-32
-1.08999e-31
-8.57806e-32
-5.07693e-32
-2.25695e-36
3.4893e-32
5.19805e-32
5.37575e-32
2.76439e-32
-3.03936e-34
-3.82899e-32
-7.2026e-32
-8.68248e-32
-9.03231e-32
-6.47506e-32
-2.7982e-32
1.09793e-32
4.23494e-32
4.53933e-32
2.94352e-32
-5.91998e-33
-4.47869e-32
-7.14548e-32
-8.26585e-32
-7.08353e-32
-4.48456e-32
-1.24048e-32
1.53804e-32
2.87219e-32
2.29786e-32
2.80464e-33
-2.19165e-32
-4.08523e-32
-4.0935e-32
-3.2221e-32
-1.82813e-32
-1.37066e-32
-2.65222e-32
-3.73931e-32
-4.40662e-32
-2.3719e-32
1.58861e-32
4.94633e-32
6.3834e-32
2.94803e-32
-3.16591e-32
-9.36453e-32
-1.23499e-31
-9.10506e-32
-1.99108e-32
6.51656e-32
1.13877e-31
9.99649e-32
3.60284e-32
-5.31512e-32
-1.1147e-31
-1.16549e-31
-6.58758e-32
1.46611e-32
7.46253e-32
9.28027e-32
5.57096e-32
-1.00735e-32
-6.46255e-32
-8.49016e-32
-5.25132e-32
7.05839e-33
6.28274e-32
8.77869e-32
6.08647e-32
3.14318e-33
-6.07506e-32
-9.98796e-32
-8.85303e-32
-3.88016e-32
3.28913e-32
9.57684e-32
1.18494e-31
1.01053e-31
4.53067e-32
-2.6061e-32
-8.19242e-32
-1.12704e-31
-1.0134e-31
-5.51124e-32
7.79165e-33
7.73118e-32
1.2282e-31
1.35256e-31
1.08234e-31
4.14474e-32
-3.64362e-32
-1.06582e-31
-1.37353e-31
-1.11667e-31
-4.00533e-32
5.88477e-32
1.39961e-31
1.70237e-31
1.36255e-31
4.78882e-32
-5.17804e-32
-1.20094e-31
-1.2582e-31
-6.54188e-32
2.89557e-32
1.13608e-31
1.49641e-31
1.19301e-31
4.36073e-32
-4.08989e-32
-9.34467e-32
-8.44776e-32
-2.71526e-32
5.5363e-32
1.20743e-31
1.32952e-31
9.88288e-32
2.4916e-32
-4.34912e-32
-7.19395e-32
-5.92269e-32
3.13265e-33
6.81817e-32
1.11123e-31
1.19724e-31
7.73551e-32
2.62363e-32
-2.20375e-32
-4.43949e-32
-2.47933e-32
8.32889e-33
5.34288e-32
8.41872e-32
8.97739e-32
8.16459e-32
5.72375e-32
3.52199e-32
2.21211e-32
1.48643e-32
1.68778e-32
1.92895e-32
1.74417e-32
1.85695e-32
1.86341e-32
2.83882e-32
5.1165e-32
7.50353e-32
1.04146e-31
1.12664e-31
9.86421e-32
6.34639e-32
5.34013e-33
-3.83742e-32
-6.42456e-32
-4.94449e-32
3.99254e-33
6.80835e-32
1.31327e-31
1.54821e-31
1.3957e-31
8.76953e-32
2.39808e-32
-2.51068e-32
-4.57025e-32
-2.44954e-32
6.13664e-33
5.48484e-32
7.5182e-32
7.57583e-32
6.86835e-32
2.38174e-32
1.4367e-32
-1.81647e-32
-2.44302e-32
-4.56886e-33
)
;

boundaryField
{
    left
    {
        type            calculated;
        value           uniform 0;
    }
    right
    {
        type            calculated;
        value           uniform 0;
    }
    empty
    {
        type            empty;
        value           nonuniform List<scalar> 0();
    }
}


// ************************************************************************* //
