/*--------------------------------*- C++ -*----------------------------------*\
| =========                 |                                                 |
| \\      /  F ield         | OpenFOAM: The Open Source CFD Toolbox           |
|  \\    /   O peration     | Version:  2106                                  |
|   \\  /    A nd           | Website:  www.openfoam.com                      |
|    \\/     M anipulation  |                                                 |
\*---------------------------------------------------------------------------*/
FoamFile
{
    version     2.0;
    format      ascii;
    arch        "LSB;label=32;scalar=64";
    class       surfaceScalarField;
    location    "0.01";
    object      phi;
}
// * * * * * * * * * * * * * * * * * * * * * * * * * * * * * * * * * * * * * //

dimensions      [0 3 -1 0 0 0 0];

oriented        oriented;

internalField   nonuniform List<scalar> 
799
(
2.11867e-32
5.23537e-32
6.88731e-32
6.13273e-32
3.93589e-32
-2.42306e-32
-8.05874e-32
-1.23491e-31
-1.30613e-31
-8.99846e-32
-3.1377e-32
3.36373e-32
7.47807e-32
8.71143e-32
6.80392e-32
3.12361e-32
-1.73168e-32
-6.74196e-32
-1.05231e-31
-1.30778e-31
-1.20271e-31
-8.18829e-32
-1.8504e-32
5.4391e-32
9.70217e-32
1.08075e-31
6.8275e-32
-5.7176e-34
-6.51801e-32
-1.16167e-31
-1.17494e-31
-8.87553e-32
-4.10674e-32
1.52649e-32
4.13563e-32
5.35674e-32
3.74271e-32
5.19663e-34
-2.84383e-32
-6.42719e-32
-7.24381e-32
-5.9212e-32
-3.50557e-32
1.22989e-32
3.81339e-32
4.89893e-32
3.35962e-32
-1.48878e-32
-5.44075e-32
-9.0299e-32
-9.18697e-32
-5.76983e-32
-1.4222e-32
4.03508e-32
6.50075e-32
5.90684e-32
2.6158e-32
-3.27611e-32
-7.80167e-32
-1.03039e-31
-8.97664e-32
-3.65355e-32
2.5627e-32
8.06e-32
9.34377e-32
5.26983e-32
-2.11085e-32
-1.04652e-31
-1.50122e-31
-1.32657e-31
-6.13407e-32
4.03317e-32
1.16691e-31
1.33137e-31
8.59717e-32
-7.89208e-33
-9.44879e-32
-1.39215e-31
-1.27802e-31
-6.86474e-32
-2.5022e-33
4.64033e-32
6.16642e-32
4.65503e-32
2.23176e-32
-3.74202e-33
-2.34392e-32
-4.17069e-32
-6.21443e-32
-7.4547e-32
-7.27229e-32
-4.1749e-32
1.06498e-32
6.38882e-32
9.63732e-32
7.7302e-32
1.85218e-32
-6.34475e-32
-1.33002e-31
-1.46562e-31
-1.11486e-31
-2.59128e-32
6.47124e-32
1.17747e-31
1.26582e-31
6.84382e-32
-1.10209e-32
-8.49986e-32
-1.29113e-31
-1.12295e-31
-6.86402e-32
-6.06329e-33
4.03979e-32
4.88043e-32
3.7194e-32
6.40522e-33
-1.06031e-32
-8.26974e-33
4.31058e-33
1.80496e-32
7.98288e-33
-2.2649e-32
-6.43129e-32
-9.52553e-32
-9.39478e-32
-5.93833e-32
-1.17361e-34
5.92479e-32
9.69765e-32
1.02257e-31
7.22393e-32
1.9798e-32
-4.12254e-32
-9.66049e-32
-1.28523e-31
-1.31309e-31
-9.76395e-32
-3.35401e-32
4.0167e-32
1.04916e-31
1.30179e-31
1.07593e-31
4.43673e-32
-3.9844e-32
-1.04701e-31
-1.31214e-31
-1.07738e-31
-4.75103e-32
1.51982e-32
5.84851e-32
5.92415e-32
2.46429e-32
-2.23935e-32
-5.95233e-32
-6.00935e-32
-2.72489e-32
2.34975e-32
6.51611e-32
6.79131e-32
2.78086e-32
-4.3371e-32
-1.10285e-31
-1.37308e-31
-1.06492e-31
-2.63965e-32
6.28575e-32
1.2083e-31
1.1279e-31
4.61501e-32
-4.39578e-32
-1.14883e-31
-1.21945e-31
-7.57297e-32
1.55198e-33
6.40432e-32
7.02588e-32
3.40799e-32
-3.50158e-32
-8.48489e-32
-8.72506e-32
-5.12598e-32
1.94451e-32
6.86278e-32
8.17777e-32
5.24018e-32
-1.52795e-32
-7.15664e-32
-1.08351e-31
-1.01009e-31
-5.43052e-32
6.65048e-34
5.62038e-32
7.88172e-32
6.98383e-32
3.78227e-32
-1.1214e-32
-4.93372e-32
-7.41144e-32
-7.84794e-32
-6.14864e-32
-3.56899e-32
-9.56946e-34
3.19716e-32
5.3598e-32
5.99047e-32
4.04145e-32
4.04464e-34
-4.62855e-32
-8.32047e-32
-8.66398e-32
-5.2936e-32
4.85442e-33
6.17546e-32
8.24855e-32
5.36948e-32
-1.44174e-32
-8.99974e-32
-1.27548e-31
-1.01841e-31
-1.95316e-32
8.31219e-32
1.49619e-31
1.39516e-31
5.27964e-32
-7.64801e-32
-1.81393e-31
-2.06511e-31
-1.39681e-31
-3.64573e-33
1.3014e-31
1.98369e-31
1.73097e-31
5.9387e-32
-7.73847e-32
-1.77638e-31
-1.9943e-31
-1.30255e-31
-1.83234e-32
9.04961e-32
1.4765e-31
1.28885e-31
5.87913e-32
-3.35934e-32
-1.03171e-31
-1.21258e-31
-9.06272e-32
-2.83277e-32
3.13197e-32
5.92795e-32
4.61215e-32
6.0742e-33
-3.67191e-32
-5.17606e-32
-2.83413e-32
1.47018e-32
5.53524e-32
5.7495e-32
1.3647e-32
-5.16315e-32
-1.10619e-31
-1.19765e-31
-7.13512e-32
8.75546e-33
8.79414e-32
1.19353e-31
9.0615e-32
2.41699e-32
-5.24184e-32
-9.7121e-32
-9.56074e-32
-6.55764e-32
-1.96545e-32
1.1403e-32
2.0715e-32
2.22487e-32
1.32364e-32
1.18377e-32
1.1035e-32
1.07882e-33
-7.88423e-33
-2.3728e-32
-3.00821e-32
-2.52673e-32
-2.07044e-32
-1.74011e-32
-2.87219e-32
-4.37887e-32
-4.62703e-32
-2.44262e-32
2.33987e-32
7.34471e-32
9.44939e-32
6.20706e-32
-1.62979e-32
-1.08837e-31
-1.63955e-31
-1.46771e-31
-6.3828e-32
5.12732e-32
1.3226e-31
1.4077e-31
7.42055e-32
-3.52836e-32
-1.20328e-31
-1.46575e-31
-1.0233e-31
-1.83595e-32
4.95656e-32
7.52506e-32
4.47467e-32
-1.11313e-32
-5.32745e-32
-6.38476e-32
-3.40801e-32
4.00966e-33
2.50531e-32
1.67741e-32
-2.14684e-32
-5.59061e-32
-6.90747e-32
-4.98261e-32
-4.45164e-33
3.20172e-32
4.54385e-32
2.12054e-32
-2.91941e-32
-7.07775e-32
-8.91879e-32
-6.22651e-32
-6.14492e-33
4.69009e-32
7.70212e-32
5.15845e-32
-1.15514e-32
-8.79657e-32
-1.47033e-31
-1.46991e-31
-9.97286e-32
-1.89012e-32
5.22471e-32
6.0314e-32
-8.97363e-33
-1.53618e-31
-3.6977e-31
-4.39565e-31
-4.13007e-31
4.26783e-31
2.31721e-30
5.38694e-30
1.17053e-29
1.38177e-29
1.60224e-29
-1.64333e-30
-4.49989e-29
-9.69861e-29
-2.03199e-28
-1.94465e-28
-1.34303e-28
1.53083e-28
7.96677e-28
1.1614e-27
1.80325e-27
1.04102e-27
-7.77487e-28
-3.05341e-27
-7.56042e-27
-7.23142e-27
-5.9497e-27
1.72907e-27
1.68565e-26
2.26476e-26
3.30278e-26
1.66267e-26
-1.36332e-26
-4.103e-26
-9.05187e-26
-7.13461e-26
-4.22189e-26
3.15457e-26
1.546e-25
1.6271e-25
1.91972e-25
5.42853e-26
-1.45626e-25
-2.41589e-25
-4.15738e-25
-2.36551e-25
-3.16705e-26
2.19127e-25
5.89168e-25
4.55129e-25
3.83007e-25
-3.71119e-26
-5.4403e-25
-5.80077e-25
-7.5428e-25
-2.54606e-25
2.236e-25
5.0682e-25
9.15264e-25
5.06831e-25
2.23616e-25
-2.54592e-25
-7.54275e-25
-5.80083e-25
-5.44042e-25
-3.71257e-26
3.82998e-25
4.55127e-25
5.89173e-25
2.19135e-25
-3.16643e-26
-2.36548e-25
-4.15739e-25
-2.41594e-25
-1.45631e-25
5.42822e-26
1.91971e-25
1.62711e-25
1.546e-25
3.15466e-26
-4.22186e-26
-7.13461e-26
-9.05188e-26
-4.10303e-26
-1.36333e-26
1.66265e-26
3.30274e-26
2.26473e-26
1.68562e-26
1.72894e-27
-5.94974e-27
-7.23139e-27
-7.56034e-27
-3.05336e-27
-7.77473e-28
1.04096e-27
1.80316e-27
1.16129e-27
7.96561e-28
1.53026e-28
-1.34293e-28
-1.94368e-28
-2.03049e-28
-9.68496e-29
-4.49208e-29
-1.68502e-30
1.58843e-29
1.36332e-29
1.15483e-29
5.34411e-30
2.39741e-30
6.13758e-31
-1.91601e-31
-2.71738e-31
-2.99285e-31
-2.06335e-31
-1.50084e-31
-1.08641e-31
-8.99846e-32
-7.50556e-32
-5.39591e-32
-1.2991e-32
4.08316e-32
8.38532e-32
9.56194e-32
6.17178e-32
-8.32814e-33
-7.89722e-32
-1.22859e-31
-1.13199e-31
-5.6528e-32
1.7891e-32
8.44896e-32
1.07558e-31
8.94393e-32
3.80095e-32
-2.61279e-32
-7.11902e-32
-9.10544e-32
-7.1792e-32
-2.46323e-32
3.08337e-32
7.76789e-32
8.90713e-32
6.04584e-32
1.97107e-33
-6.36911e-32
-1.02082e-31
-9.05819e-32
-3.52836e-32
4.53524e-32
1.08279e-31
1.18628e-31
7.75608e-32
-8.07348e-33
-8.69256e-32
-1.22654e-31
-1.04638e-31
-2.80846e-32
5.52208e-32
1.14592e-31
1.22774e-31
6.68384e-32
-1.35898e-32
-9.28355e-32
-1.29205e-31
-1.00931e-31
-2.60806e-32
7.13196e-32
1.42024e-31
1.49264e-31
8.77773e-32
-2.22279e-32
-1.30431e-31
-1.81711e-31
-1.51315e-31
-4.72974e-32
8.33781e-32
1.75624e-31
1.90255e-31
1.17946e-31
-2.73768e-33
-1.14078e-31
-1.68107e-31
-1.4389e-31
-6.41575e-32
3.36556e-32
1.01483e-31
1.1956e-31
8.8671e-32
2.71488e-32
-2.88017e-32
-6.76915e-32
-7.00346e-32
-4.6035e-32
-1.05091e-32
2.81991e-32
4.09832e-32
3.83433e-32
1.37132e-32
-1.6219e-32
-2.56724e-32
-2.43119e-32
5.57166e-33
3.21037e-32
3.91904e-32
2.8263e-32
-1.64298e-32
-5.13962e-32
-6.75655e-32
-5.30278e-32
-8.82467e-34
4.48894e-32
7.71292e-32
7.36954e-32
3.5761e-32
-3.07697e-33
-3.81936e-32
-4.85244e-32
-4.21207e-32
-3.90731e-32
-3.49865e-32
-3.66002e-32
-2.31098e-32
1.88428e-32
7.25765e-32
1.23537e-31
1.27284e-31
6.52318e-32
-4.14857e-32
-1.60732e-31
-2.18616e-31
-1.81796e-31
-5.8938e-32
1.11939e-31
2.3438e-31
2.58026e-31
1.6302e-31
-1.98533e-32
-1.89332e-31
-2.82514e-31
-2.44886e-31
-9.11943e-32
9.25428e-32
2.38861e-31
2.64845e-31
1.672e-31
2.43826e-33
-1.65691e-31
-2.41494e-31
-2.0763e-31
-8.64776e-32
6.90551e-32
1.69903e-31
1.92665e-31
1.30027e-31
1.92232e-32
-7.50782e-32
-1.33029e-31
-1.29227e-31
-8.47514e-32
-2.91169e-32
2.84616e-32
6.10053e-32
7.85975e-32
7.78286e-32
5.72601e-32
2.9639e-32
-1.15037e-32
-4.72469e-32
-7.30304e-32
-8.20788e-32
-6.82802e-32
-4.19251e-32
-2.49543e-33
3.49842e-32
6.74783e-32
8.28929e-32
7.5027e-32
4.74787e-32
-2.82984e-33
-4.87847e-32
-8.57509e-32
-9.54298e-32
-7.15513e-32
-3.59246e-32
1.54022e-32
5.08131e-32
6.8369e-32
7.05552e-32
4.48125e-32
1.71949e-32
-2.05036e-32
-5.39921e-32
-6.85842e-32
-7.19139e-32
-4.62078e-32
-9.34189e-33
2.96804e-32
6.10821e-32
6.41297e-32
4.8148e-32
1.27435e-32
-2.62017e-32
-5.29768e-32
-6.4314e-32
-5.26455e-32
-2.68381e-32
5.40281e-33
3.29635e-32
4.60583e-32
4.00482e-32
1.95843e-32
-5.44075e-33
-2.46955e-32
-2.51168e-32
-1.67582e-32
-3.18561e-33
1.01243e-33
-1.2186e-32
-2.34467e-32
-3.05185e-32
-1.05746e-32
2.86183e-32
6.17727e-32
7.57146e-32
4.09245e-32
-2.06585e-32
-8.30964e-32
-1.13406e-31
-8.14164e-32
-1.07356e-32
7.38775e-32
1.22122e-31
1.07744e-31
4.33409e-32
-4.63096e-32
-1.05099e-31
-1.10647e-31
-6.04471e-32
1.96219e-32
7.91189e-32
9.68352e-32
5.92864e-32
-6.9514e-33
-6.19578e-32
-8.26856e-32
-5.07483e-32
8.37524e-33
6.36911e-32
8.81943e-32
6.08203e-32
2.6459e-33
-6.1698e-32
-1.01275e-31
-9.03705e-32
-4.10892e-32
3.01574e-32
9.25876e-32
1.14868e-31
9.69781e-32
4.07831e-32
-3.10368e-32
-8.7353e-32
-1.18589e-31
-1.07689e-31
-6.19209e-32
5.23659e-34
6.95848e-32
1.1463e-31
1.26601e-31
9.91102e-32
3.18456e-32
-4.65232e-32
-1.1716e-31
-1.48428e-31
-1.23244e-31
-5.21446e-32
4.62374e-32
1.26821e-31
1.56566e-31
1.22042e-31
3.31278e-32
-6.70961e-32
-1.35965e-31
-1.42245e-31
-8.24014e-32
1.141e-32
9.5495e-32
1.30956e-31
1.00037e-31
2.37642e-32
-6.13213e-32
-1.1445e-31
-1.06061e-31
-4.93189e-32
3.26122e-32
9.74058e-32
1.09032e-31
7.43274e-32
-1.61748e-34
-6.91446e-32
-9.81525e-32
-8.59988e-32
-2.41885e-32
4.03086e-32
8.27097e-32
9.0779e-32
4.78895e-32
-3.736e-33
-5.25009e-32
-7.53324e-32
-5.61875e-32
-2.35016e-32
2.11777e-32
5.15344e-32
5.67412e-32
4.82596e-32
2.35257e-32
1.21217e-33
-1.21454e-32
-1.96264e-32
-1.78024e-32
-1.55349e-32
-1.74808e-32
-1.64006e-32
-1.63366e-32
-6.52888e-33
1.63516e-32
4.03836e-32
6.97157e-32
7.85173e-32
6.4849e-32
3.00949e-32
-2.75331e-32
-7.06741e-32
-9.59068e-32
-8.03934e-32
-2.61626e-32
3.88011e-32
1.02997e-31
1.27524e-31
1.13383e-31
6.27003e-32
2.54283e-34
-4.74898e-32
-6.66703e-32
-4.39774e-32
-1.17971e-32
3.85291e-32
6.05284e-32
6.28214e-32
5.75101e-32
1.44454e-32
6.82577e-33
-2.38447e-32
-2.82292e-32
-6.47192e-33
)
;

boundaryField
{
    left
    {
        type            calculated;
        value           uniform 0;
    }
    right
    {
        type            calculated;
        value           uniform 0;
    }
    empty
    {
        type            empty;
        value           nonuniform List<scalar> 0();
    }
}


// ************************************************************************* //
