/*--------------------------------*- C++ -*----------------------------------*\
| =========                 |                                                 |
| \\      /  F ield         | OpenFOAM: The Open Source CFD Toolbox           |
|  \\    /   O peration     | Version:  2106                                  |
|   \\  /    A nd           | Website:  www.openfoam.com                      |
|    \\/     M anipulation  |                                                 |
\*---------------------------------------------------------------------------*/
FoamFile
{
    version     2.0;
    format      ascii;
    arch        "LSB;label=32;scalar=64";
    class       surfaceScalarField;
    location    "0.121";
    object      phi;
}
// * * * * * * * * * * * * * * * * * * * * * * * * * * * * * * * * * * * * * //

dimensions      [0 3 -1 0 0 0 0];

oriented        oriented;

internalField   nonuniform List<scalar> 
799
(
1.65487e-32
4.30923e-32
5.49958e-32
4.28692e-32
1.63394e-32
-5.17729e-32
-1.12618e-31
-1.59958e-31
-1.71466e-31
-1.35155e-31
-8.08048e-32
-1.99707e-32
1.70643e-32
2.53706e-32
2.3508e-33
-3.83086e-32
-9.06285e-32
-1.44407e-31
-1.85802e-31
-2.14839e-31
-2.07727e-31
-1.72634e-31
-1.12453e-31
-4.26609e-32
-3.03635e-33
5.10465e-33
-3.75109e-32
-1.0908e-31
-1.76314e-31
-2.29834e-31
-2.33606e-31
-2.07224e-31
-1.61803e-31
-1.0766e-31
-8.36696e-32
-7.34803e-32
-9.15601e-32
-1.30332e-31
-1.61077e-31
-1.98627e-31
-2.08434e-31
-1.96778e-31
-1.74121e-31
-1.28198e-31
-1.03731e-31
-9.4184e-32
-1.10826e-31
-1.60499e-31
-2.01147e-31
-2.38113e-31
-2.407e-31
-2.07494e-31
-1.6493e-31
-1.11219e-31
-8.73744e-32
-9.40779e-32
-1.27704e-31
-1.87297e-31
-2.33182e-31
-2.58792e-31
-2.46066e-31
-1.93336e-31
-1.31634e-31
-7.70831e-32
-6.46315e-32
-1.05719e-31
-1.79843e-31
-2.63672e-31
-3.09387e-31
-2.92143e-31
-2.2101e-31
-1.19486e-31
-4.32465e-32
-2.68923e-32
-7.41212e-32
-1.68023e-31
-2.54632e-31
-2.99344e-31
-2.87891e-31
-2.28673e-31
-1.62439e-31
-1.13423e-31
-9.80276e-32
-1.12987e-31
-1.3704e-31
-1.62904e-31
-1.82384e-31
-2.00418e-31
-2.206e-31
-2.32735e-31
-2.3063e-31
-1.99361e-31
-1.46645e-31
-9.30751e-32
-6.02485e-32
-7.89676e-32
-1.3738e-31
-2.18973e-31
-2.88145e-31
-3.01312e-31
-2.65832e-31
-1.7985e-31
-8.88076e-32
-3.53529e-32
-2.61009e-32
-8.38161e-32
-1.62844e-31
-2.36391e-31
-2.80072e-31
-2.62828e-31
-2.18741e-31
-1.55733e-31
-1.08839e-31
-1.00007e-31
-1.112e-31
-1.41571e-31
-1.58165e-31
-1.5542e-31
-1.42433e-31
-1.28292e-31
-1.37963e-31
-1.68205e-31
-2.09485e-31
-2.40049e-31
-2.38371e-31
-2.03443e-31
-1.43818e-31
-8.4103e-32
-4.60341e-32
-4.04159e-32
-7.0105e-32
-1.22226e-31
-1.82933e-31
-2.38003e-31
-2.6962e-31
-2.72106e-31
-2.3814e-31
-1.73749e-31
-9.97557e-32
-3.47247e-32
-9.18417e-33
-3.14945e-32
-9.4448e-32
-1.7839e-31
-2.42977e-31
-2.6922e-31
-2.45478e-31
-1.84977e-31
-1.21992e-31
-7.8426e-32
-7.73863e-32
-1.11698e-31
-1.58441e-31
-1.95268e-31
-1.95533e-31
-1.62371e-31
-1.11297e-31
-6.92974e-32
-6.61978e-32
-1.05941e-31
-1.76745e-31
-2.43268e-31
-2.69881e-31
-2.38639e-31
-1.581e-31
-6.83826e-32
-9.92531e-33
-1.74583e-32
-8.35673e-32
-1.73119e-31
-2.4346e-31
-2.49915e-31
-2.03062e-31
-1.25119e-31
-6.19367e-32
-5.50003e-32
-9.04194e-32
-1.58722e-31
-2.07729e-31
-2.09267e-31
-1.72376e-31
-1.0073e-31
-5.05662e-32
-3.63841e-32
-6.46842e-32
-1.31237e-31
-1.86347e-31
-2.21902e-31
-2.13271e-31
-1.65218e-31
-1.08836e-31
-5.18288e-32
-2.76822e-32
-3.50467e-32
-6.53703e-32
-1.12638e-31
-1.48907e-31
-1.7174e-31
-1.74064e-31
-1.54932e-31
-1.26893e-31
-8.9807e-32
-5.44087e-32
-3.01867e-32
-2.11604e-32
-3.77941e-32
-7.48031e-32
-1.18342e-31
-1.51948e-31
-1.51896e-31
-1.14536e-31
-5.29001e-32
8.04377e-33
3.30252e-32
8.70444e-33
-5.47069e-32
-1.25347e-31
-1.57701e-31
-1.26528e-31
-3.84705e-32
7.02227e-32
1.43067e-31
1.39636e-31
5.99393e-32
-6.196e-32
-1.59115e-31
-1.7609e-31
-1.00695e-31
4.43427e-32
1.87584e-31
2.65741e-31
2.509e-31
1.48141e-31
2.28672e-32
-6.53176e-32
-7.44432e-32
8.02345e-33
1.33899e-31
2.57342e-31
3.29834e-31
3.27149e-31
2.73913e-31
1.99193e-31
1.48124e-31
1.49432e-31
2.00371e-31
2.83936e-31
3.65845e-31
4.17104e-31
4.28328e-31
4.13789e-31
3.97674e-31
4.10535e-31
4.63123e-31
5.36654e-31
6.09163e-31
6.44594e-31
6.35511e-31
6.06531e-31
5.85443e-31
6.1586e-31
7.05552e-31
8.28725e-31
9.52829e-31
1.03108e-30
1.05118e-30
1.03562e-30
1.01207e-30
1.02262e-30
1.08169e-30
1.17164e-30
1.27996e-30
1.37595e-30
1.45283e-30
1.52465e-30
1.58875e-30
1.66337e-30
1.74159e-30
1.81376e-30
1.89014e-30
1.96296e-30
2.04867e-30
2.1491e-30
2.25291e-30
2.35922e-30
2.45477e-30
2.55057e-30
2.66306e-30
2.80411e-30
2.97551e-30
3.15363e-30
3.30736e-30
3.41239e-30
3.47636e-30
3.5312e-30
3.62863e-30
3.80368e-30
4.04997e-30
4.33402e-30
4.58973e-30
4.77888e-30
4.89904e-30
4.98251e-30
5.09682e-30
5.27649e-30
5.53339e-30
5.8369e-30
6.13145e-30
6.39099e-30
6.60177e-30
6.79477e-30
7.00927e-30
7.26331e-30
7.56584e-30
7.88501e-30
8.19566e-30
8.48569e-30
8.75468e-30
9.03656e-30
9.34902e-30
9.70338e-30
1.00936e-29
1.04848e-29
1.0863e-29
1.1214e-29
1.15492e-29
1.19041e-29
1.22931e-29
1.27385e-29
1.32246e-29
1.37192e-29
1.42026e-29
1.46425e-29
1.50569e-29
1.54705e-29
1.5914e-29
1.64295e-29
1.70051e-29
1.76276e-29
1.82534e-29
1.883e-29
1.93424e-29
1.97934e-29
2.01862e-29
2.07395e-29
2.14024e-29
2.28925e-29
2.54463e-29
2.91929e-29
3.6201e-29
3.90158e-29
4.1935e-29
2.49955e-29
-1.76228e-29
-6.88624e-29
-1.74318e-28
-1.64819e-28
-1.03884e-28
1.84281e-28
8.28659e-28
1.19417e-27
1.83681e-27
1.07536e-27
-7.42352e-28
-3.01749e-27
-7.52372e-27
-7.19396e-27
-5.91147e-27
1.76805e-27
1.68962e-26
2.2688e-26
3.30689e-26
1.66686e-26
-1.35907e-26
-4.09868e-26
-9.0475e-26
-7.13017e-26
-4.2174e-26
3.15911e-26
1.54646e-25
1.62756e-25
1.92019e-25
5.43325e-26
-1.45579e-25
-2.41541e-25
-4.15689e-25
-2.36502e-25
-3.16217e-26
2.19176e-25
5.89217e-25
4.55178e-25
3.83056e-25
-3.70622e-26
-5.4398e-25
-5.80027e-25
-7.5423e-25
-2.54556e-25
2.2365e-25
5.0687e-25
9.15315e-25
5.06881e-25
2.23666e-25
-2.54542e-25
-7.54225e-25
-5.80033e-25
-5.43992e-25
-3.70763e-26
3.83047e-25
4.55176e-25
5.89221e-25
2.19183e-25
-3.1616e-26
-2.365e-25
-4.15691e-25
-2.41546e-25
-1.45584e-25
5.43288e-26
1.92017e-25
1.62756e-25
1.54646e-25
3.15913e-26
-4.21744e-26
-7.13025e-26
-9.04758e-26
-4.09879e-26
-1.35915e-26
1.66676e-26
3.30679e-26
2.2687e-26
1.68952e-26
1.76725e-27
-5.91218e-27
-7.19458e-27
-7.52429e-27
-3.01809e-27
-7.42968e-28
1.07469e-27
1.83611e-27
1.19346e-27
8.27961e-28
1.83655e-28
-1.04429e-28
-1.65263e-28
-1.74695e-28
-6.92387e-29
-1.80432e-29
2.44696e-29
4.1327e-29
3.83757e-29
3.56025e-29
2.87228e-29
2.51132e-29
2.26801e-29
2.12382e-29
2.05353e-29
1.98982e-29
1.93954e-29
1.8869e-29
1.83416e-29
1.78044e-29
1.72771e-29
1.67687e-29
1.62933e-29
1.58434e-29
1.53954e-29
1.49284e-29
1.44281e-29
1.39035e-29
1.33902e-29
1.29151e-29
1.2505e-29
1.2153e-29
1.18297e-29
1.15093e-29
1.11559e-29
1.07716e-29
1.03641e-29
9.95382e-30
9.57226e-30
9.2254e-30
8.92692e-30
8.66544e-30
8.42115e-30
8.17694e-30
7.90577e-30
7.60292e-30
7.27833e-30
6.95451e-30
6.66571e-30
6.4344e-30
6.25429e-30
6.10675e-30
5.94856e-30
5.74469e-30
5.49611e-30
5.20953e-30
4.93612e-30
4.71207e-30
4.54783e-30
4.44805e-30
4.36078e-30
4.25519e-30
4.10388e-30
3.89376e-30
3.66433e-30
3.44111e-30
3.26567e-30
3.15963e-30
3.10479e-30
3.077e-30
3.02687e-30
2.91752e-30
2.74356e-30
2.52509e-30
2.3123e-30
2.1602e-30
2.09342e-30
2.10381e-30
2.14428e-30
2.14965e-30
2.08064e-30
1.9278e-30
1.72961e-30
1.5437e-30
1.41793e-30
1.37313e-30
1.38651e-30
1.42053e-30
1.42705e-30
1.38622e-30
1.29873e-30
1.18285e-30
1.07471e-30
9.85711e-31
9.35274e-31
9.13129e-31
9.04383e-31
9.00624e-31
8.72679e-31
8.30988e-31
7.68928e-31
7.03125e-31
6.59304e-31
6.27744e-31
6.26099e-31
6.22433e-31
6.0061e-31
5.62015e-31
4.9085e-31
4.30557e-31
3.90162e-31
3.81533e-31
4.1153e-31
4.36136e-31
4.4815e-31
4.25396e-31
3.69004e-31
3.12536e-31
2.60592e-31
2.34199e-31
2.25272e-31
2.13691e-31
2.03824e-31
1.88904e-31
1.89708e-31
2.19567e-31
2.61774e-31
3.01753e-31
2.95039e-31
2.23027e-31
1.06823e-31
-2.14493e-32
-8.79187e-32
-5.92765e-32
5.57982e-32
2.19275e-31
3.34684e-31
3.51648e-31
2.50296e-31
6.13922e-32
-1.13811e-31
-2.12429e-31
-1.79965e-31
-3.11775e-32
1.47908e-31
2.89814e-31
3.11612e-31
2.09995e-31
4.14673e-32
-1.30236e-31
-2.0943e-31
-1.78774e-31
-6.06604e-32
9.19925e-32
1.90113e-31
2.10293e-31
1.45211e-31
3.20938e-32
-6.43998e-32
-1.24422e-31
-1.22577e-31
-7.99532e-32
-2.60648e-32
2.98651e-32
6.08428e-32
7.69559e-32
7.47863e-32
5.29051e-32
2.40433e-32
-1.82715e-32
-5.51155e-32
-8.19355e-32
-9.19564e-32
-7.90733e-32
-5.35815e-32
-1.4956e-32
2.1775e-32
5.35728e-32
6.83393e-32
5.98693e-32
3.17598e-32
-1.90666e-32
-6.54974e-32
-1.02904e-31
-1.12986e-31
-8.94685e-32
-5.41653e-32
-3.12587e-33
3.20269e-32
4.9361e-32
5.13652e-32
2.54689e-32
-2.27651e-33
-4.00714e-32
-7.36275e-32
-8.82572e-32
-9.1599e-32
-6.5876e-32
-2.89681e-32
1.01232e-32
4.16151e-32
4.47794e-32
2.89296e-32
-6.333e-33
-4.51164e-32
-7.17076e-32
-8.28421e-32
-7.09533e-32
-4.49058e-32
-1.2412e-32
1.54195e-32
2.88047e-32
2.31001e-32
2.9551e-33
-2.17419e-32
-4.06567e-32
-4.07289e-32
-3.20067e-32
-1.80574e-32
-1.34742e-32
-2.62844e-32
-3.71539e-32
-4.38239e-32
-2.34693e-32
1.61449e-32
4.97311e-32
6.41094e-32
2.97616e-32
-3.13763e-32
-9.3364e-32
-1.2322e-31
-9.0779e-32
-1.96475e-32
6.54154e-32
1.14108e-31
1.00179e-31
3.62225e-32
-5.29751e-32
-1.11313e-31
-1.16411e-31
-6.576e-32
1.47567e-32
7.46982e-32
9.28554e-32
5.57409e-32
-1.00645e-32
-6.46405e-32
-8.49438e-32
-5.25824e-32
6.9657e-33
6.27071e-32
8.76352e-32
6.06833e-32
2.93121e-33
-6.09914e-32
-1.00149e-31
-8.8829e-32
-3.91281e-32
3.25377e-32
9.53877e-32
1.18087e-31
1.00619e-31
4.48493e-32
-2.65485e-32
-8.24388e-32
-1.13245e-31
-1.0191e-31
-5.57068e-32
7.17296e-33
7.66708e-32
1.22161e-31
1.3458e-31
1.07539e-31
4.07244e-32
-3.71915e-32
-1.07367e-31
-1.38163e-31
-1.12497e-31
-4.0908e-32
5.79705e-32
1.39057e-31
1.6931e-31
1.35301e-31
4.69075e-32
-5.2784e-32
-1.2112e-31
-1.26866e-31
-6.64804e-32
2.78769e-32
1.12513e-31
1.4853e-31
1.18174e-31
4.24668e-32
-4.20515e-32
-9.46098e-32
-8.56512e-32
-2.8336e-32
5.41736e-32
1.19544e-31
1.31749e-31
9.76206e-32
2.37032e-32
-4.47069e-32
-7.31567e-32
-6.04456e-32
1.91389e-33
6.69635e-32
1.0991e-31
1.18511e-31
7.61434e-32
2.50281e-32
-2.32412e-32
-4.55889e-32
-2.59775e-32
7.15904e-33
5.22687e-32
8.30302e-32
8.86244e-32
8.05039e-32
5.61076e-32
3.4104e-32
2.10212e-32
1.37809e-32
1.58065e-32
1.82326e-32
1.64065e-32
1.75596e-32
1.76493e-32
2.74325e-32
5.02374e-32
7.4134e-32
1.03272e-31
1.11814e-31
9.78233e-32
6.26792e-32
4.58913e-33
-3.90919e-32
-6.49343e-32
-5.01069e-32
3.35834e-33
6.74764e-32
1.30749e-31
1.54275e-31
1.39052e-31
8.7204e-32
2.35182e-32
-2.55354e-32
-4.60952e-32
-2.48505e-32
5.82067e-33
5.457e-32
7.49412e-32
7.55581e-32
6.8521e-32
2.36826e-32
1.42587e-32
-1.82474e-32
-2.44856e-32
-4.59654e-33
)
;

boundaryField
{
    left
    {
        type            calculated;
        value           uniform 0;
    }
    right
    {
        type            calculated;
        value           uniform 0;
    }
    empty
    {
        type            empty;
        value           nonuniform List<scalar> 0();
    }
}


// ************************************************************************* //
