/*--------------------------------*- C++ -*----------------------------------*\
| =========                 |                                                 |
| \\      /  F ield         | OpenFOAM: The Open Source CFD Toolbox           |
|  \\    /   O peration     | Version:  2106                                  |
|   \\  /    A nd           | Website:  www.openfoam.com                      |
|    \\/     M anipulation  |                                                 |
\*---------------------------------------------------------------------------*/
FoamFile
{
    version     2.0;
    format      ascii;
    arch        "LSB;label=32;scalar=64";
    class       surfaceScalarField;
    location    "0.156";
    object      phi;
}
// * * * * * * * * * * * * * * * * * * * * * * * * * * * * * * * * * * * * * //

dimensions      [0 3 -1 0 0 0 0];

oriented        oriented;

internalField   nonuniform List<scalar> 
799
(
1.584e-32
4.16744e-32
5.28638e-32
4.00187e-32
1.27764e-32
-5.60416e-32
-1.17595e-31
-1.65639e-31
-1.77844e-31
-1.42231e-31
-8.85766e-32
-2.84379e-32
7.90379e-33
1.55177e-32
-8.19141e-33
-4.9538e-32
-1.02541e-31
-1.57001e-31
-1.99066e-31
-2.28772e-31
-2.22325e-31
-1.87893e-31
-1.28366e-31
-5.92208e-32
-2.02403e-32
-1.27363e-32
-5.59848e-32
-1.28178e-31
-1.9603e-31
-2.50171e-31
-2.54554e-31
-2.28776e-31
-1.83953e-31
-1.30401e-31
-1.06994e-31
-9.7382e-32
-1.16031e-31
-1.55366e-31
-1.86663e-31
-2.24758e-31
-2.35106e-31
-2.23981e-31
-2.01849e-31
-1.56443e-31
-1.32485e-31
-1.23439e-31
-1.40572e-31
-1.90728e-31
-2.31853e-31
-2.69286e-31
-2.72331e-31
-2.39576e-31
-1.97453e-31
-1.44176e-31
-1.20756e-31
-1.27876e-31
-1.61911e-31
-2.21903e-31
-2.6818e-31
-2.94171e-31
-2.81816e-31
-2.29449e-31
-1.68102e-31
-1.13901e-31
-1.0179e-31
-1.43209e-31
-2.17651e-31
-3.01793e-31
-3.47815e-31
-3.30866e-31
-2.60022e-31
-1.58779e-31
-8.28124e-32
-6.67199e-32
-1.14208e-31
-2.0836e-31
-2.95212e-31
-3.40149e-31
-3.28913e-31
-2.69904e-31
-2.03872e-31
-1.5505e-31
-1.39843e-31
-1.54982e-31
-1.79209e-31
-2.05241e-31
-2.24879e-31
-2.43063e-31
-2.6339e-31
-2.75659e-31
-2.73681e-31
-2.42529e-31
-1.89927e-31
-1.36466e-31
-1.03735e-31
-1.22545e-31
-1.81043e-31
-2.62712e-31
-3.31951e-31
-3.45181e-31
-3.09756e-31
-2.23825e-31
-1.32827e-31
-7.9407e-32
-7.01806e-32
-1.2792e-31
-2.06963e-31
-2.80514e-31
-3.24199e-31
-3.06944e-31
-2.62841e-31
-1.99809e-31
-1.52883e-31
-1.44014e-31
-1.55157e-31
-1.85475e-31
-2.02006e-31
-1.99189e-31
-1.86125e-31
-1.71898e-31
-1.81475e-31
-2.11616e-31
-2.52786e-31
-2.83234e-31
-2.81428e-31
-2.46363e-31
-1.86593e-31
-1.2672e-31
-8.84829e-32
-8.2688e-32
-1.12189e-31
-1.6411e-31
-2.24606e-31
-2.79452e-31
-3.10832e-31
-3.13068e-31
-2.78841e-31
-2.14174e-31
-1.3989e-31
-7.45524e-32
-4.86891e-32
-7.06592e-32
-1.33254e-31
-2.16819e-31
-2.81011e-31
-3.06838e-31
-2.82657e-31
-2.21702e-31
-1.5824e-31
-1.14175e-31
-1.12607e-31
-1.46369e-31
-1.92533e-31
-2.28755e-31
-2.28378e-31
-1.94537e-31
-1.42755e-31
-1.00016e-31
-9.61415e-32
-1.35074e-31
-2.05028e-31
-2.70661e-31
-2.9634e-31
-2.6412e-31
-1.82552e-31
-9.17597e-32
-3.21743e-32
-3.85314e-32
-1.03407e-31
-1.91666e-31
-2.6066e-31
-2.65696e-31
-2.1736e-31
-1.37856e-31
-7.30469e-32
-6.44103e-32
-9.80483e-32
-1.64488e-31
-2.11546e-31
-2.11046e-31
-1.72024e-31
-9.81502e-32
-4.56566e-32
-2.90451e-32
-5.48017e-32
-1.18699e-31
-1.71036e-31
-2.03696e-31
-1.92045e-31
-1.4084e-31
-8.11659e-32
-2.07154e-32
7.02062e-33
3.39257e-33
-2.30322e-32
-6.62354e-32
-9.82666e-32
-1.16685e-31
-1.1441e-31
-9.04892e-32
-5.74589e-32
-1.51795e-32
2.56257e-32
5.54728e-32
7.03521e-32
5.98082e-32
2.913e-32
-7.82409e-33
-3.45847e-32
-2.74204e-32
1.73304e-32
8.66468e-32
1.55568e-31
1.8883e-31
1.73108e-31
1.18615e-31
5.7231e-32
3.44787e-32
7.5604e-32
1.73981e-31
2.93371e-31
3.77303e-31
3.85358e-31
3.17553e-31
2.07971e-31
1.23566e-31
1.1979e-31
2.08834e-31
3.67993e-31
5.25839e-31
6.19095e-31
6.19859e-31
5.33225e-31
4.2461e-31
3.5363e-31
3.62269e-31
4.63072e-31
6.07868e-31
7.50833e-31
8.43461e-31
8.61538e-31
8.29705e-31
7.77043e-31
7.48699e-31
7.73417e-31
8.48462e-31
9.56844e-31
1.06429e-30
1.14184e-30
1.18009e-30
1.19336e-30
1.20582e-30
1.24805e-30
1.33083e-30
1.43536e-30
1.53972e-30
1.60784e-30
1.6323e-30
1.63775e-30
1.65197e-30
1.7186e-30
1.84541e-30
2.00663e-30
2.16972e-30
2.2879e-30
2.34889e-30
2.3752e-30
2.39449e-30
2.44888e-30
2.55278e-30
2.68858e-30
2.84376e-30
2.98766e-30
3.11347e-30
3.23528e-30
3.35041e-30
3.47712e-30
3.6085e-30
3.73491e-30
3.86659e-30
3.99578e-30
4.13897e-30
4.29794e-30
4.46139e-30
4.62843e-30
4.78581e-30
4.94452e-30
5.12102e-30
5.32717e-30
5.56475e-30
5.81014e-30
6.03222e-30
6.20667e-30
6.34114e-30
6.46753e-30
6.63758e-30
6.8863e-30
7.20728e-30
7.56706e-30
7.89951e-30
8.16642e-30
8.36532e-30
8.52852e-30
8.72351e-30
8.98482e-30
9.32427e-30
9.71126e-30
1.00902e-29
1.04349e-29
1.07318e-29
1.10117e-29
1.13139e-29
1.16565e-29
1.20482e-29
1.24574e-29
1.28587e-29
1.32401e-29
1.36011e-29
1.39755e-29
1.43812e-29
1.48292e-29
1.53137e-29
1.57996e-29
1.6273e-29
1.67195e-29
1.71507e-29
1.76018e-29
1.80873e-29
1.86296e-29
1.92126e-29
1.98044e-29
2.03851e-29
2.09224e-29
2.14342e-29
2.19452e-29
2.2486e-29
2.30989e-29
2.37715e-29
2.44909e-29
2.52135e-29
2.58864e-29
2.64948e-29
2.70415e-29
2.75296e-29
2.81775e-29
2.89346e-29
3.05183e-29
3.31651e-29
3.7004e-29
4.41036e-29
4.70092e-29
5.00183e-29
3.31678e-29
-9.36248e-30
-6.05151e-29
-1.65885e-28
-1.563e-28
-9.52817e-29
1.92965e-28
8.37425e-28
1.20302e-27
1.84574e-27
1.08436e-27
-7.33274e-28
-3.00834e-27
-7.5145e-27
-7.18466e-27
-5.9021e-27
1.77749e-27
1.69057e-26
2.26976e-26
3.30786e-26
1.66783e-26
-1.35809e-26
-4.0977e-26
-9.04651e-26
-7.12918e-26
-4.21641e-26
3.16011e-26
1.54656e-25
1.62767e-25
1.92029e-25
5.43427e-26
-1.45569e-25
-2.41531e-25
-4.15679e-25
-2.36492e-25
-3.16113e-26
2.19186e-25
5.89227e-25
4.55188e-25
3.83067e-25
-3.70517e-26
-5.4397e-25
-5.80017e-25
-7.5422e-25
-2.54546e-25
2.23661e-25
5.06881e-25
9.15325e-25
5.06891e-25
2.23676e-25
-2.54532e-25
-7.54215e-25
-5.80022e-25
-5.43982e-25
-3.70658e-26
3.83058e-25
4.55187e-25
5.89232e-25
2.19194e-25
-3.16056e-26
-2.3649e-25
-4.15681e-25
-2.41536e-25
-1.45573e-25
5.4339e-26
1.92027e-25
1.62766e-25
1.54656e-25
3.16013e-26
-4.21644e-26
-7.12926e-26
-9.04659e-26
-4.09781e-26
-1.35818e-26
1.66772e-26
3.30775e-26
2.26965e-26
1.69047e-26
1.77664e-27
-5.90286e-27
-7.18533e-27
-7.51512e-27
-3.00898e-27
-7.33939e-28
1.08364e-27
1.84498e-27
1.20226e-27
8.36676e-28
1.92289e-28
-9.58787e-29
-1.56797e-28
-1.66315e-28
-6.09446e-29
-9.83658e-30
3.25879e-29
4.93559e-29
4.63145e-29
4.34503e-29
3.64789e-29
3.27769e-29
3.02507e-29
2.87152e-29
2.79181e-29
2.71862e-29
2.65883e-29
2.59663e-29
2.5343e-29
2.47097e-29
2.40858e-29
2.34808e-29
2.29086e-29
2.23617e-29
2.18168e-29
2.12527e-29
2.06554e-29
2.00339e-29
1.94237e-29
1.8852e-29
1.83454e-29
1.78972e-29
1.7478e-29
1.7062e-29
1.66133e-29
1.61342e-29
1.56322e-29
1.51279e-29
1.46529e-29
1.42131e-29
1.38222e-29
1.3469e-29
1.31335e-29
1.27988e-29
1.24379e-29
1.2046e-29
1.1633e-29
1.12216e-29
1.08461e-29
1.05288e-29
1.02636e-29
1.00318e-29
9.79019e-30
9.50384e-30
9.17371e-30
8.8065e-30
8.45342e-30
8.15066e-30
7.90871e-30
7.7322e-30
7.56922e-30
7.38893e-30
7.16395e-30
6.8812e-30
6.58019e-30
6.28645e-30
6.04154e-30
5.8671e-30
5.74494e-30
5.6509e-30
5.5356e-30
5.36216e-30
5.1252e-30
4.84482e-30
4.57119e-30
4.35934e-30
4.2339e-30
4.1867e-30
4.17066e-30
4.1206e-30
3.99722e-30
3.79108e-30
3.54066e-30
3.30356e-30
3.12765e-30
3.03376e-30
2.99908e-30
2.98607e-30
2.94656e-30
2.86071e-30
2.72921e-30
2.57031e-30
2.42012e-30
2.29004e-30
2.19949e-30
2.13816e-30
2.09118e-30
2.0501e-30
1.98575e-30
1.90856e-30
1.81187e-30
1.71232e-30
1.63562e-30
1.57202e-30
1.53917e-30
1.50512e-30
1.45372e-30
1.38635e-30
1.28719e-30
1.19967e-30
1.1328e-30
1.09843e-30
1.10342e-30
1.10373e-30
1.09214e-30
1.04646e-30
9.67823e-31
8.89765e-31
8.16871e-31
7.70156e-31
7.41525e-31
7.10845e-31
6.82462e-31
6.49606e-31
6.33033e-31
6.46064e-31
6.7198e-31
6.9619e-31
6.74218e-31
5.87446e-31
4.56966e-31
3.14888e-31
2.35076e-31
2.50828e-31
3.53449e-31
5.04899e-31
6.08692e-31
6.14439e-31
5.02263e-31
3.02921e-31
1.17645e-31
9.31217e-33
3.24121e-32
1.72172e-31
3.42564e-31
4.76091e-31
4.8982e-31
3.80436e-31
2.04432e-31
2.55336e-32
-6.0584e-32
-3.65897e-32
7.51259e-32
2.21623e-31
3.1383e-31
3.28326e-31
2.57783e-31
1.39425e-31
3.78957e-32
-2.69562e-32
-2.97494e-32
8.42745e-33
5.80502e-32
1.09892e-31
1.36958e-31
1.49319e-31
1.4356e-31
1.18233e-31
8.60785e-32
4.06108e-32
7.49777e-34
-2.89559e-32
-4.17351e-32
-3.14859e-32
-8.50719e-33
2.77176e-32
6.21474e-32
9.17465e-32
1.04414e-31
9.39448e-32
6.39273e-32
1.12831e-32
-3.68801e-32
-7.59377e-32
-8.75877e-32
-6.55644e-32
-3.16846e-32
1.79977e-32
5.18617e-32
6.79658e-32
6.88038e-32
4.1801e-32
1.30106e-32
-2.57789e-32
-6.0279e-32
-7.58064e-32
-7.99953e-32
-5.50797e-32
-1.89324e-32
1.94399e-32
5.02517e-32
5.27667e-32
3.63108e-32
4.81482e-34
-3.88331e-32
-6.59238e-32
-7.75247e-32
-6.60722e-32
-4.0437e-32
-8.32424e-33
1.9151e-32
3.22022e-32
2.6187e-32
5.75071e-33
-1.92112e-32
-3.83696e-32
-3.86645e-32
-3.0153e-32
-1.63999e-32
-1.19925e-32
-2.49619e-32
-3.59773e-32
-4.27842e-32
-2.25544e-32
1.69491e-32
5.04308e-32
6.47173e-32
3.02868e-32
-3.09201e-32
-9.29698e-32
-1.22882e-31
-9.04886e-32
-1.93962e-32
6.56351e-32
1.14311e-31
1.0037e-31
3.64076e-32
-5.279e-32
-1.11117e-31
-1.162e-31
-6.55313e-32
1.50102e-32
7.49811e-32
9.31729e-32
5.60972e-32
-9.66576e-33
-6.41937e-32
-8.4443e-32
-5.20257e-32
7.5784e-33
6.33781e-32
8.837e-32
6.14823e-32
3.79186e-33
-6.00657e-32
-9.91561e-32
-8.7766e-32
-3.79984e-32
3.37354e-32
9.66531e-32
1.19421e-31
1.0202e-31
4.63156e-32
-2.50123e-32
-8.08334e-32
-1.11572e-31
-1.00166e-31
-5.38937e-32
9.05436e-33
7.86186e-32
1.24171e-31
1.36652e-31
1.09671e-31
4.29174e-32
-3.49391e-32
-1.05053e-31
-1.35789e-31
-1.1007e-31
-3.84253e-32
6.05103e-32
1.41648e-31
1.71955e-31
1.38e-31
4.96562e-32
-4.99929e-32
-1.18285e-31
-1.23982e-31
-6.35512e-32
3.08509e-32
1.15529e-31
1.51586e-31
1.21267e-31
4.55949e-32
-3.88887e-32
-9.14185e-32
-8.24298e-32
-2.50905e-32
5.74409e-32
1.22831e-31
1.35053e-31
1.00944e-31
2.70383e-32
-4.1363e-32
-6.98029e-32
-5.70873e-32
5.27825e-33
7.03291e-32
1.13269e-31
1.21865e-31
7.94882e-32
2.83593e-32
-1.9919e-32
-4.22854e-32
-2.26959e-32
1.04211e-32
5.55074e-32
8.62486e-32
9.18142e-32
8.36636e-32
5.92331e-32
3.719e-32
2.40651e-32
1.67782e-32
1.87566e-32
2.11336e-32
1.92533e-32
2.03498e-32
2.03795e-32
3.00987e-32
5.28337e-32
7.66573e-32
1.05719e-31
1.14181e-31
1.00107e-31
6.4876e-32
6.69787e-33
-3.70696e-32
-6.29986e-32
-4.82556e-32
5.12628e-33
6.91642e-32
1.32354e-31
1.55794e-31
1.40485e-31
8.85499e-32
2.4776e-32
-2.43666e-32
-4.50156e-32
-2.3865e-32
6.71217e-33
5.53705e-32
7.56454e-32
7.61675e-32
6.90356e-32
2.41063e-32
1.45957e-32
-1.79962e-32
-2.43196e-32
-4.5135e-33
)
;

boundaryField
{
    left
    {
        type            calculated;
        value           uniform 0;
    }
    right
    {
        type            calculated;
        value           uniform 0;
    }
    empty
    {
        type            empty;
        value           nonuniform List<scalar> 0();
    }
}


// ************************************************************************* //
