/*--------------------------------*- C++ -*----------------------------------*\
| =========                 |                                                 |
| \\      /  F ield         | OpenFOAM: The Open Source CFD Toolbox           |
|  \\    /   O peration     | Version:  2106                                  |
|   \\  /    A nd           | Website:  www.openfoam.com                      |
|    \\/     M anipulation  |                                                 |
\*---------------------------------------------------------------------------*/
FoamFile
{
    version     2.0;
    format      ascii;
    arch        "LSB;label=32;scalar=64";
    class       surfaceScalarField;
    location    "0.103";
    object      phi;
}
// * * * * * * * * * * * * * * * * * * * * * * * * * * * * * * * * * * * * * //

dimensions      [0 3 -1 0 0 0 0];

oriented        oriented;

internalField   nonuniform List<scalar> 
799
(
1.69715e-32
4.39349e-32
5.62597e-32
4.45477e-32
1.84314e-32
-4.92632e-32
-1.0969e-31
-1.56611e-31
-1.67699e-31
-1.30972e-31
-7.62066e-32
-1.49616e-32
2.2484e-32
3.11985e-32
8.58468e-33
-3.16726e-32
-8.35929e-32
-1.36976e-31
-1.77977e-31
-2.06625e-31
-1.99126e-31
-1.63653e-31
-1.03093e-31
-3.29259e-32
7.06876e-33
1.55812e-32
-2.66666e-32
-9.78718e-32
-1.64744e-31
-2.17913e-31
-2.21337e-31
-1.94614e-31
-1.48853e-31
-9.43766e-32
-7.00573e-32
-5.95441e-32
-7.73043e-32
-1.15761e-31
-1.46195e-31
-1.83439e-31
-1.92951e-31
-1.81005e-31
-1.58063e-31
-1.1186e-31
-8.71153e-32
-7.7296e-32
-9.36698e-32
-1.43081e-31
-1.83475e-31
-2.20189e-31
-2.2253e-31
-1.89083e-31
-1.46284e-31
-9.2345e-32
-6.82774e-32
-7.47629e-32
-1.08179e-31
-1.67564e-31
-2.13249e-31
-2.38663e-31
-2.25748e-31
-1.72836e-31
-1.10955e-31
-5.6236e-32
-4.36193e-32
-8.45498e-32
-1.58516e-31
-2.42192e-31
-2.87761e-31
-2.70373e-31
-1.99107e-31
-9.74543e-32
-2.10908e-32
-4.61772e-33
-5.17323e-32
-1.45528e-31
-2.32035e-31
-2.76648e-31
-2.65097e-31
-2.05784e-31
-1.39463e-31
-9.03634e-32
-7.48905e-32
-8.97754e-32
-1.13761e-31
-1.39562e-31
-1.58981e-31
-1.76956e-31
-1.97087e-31
-2.09173e-31
-2.07022e-31
-1.75708e-31
-1.22956e-31
-6.93515e-32
-3.64919e-32
-5.51824e-32
-1.13576e-31
-1.9515e-31
-2.64305e-31
-2.77454e-31
-2.41966e-31
-1.55976e-31
-6.49287e-32
-1.14698e-32
-2.20955e-33
-5.99299e-32
-1.38965e-31
-2.12517e-31
-2.56213e-31
-2.38978e-31
-1.94904e-31
-1.31905e-31
-8.50298e-32
-7.62157e-32
-8.74318e-32
-1.17828e-31
-1.34448e-31
-1.31729e-31
-1.18772e-31
-1.04663e-31
-1.14368e-31
-1.44647e-31
-1.85965e-31
-2.16571e-31
-2.14935e-31
-1.80049e-31
-1.20472e-31
-6.08022e-32
-2.27814e-32
-1.72164e-32
-4.69586e-32
-9.91342e-32
-1.59895e-31
-2.15024e-31
-2.46698e-31
-2.49246e-31
-2.15346e-31
-1.51024e-31
-7.70998e-32
-1.21407e-32
1.33268e-32
-9.06043e-33
-7.20943e-32
-1.56118e-31
-2.20791e-31
-2.47122e-31
-2.23465e-31
-1.63057e-31
-1.00172e-31
-5.67081e-32
-5.57762e-32
-9.02027e-32
-1.37062e-31
-1.74014e-31
-1.74396e-31
-1.41357e-31
-9.0419e-32
-4.8559e-32
-4.56054e-32
-8.55008e-32
-1.56468e-31
-2.23159e-31
-2.49945e-31
-2.18889e-31
-1.38545e-31
-4.9033e-32
9.21287e-33
1.45573e-33
-6.48918e-32
-1.54693e-31
-2.25299e-31
-2.32029e-31
-1.85469e-31
-1.07826e-31
-4.49644e-32
-3.83666e-32
-7.41453e-32
-1.42824e-31
-1.92227e-31
-1.94179e-31
-1.57722e-31
-8.65358e-32
-3.6856e-32
-2.31878e-32
-5.20257e-32
-1.1915e-31
-1.74856e-31
-2.11041e-31
-2.03076e-31
-1.5572e-31
-1.00082e-31
-4.38507e-32
-2.05232e-32
-2.87539e-32
-5.9992e-32
-1.08218e-31
-1.45496e-31
-1.69393e-31
-1.72837e-31
-1.54884e-31
-1.28084e-31
-9.23009e-32
-5.82774e-32
-3.5495e-32
-2.79817e-32
-4.62027e-32
-8.48821e-32
-1.30175e-31
-1.6562e-31
-1.67508e-31
-1.32176e-31
-7.26625e-32
-1.39495e-32
8.69377e-33
-1.80798e-32
-8.40638e-32
-1.57396e-31
-1.92572e-31
-1.64355e-31
-7.93889e-32
2.60648e-32
9.55216e-32
8.85506e-32
5.1481e-33
-1.20622e-31
-2.21819e-31
-2.43016e-31
-1.72036e-31
-3.16082e-32
1.06823e-31
1.79965e-31
1.5989e-31
5.16743e-32
-7.92865e-32
-1.73396e-31
-1.88693e-31
-1.12653e-31
6.53312e-33
1.23014e-31
1.88264e-31
1.78048e-31
1.16982e-31
3.41271e-32
-2.5395e-32
-3.28695e-32
8.95304e-33
8.30542e-32
1.55147e-31
1.9623e-31
1.96901e-31
1.7142e-31
1.43969e-31
1.45089e-31
1.85515e-31
2.46462e-31
3.05954e-31
3.27917e-31
3.04906e-31
2.61529e-31
2.25559e-31
2.40602e-31
3.1442e-31
4.21199e-31
5.28388e-31
5.8919e-31
5.913e-31
5.57202e-31
5.14539e-31
5.05406e-31
5.4419e-31
6.13275e-31
7.00111e-31
7.74011e-31
8.28172e-31
8.76642e-31
9.16737e-31
9.66697e-31
1.0196e-30
1.06578e-30
1.11549e-30
1.16095e-30
1.21862e-30
1.29028e-30
1.36462e-30
1.44075e-30
1.5054e-30
1.56956e-30
1.64968e-30
1.75763e-30
1.89519e-30
2.03871e-30
2.15711e-30
2.22604e-30
2.25317e-30
2.2704e-30
2.32947e-30
2.46541e-30
2.67182e-30
2.91525e-30
3.12957e-30
3.27658e-30
3.35386e-30
3.39371e-30
3.46366e-30
3.59823e-30
3.8093e-30
4.06626e-30
4.31354e-30
4.52511e-30
4.68722e-30
4.83086e-30
4.99534e-30
5.19868e-30
5.44987e-30
5.71706e-30
5.97511e-30
6.21193e-30
6.42711e-30
6.65461e-30
6.91213e-30
7.21102e-30
7.54523e-30
7.87993e-30
8.20123e-30
8.49473e-30
8.77217e-30
9.06876e-30
9.39909e-30
9.78557e-30
1.02123e-29
1.06472e-29
1.10707e-29
1.14505e-29
1.18045e-29
1.21576e-29
1.25403e-29
1.29951e-29
1.35097e-29
1.40712e-29
1.46361e-29
1.51516e-29
1.56031e-29
1.59932e-29
1.63253e-29
1.68179e-29
1.74204e-29
1.88502e-29
2.13441e-29
2.50311e-29
3.19799e-29
3.47358e-29
3.75965e-29
2.05989e-29
-2.2077e-29
-7.33737e-29
-1.78886e-28
-1.69442e-28
-1.08563e-28
1.79547e-28
8.23872e-28
1.18933e-27
1.83192e-27
1.07042e-27
-7.47347e-28
-3.02253e-27
-7.52881e-27
-7.1991e-27
-5.91665e-27
1.76282e-27
1.68909e-26
2.26827e-26
3.30636e-26
1.66632e-26
-1.35961e-26
-4.09923e-26
-9.04805e-26
-7.13073e-26
-4.21796e-26
3.15855e-26
1.5464e-25
1.62751e-25
1.92013e-25
5.43267e-26
-1.45585e-25
-2.41547e-25
-4.15695e-25
-2.36508e-25
-3.16276e-26
2.1917e-25
5.89211e-25
4.55172e-25
3.8305e-25
-3.70681e-26
-5.43986e-25
-5.80033e-25
-7.54236e-25
-2.54562e-25
2.23644e-25
5.06864e-25
9.15309e-25
5.06875e-25
2.2366e-25
-2.54548e-25
-7.54231e-25
-5.80039e-25
-5.43998e-25
-3.70822e-26
3.83041e-25
4.5517e-25
5.89215e-25
2.19177e-25
-3.16218e-26
-2.36506e-25
-4.15697e-25
-2.41552e-25
-1.45589e-25
5.43231e-26
1.92011e-25
1.62751e-25
1.5464e-25
3.15857e-26
-4.21799e-26
-7.1308e-26
-9.04812e-26
-4.09933e-26
-1.3597e-26
1.66622e-26
3.30626e-26
2.26817e-26
1.689e-26
1.76205e-27
-5.91733e-27
-7.19969e-27
-7.52935e-27
-3.0231e-27
-7.47928e-28
1.06978e-27
1.83125e-27
1.18866e-27
8.2321e-28
1.78958e-28
-1.09071e-28
-1.69849e-28
-1.79226e-28
-7.37122e-29
-2.24595e-29
2.01111e-29
3.70266e-29
3.41339e-29
3.14197e-29
2.45993e-29
2.10494e-29
1.86761e-29
1.72944e-29
1.66518e-29
1.60751e-29
1.56329e-29
1.51673e-29
1.47006e-29
1.42242e-29
1.37575e-29
1.33098e-29
1.2895e-29
1.25056e-29
1.21179e-29
1.17111e-29
1.12707e-29
1.08058e-29
1.03519e-29
9.93594e-30
9.58464e-30
9.29112e-30
9.02592e-30
8.76322e-30
8.46709e-30
8.13963e-30
7.78847e-30
7.43402e-30
7.10781e-30
6.81577e-30
6.57156e-30
6.36379e-30
6.17261e-30
5.98092e-30
5.76166e-30
5.5101e-30
5.23614e-30
4.96229e-30
4.72281e-30
4.54012e-30
4.40795e-30
4.30765e-30
4.19599e-30
4.03794e-30
3.83447e-30
3.59226e-30
3.36249e-30
3.18133e-30
3.05925e-30
3.00088e-30
2.95428e-30
2.8886e-30
2.77645e-30
2.60475e-30
2.41298e-30
2.22668e-30
2.0874e-30
2.01677e-30
1.9966e-30
2.00274e-30
1.9858e-30
1.90891e-30
1.76668e-30
1.57922e-30
1.39672e-30
1.27419e-30
1.23628e-30
1.27483e-30
1.34278e-30
1.37495e-30
1.33205e-30
1.20466e-30
1.03126e-30
8.69479e-31
7.67202e-31
7.45266e-31
7.80883e-31
8.36526e-31
8.64055e-31
8.43636e-31
7.75977e-31
6.79355e-31
5.899e-31
5.19038e-31
4.8619e-31
4.81093e-31
4.88878e-31
5.01138e-31
4.88712e-31
4.62048e-31
4.14532e-31
3.62804e-31
3.32596e-31
3.14197e-31
3.25276e-31
3.33909e-31
3.23974e-31
2.96859e-31
2.36775e-31
1.87177e-31
1.57096e-31
1.58419e-31
1.98007e-31
2.3186e-31
2.52787e-31
2.38613e-31
1.90481e-31
1.41965e-31
9.76747e-32
7.86399e-32
7.67904e-32
7.20147e-32
6.8688e-32
6.00514e-32
6.68852e-32
1.02535e-31
1.503e-31
1.95611e-31
1.94009e-31
1.26901e-31
1.53969e-32
-1.08377e-31
-1.70534e-31
-1.37758e-31
-1.87233e-32
1.48545e-31
2.67576e-31
2.88001e-31
1.89956e-31
4.21617e-33
-1.67963e-31
-2.63691e-31
-2.2847e-31
-7.70537e-32
1.04541e-31
2.48839e-31
2.72921e-31
1.73478e-31
7.02212e-33
-1.62709e-31
-2.40021e-31
-2.07576e-31
-8.7757e-32
6.65183e-32
1.66184e-31
1.87829e-31
1.24133e-31
1.2335e-32
-8.29053e-32
-1.41737e-31
-1.38761e-31
-9.50665e-32
-4.01624e-32
1.67278e-32
4.86222e-32
6.56073e-32
6.42629e-32
4.31527e-32
1.50253e-32
-2.65966e-32
-6.27867e-32
-8.8987e-32
-9.84252e-32
-8.49888e-32
-5.89741e-32
-1.98529e-32
1.73424e-32
4.95746e-32
6.47526e-32
5.66735e-32
2.89281e-32
-2.15522e-32
-6.76588e-32
-1.04759e-31
-1.14548e-31
-9.07617e-32
-5.52155e-32
-3.94966e-33
3.14167e-32
4.89472e-32
5.11334e-32
2.54012e-32
-2.18924e-33
-3.98472e-32
-7.3276e-32
-8.77908e-32
-9.10243e-32
-6.52055e-32
-2.82096e-32
1.09597e-32
4.25239e-32
4.57491e-32
2.99624e-32
-5.23988e-33
-4.39729e-32
-7.05184e-32
-8.16143e-32
-6.9693e-32
-4.36193e-32
-1.11024e-32
1.67496e-32
3.01498e-32
2.44531e-32
4.31529e-33
-2.03803e-32
-3.9292e-32
-3.93657e-32
-3.06501e-32
-1.67129e-32
-1.21454e-32
-2.49724e-32
-3.58599e-32
-4.25555e-32
-2.22264e-32
1.73606e-32
5.09153e-32
6.52589e-32
3.08766e-32
-3.03026e-32
-9.23318e-32
-1.22233e-31
-8.98364e-32
-1.87462e-32
6.62731e-32
1.14924e-31
1.0095e-31
3.69463e-32
-5.2301e-32
-1.10691e-31
-1.15844e-31
-6.52499e-32
1.52088e-32
7.5091e-32
9.31894e-32
5.60189e-32
-9.84481e-33
-6.44765e-32
-8.48342e-32
-5.25282e-32
6.9633e-33
6.26469e-32
8.75179e-32
6.05073e-32
2.69649e-33
-6.12839e-32
-1.00498e-31
-8.92345e-32
-3.95918e-32
3.20141e-32
9.48039e-32
1.17442e-31
9.99114e-32
4.4079e-32
-2.7376e-32
-8.33251e-32
-1.14188e-31
-1.02909e-31
-5.67623e-32
6.05831e-33
7.54965e-32
1.20928e-31
1.33289e-31
1.06191e-31
3.93228e-32
-3.86405e-32
-1.08867e-31
-1.39716e-31
-1.14101e-31
-4.25631e-32
5.62627e-32
1.37302e-31
1.67511e-31
1.33461e-31
4.50273e-32
-5.47054e-32
-1.23079e-31
-1.28861e-31
-6.85141e-32
2.58087e-32
1.10413e-31
1.46401e-31
1.16016e-31
4.0282e-32
-4.42648e-32
-9.68487e-32
-8.79119e-32
-3.06155e-32
5.18745e-32
1.17228e-31
1.29416e-31
9.52779e-32
2.13507e-32
-4.70686e-32
-7.55243e-32
-6.28169e-32
-4.60418e-34
6.45898e-32
1.07536e-31
1.16143e-31
7.37838e-32
2.26778e-32
-2.55836e-32
-4.79218e-32
-2.82946e-32
4.85996e-33
4.99839e-32
8.07657e-32
8.63772e-32
7.828e-32
5.39097e-32
3.19317e-32
1.88801e-32
1.16699e-32
1.37277e-32
1.61863e-32
1.43948e-32
1.55831e-32
1.57099e-32
2.55306e-32
4.83724e-32
7.23066e-32
1.01484e-31
1.10071e-31
9.61213e-32
6.10189e-32
2.97372e-33
-4.06567e-32
-6.64438e-32
-5.15574e-32
1.96806e-33
6.61463e-32
1.29479e-31
1.53066e-31
1.37906e-31
8.61222e-32
2.25025e-32
-2.64875e-32
-4.69807e-32
-2.56713e-32
5.06309e-33
5.38764e-32
7.43138e-32
7.49984e-32
6.80305e-32
2.32686e-32
1.39261e-32
-1.84942e-32
-2.46481e-32
-4.6772e-33
)
;

boundaryField
{
    left
    {
        type            calculated;
        value           uniform 0;
    }
    right
    {
        type            calculated;
        value           uniform 0;
    }
    empty
    {
        type            empty;
        value           nonuniform List<scalar> 0();
    }
}


// ************************************************************************* //
