/*--------------------------------*- C++ -*----------------------------------*\
| =========                 |                                                 |
| \\      /  F ield         | OpenFOAM: The Open Source CFD Toolbox           |
|  \\    /   O peration     | Version:  2106                                  |
|   \\  /    A nd           | Website:  www.openfoam.com                      |
|    \\/     M anipulation  |                                                 |
\*---------------------------------------------------------------------------*/
FoamFile
{
    version     2.0;
    format      ascii;
    arch        "LSB;label=32;scalar=64";
    class       surfaceScalarField;
    location    "0.035";
    object      phi;
}
// * * * * * * * * * * * * * * * * * * * * * * * * * * * * * * * * * * * * * //

dimensions      [0 3 -1 0 0 0 0];

oriented        oriented;

internalField   nonuniform List<scalar> 
799
(
1.92894e-32
4.85692e-32
6.32036e-32
5.37944e-32
2.99798e-32
-3.54206e-32
-9.35694e-32
-1.38225e-31
-1.4706e-31
-1.08096e-31
-5.11094e-32
1.23385e-32
5.19654e-32
6.284e-32
4.23625e-32
4.21589e-33
-4.5619e-32
-9.69435e-32
-1.35913e-31
-1.62556e-31
-1.53084e-31
-1.15671e-31
-5.32053e-32
1.88335e-32
6.06698e-32
7.09831e-32
3.05042e-32
-3.89715e-32
-1.04154e-31
-1.55677e-31
-1.57496e-31
-1.29201e-31
-8.19054e-32
-2.59335e-32
-1.60431e-34
1.17659e-32
-4.62195e-33
-4.17477e-32
-7.08908e-32
-1.06886e-31
-1.15184e-31
-1.02065e-31
-7.79941e-32
-3.07035e-32
-4.91178e-33
5.91471e-33
-9.48897e-33
-5.79705e-32
-9.74716e-32
-1.33333e-31
-1.3486e-31
-1.00634e-31
-5.70933e-32
-2.4479e-33
2.22902e-32
1.64398e-32
-1.63719e-32
-7.5191e-32
-1.20339e-31
-1.45251e-31
-1.31868e-31
-7.85147e-32
-1.62248e-32
3.8878e-32
5.18466e-32
1.12434e-32
-6.24272e-32
-1.45829e-31
-1.91153e-31
-1.73544e-31
-1.02078e-31
-2.47512e-34
7.62668e-32
9.2872e-32
4.58642e-32
-4.78419e-32
-1.34279e-31
-1.78841e-31
-1.67255e-31
-1.07926e-31
-4.16087e-32
7.47295e-33
2.29137e-32
7.97982e-33
-1.60662e-32
-4.19401e-32
-6.14507e-32
-7.95244e-32
-9.97662e-32
-1.11973e-31
-1.09954e-31
-7.87826e-32
-2.61836e-32
2.72594e-32
5.99491e-32
4.10825e-32
-1.7493e-32
-9.92568e-32
-1.68606e-31
-1.81963e-31
-1.46677e-31
-6.0897e-32
2.99354e-32
8.31723e-32
9.22069e-32
3.42601e-32
-4.50015e-32
-1.18784e-31
-1.62708e-31
-1.4571e-31
-1.01877e-31
-3.91213e-32
7.51564e-33
1.60905e-32
4.63728e-33
-2.59985e-32
-4.2858e-32
-4.03795e-32
-2.76617e-32
-1.37916e-32
-2.37337e-32
-5.42493e-32
-9.58022e-32
-1.26643e-31
-1.25241e-31
-9.05894e-32
-3.12407e-32
2.82028e-32
6.59974e-32
7.13408e-32
4.13766e-32
-1.10169e-32
-7.19997e-32
-1.27345e-31
-1.59237e-31
-1.61999e-31
-1.28313e-31
-6.42022e-32
9.51123e-33
7.42618e-32
9.95207e-32
7.69281e-32
1.36915e-32
-7.05344e-32
-1.35409e-31
-1.61942e-31
-1.38486e-31
-7.8283e-32
-1.56022e-32
2.76582e-32
2.83906e-32
-6.2367e-33
-5.3298e-32
-9.04495e-32
-9.10386e-32
-5.82052e-32
-7.46674e-33
3.41883e-32
3.69327e-32
-3.17327e-33
-7.43524e-32
-1.4126e-31
-1.68269e-31
-1.37438e-31
-5.73186e-32
3.19644e-32
8.9974e-32
8.19777e-32
1.53864e-32
-7.46629e-32
-1.45528e-31
-1.52523e-31
-1.06234e-31
-2.88657e-32
3.37128e-32
4.00142e-32
3.93424e-33
-6.50573e-32
-1.14786e-31
-1.1708e-31
-8.09782e-32
-1.01566e-32
3.91445e-32
5.24182e-32
2.31683e-32
-4.43822e-32
-1.00537e-31
-1.37189e-31
-1.2971e-31
-8.28722e-32
-2.77665e-32
2.79095e-32
5.06535e-32
4.18089e-32
9.92531e-33
-3.8979e-32
-7.69707e-32
-1.01618e-31
-1.05854e-31
-8.87368e-32
-6.28169e-32
-2.79628e-32
5.07843e-33
2.68208e-32
3.32358e-32
1.38514e-32
-2.60572e-32
-7.26482e-32
-1.09471e-31
-1.12811e-31
-7.90203e-32
-2.11444e-32
3.58388e-32
5.66509e-32
2.79367e-32
-4.0103e-32
-1.15612e-31
-1.53093e-31
-1.27323e-31
-4.49494e-32
5.77583e-32
1.24305e-31
1.1425e-31
2.75731e-32
-1.01663e-31
-2.06529e-31
-2.31617e-31
-1.6476e-31
-2.86926e-32
1.05121e-31
1.73371e-31
1.48119e-31
3.44263e-32
-1.02331e-31
-2.02573e-31
-2.24354e-31
-1.55175e-31
-4.32431e-32
6.55734e-32
1.22719e-31
1.03942e-31
3.38347e-32
-5.85691e-32
-1.28171e-31
-1.46279e-31
-1.15676e-31
-5.34084e-32
6.19984e-33
3.41175e-32
2.09099e-32
-1.91901e-32
-6.2042e-32
-7.71444e-32
-5.37876e-32
-1.08138e-32
2.97658e-32
3.1838e-32
-1.20927e-32
-7.74525e-32
-1.36528e-31
-1.45757e-31
-9.74295e-32
-1.74161e-32
6.16801e-32
9.30044e-32
6.41876e-32
-2.33453e-33
-7.89842e-32
-1.23741e-31
-1.22275e-31
-9.22716e-32
-4.63554e-32
-1.52793e-32
-5.92524e-33
-4.31472e-33
-1.32174e-32
-1.44663e-32
-1.50727e-32
-2.47753e-32
-3.34209e-32
-4.88755e-32
-5.47611e-32
-4.93805e-32
-4.41484e-32
-4.00571e-32
-5.04584e-32
-6.44623e-32
-6.57162e-32
-4.24615e-32
6.97661e-33
5.88699e-32
8.2013e-32
5.19655e-32
-2.372e-32
-1.13234e-31
-1.64951e-31
-1.43953e-31
-5.67367e-32
6.31339e-32
1.4944e-31
1.63867e-31
1.03884e-31
1.69723e-33
-7.52617e-32
-9.25541e-32
-3.84287e-32
5.64388e-32
1.36374e-31
1.75263e-31
1.59271e-31
1.19313e-31
9.46218e-32
1.03149e-31
1.53811e-31
2.14712e-31
2.60655e-31
2.79501e-31
2.70804e-31
2.68485e-31
2.90227e-31
3.47351e-31
4.33812e-31
5.14769e-31
5.76349e-31
6.04169e-31
6.09995e-31
6.29081e-31
6.76059e-31
7.73418e-31
9.0528e-31
1.03978e-30
1.1573e-30
1.22569e-30
1.26298e-30
1.2942e-30
1.35006e-30
1.47305e-30
1.65125e-30
1.87185e-30
2.09148e-30
2.25768e-30
2.35593e-30
2.38924e-30
2.3611e-30
2.49039e-30
2.72669e-30
3.7878e-30
5.91067e-30
9.22472e-30
1.57988e-29
1.81789e-29
2.06627e-29
3.2876e-30
-3.9766e-29
-9.14404e-29
-1.9733e-28
-1.88262e-28
-1.27758e-28
1.59979e-28
8.03932e-28
1.16902e-27
1.81124e-27
1.04938e-27
-7.68743e-28
-3.04428e-27
-7.55092e-27
-7.22154e-27
-5.93944e-27
1.7397e-27
1.68675e-26
2.26589e-26
3.30395e-26
1.66388e-26
-1.36208e-26
-4.10173e-26
-9.05058e-26
-7.13328e-26
-4.22054e-26
3.15594e-26
1.54614e-25
1.62724e-25
1.91986e-25
5.42998e-26
-1.45612e-25
-2.41574e-25
-4.15723e-25
-2.36536e-25
-3.16554e-26
2.19142e-25
5.89183e-25
4.55144e-25
3.83022e-25
-3.70966e-26
-5.44015e-25
-5.80062e-25
-7.54265e-25
-2.54591e-25
2.23615e-25
5.06835e-25
9.1528e-25
5.06846e-25
2.23631e-25
-2.54577e-25
-7.5426e-25
-5.80067e-25
-5.44027e-25
-3.71106e-26
3.83013e-25
4.55142e-25
5.89187e-25
2.19149e-25
-3.16496e-26
-2.36534e-25
-4.15725e-25
-2.41579e-25
-1.45616e-25
5.42963e-26
1.91985e-25
1.62724e-25
1.54614e-25
3.15599e-26
-4.22055e-26
-7.13333e-26
-9.05063e-26
-4.1018e-26
-1.36214e-26
1.66381e-26
3.30388e-26
2.26582e-26
1.68668e-26
1.73921e-27
-5.93983e-27
-7.22184e-27
-7.55116e-27
-3.04455e-27
-7.69025e-28
1.04905e-27
1.81088e-27
1.16865e-27
8.0357e-28
1.59689e-28
-1.27968e-28
-1.88373e-28
-1.97376e-28
-9.14878e-29
-3.98602e-29
3.08497e-30
2.03746e-29
1.7855e-29
1.55127e-29
9.06272e-30
5.88123e-30
3.87426e-30
2.85633e-30
2.5748e-30
2.35614e-30
2.26866e-30
2.15418e-30
2.03492e-30
1.90193e-30
1.77451e-30
1.66163e-30
1.57713e-30
1.51316e-30
1.4461e-30
1.35477e-30
1.22471e-30
1.06483e-30
9.10529e-31
7.88673e-31
7.25839e-31
7.15102e-31
7.26946e-31
7.35495e-31
7.04759e-31
6.36832e-31
5.39313e-31
4.32596e-31
3.48199e-31
2.92076e-31
2.77889e-31
2.94276e-31
3.21417e-31
3.42243e-31
3.29737e-31
2.79215e-31
2.00644e-31
1.166e-31
6.13935e-32
5.75341e-32
9.88092e-32
1.66656e-31
2.17931e-31
2.17683e-31
1.66981e-31
7.25989e-32
-1.41887e-32
-5.71098e-32
-4.56047e-32
2.50579e-32
1.03036e-31
1.57599e-31
1.61444e-31
1.016e-31
1.76493e-32
-6.4765e-32
-1.03984e-31
-7.8268e-32
-5.7161e-33
8.96189e-32
1.58468e-31
1.64043e-31
1.01066e-31
-1.02706e-32
-1.19669e-31
-1.72022e-31
-1.42585e-31
-3.94229e-32
9.04849e-32
1.82036e-31
1.96054e-31
1.23185e-31
1.99665e-33
-1.09796e-31
-1.64232e-31
-1.40394e-31
-6.10038e-32
3.64964e-32
1.04038e-31
1.2185e-31
9.07151e-32
2.89732e-32
-2.71812e-32
-6.6264e-32
-6.87865e-32
-4.49577e-32
-9.59655e-33
2.89525e-32
4.1585e-32
3.87947e-32
1.40187e-32
-1.60542e-32
-2.56502e-32
-2.443e-32
5.31436e-33
3.17017e-32
3.8651e-32
2.75837e-32
-1.72453e-32
-5.23507e-32
-6.86609e-32
-5.42631e-32
-2.25996e-33
4.33727e-32
7.54789e-32
7.19139e-32
3.38458e-32
-5.12628e-33
-4.03753e-32
-5.08403e-32
-4.45702e-32
-4.16558e-32
-3.77031e-32
-3.9447e-32
-2.60864e-32
1.57387e-32
6.93471e-32
1.20186e-31
1.23813e-31
6.16463e-32
-4.51841e-32
-1.64537e-31
-2.22525e-31
-1.8581e-31
-6.30571e-32
1.07721e-31
2.30069e-31
2.53629e-31
1.58542e-31
-2.44055e-32
-1.93955e-31
-2.87207e-31
-2.49643e-31
-9.60211e-32
8.76501e-32
2.33906e-31
2.59831e-31
1.62126e-31
-2.69179e-33
-1.70878e-31
-2.46737e-31
-2.1293e-31
-9.18266e-32
6.36542e-32
1.6445e-31
1.87164e-31
1.24469e-31
1.36139e-32
-8.07461e-32
-1.38752e-31
-1.34999e-31
-9.05744e-32
-3.49865e-32
2.25417e-32
5.50259e-32
7.25632e-32
7.17349e-32
5.11068e-32
2.34279e-32
-1.7775e-32
-5.35759e-32
-7.94175e-32
-8.85191e-32
-7.47723e-32
-4.84702e-32
-9.09626e-33
2.83307e-32
6.07729e-32
7.61352e-32
6.82216e-32
4.06281e-32
-9.72106e-33
-5.57113e-32
-9.27121e-32
-1.02414e-31
-7.85561e-32
-4.29482e-32
8.36651e-33
4.37679e-32
6.13213e-32
6.35166e-32
3.77843e-32
1.01803e-32
-2.75002e-32
-6.09627e-32
-7.55205e-32
-7.88097e-32
-5.30545e-32
-1.61319e-32
2.29562e-32
5.44301e-32
5.75552e-32
4.16576e-32
6.33827e-33
-3.25136e-32
-5.91844e-32
-7.04153e-32
-5.86351e-32
-3.27092e-32
-3.46066e-34
2.73452e-32
4.05769e-32
3.47098e-32
1.43963e-32
-1.04798e-32
-2.95841e-32
-2.98504e-32
-2.13359e-32
-7.60322e-33
-3.24154e-33
-1.62771e-32
-2.73768e-32
-3.42906e-32
-1.41857e-32
2.5168e-32
5.84821e-32
7.2585e-32
3.79574e-32
-2.34655e-32
-8.5743e-32
-1.15897e-31
-8.37591e-32
-1.29308e-32
7.18282e-32
1.20217e-31
1.05975e-31
4.17054e-32
-4.78112e-32
-1.06472e-31
-1.11898e-31
-6.15786e-32
1.86033e-32
7.82086e-32
9.60257e-32
5.85684e-32
-7.58184e-33
-6.25055e-32
-8.31598e-32
-5.11515e-32
8.04061e-33
6.34218e-32
8.79885e-32
6.06721e-32
2.55205e-33
-6.17413e-32
-1.01271e-31
-9.03246e-32
-4.09989e-32
3.02868e-32
9.27576e-32
1.15075e-31
9.72234e-32
4.10652e-32
-3.07133e-32
-8.69813e-32
-1.18165e-31
-1.07208e-31
-6.13875e-32
1.1099e-33
7.0222e-32
1.15324e-31
1.27354e-31
9.99272e-32
3.27273e-32
-4.55693e-32
-1.16127e-31
-1.47307e-31
-1.22023e-31
-5.08205e-32
4.76773e-32
1.28389e-31
1.58272e-31
1.23893e-31
3.51383e-32
-6.49189e-32
-1.33614e-31
-1.39714e-31
-7.96863e-32
1.43216e-32
9.86146e-32
1.34293e-31
1.03604e-31
2.75716e-32
-5.72648e-32
-1.10136e-31
-1.01481e-31
-4.44604e-32
3.77648e-32
1.02859e-31
1.148e-31
8.04226e-32
6.26604e-33
-6.23725e-32
-9.10416e-32
-7.85373e-32
-1.63704e-32
4.85011e-32
9.12801e-32
9.97376e-32
5.7243e-32
6.01402e-33
-4.23489e-32
-6.47737e-32
-4.52142e-32
-1.211e-32
3.29831e-32
6.37513e-32
6.93643e-32
6.12882e-32
3.69596e-32
1.50423e-32
2.06887e-33
-5.04202e-33
-2.862e-33
-2.59902e-34
-1.89132e-33
-5.20673e-34
-1.91088e-34
9.85469e-33
3.29462e-32
5.71542e-32
8.66247e-32
9.55242e-32
8.19088e-32
4.71612e-32
-1.05078e-32
-5.37425e-32
-7.91222e-32
-6.38111e-32
-9.84331e-33
5.48025e-32
1.18619e-31
1.42708e-31
1.28065e-31
7.6822e-32
1.37591e-32
-3.46595e-32
-5.45738e-32
-3.26731e-32
-1.33461e-33
4.80971e-32
6.91604e-32
7.0474e-32
6.41455e-32
2.00258e-32
1.13284e-32
-2.0445e-32
-2.59493e-32
-5.3284e-33
)
;

boundaryField
{
    left
    {
        type            calculated;
        value           uniform 0;
    }
    right
    {
        type            calculated;
        value           uniform 0;
    }
    empty
    {
        type            empty;
        value           nonuniform List<scalar> 0();
    }
}


// ************************************************************************* //
