/*--------------------------------*- C++ -*----------------------------------*\
| =========                 |                                                 |
| \\      /  F ield         | OpenFOAM: The Open Source CFD Toolbox           |
|  \\    /   O peration     | Version:  2106                                  |
|   \\  /    A nd           | Website:  www.openfoam.com                      |
|    \\/     M anipulation  |                                                 |
\*---------------------------------------------------------------------------*/
FoamFile
{
    version     2.0;
    format      ascii;
    arch        "LSB;label=32;scalar=64";
    class       surfaceScalarField;
    location    "0.052";
    object      phi;
}
// * * * * * * * * * * * * * * * * * * * * * * * * * * * * * * * * * * * * * //

dimensions      [0 3 -1 0 0 0 0];

oriented        oriented;

internalField   nonuniform List<scalar> 
799
(
1.85265e-32
4.70429e-32
6.09181e-32
5.07633e-32
2.62024e-32
-3.9936e-32
-9.88168e-32
-1.44198e-31
-1.53757e-31
-1.15512e-31
-5.92374e-32
3.5072e-33
4.24382e-32
5.26248e-32
3.147e-32
-7.3412e-33
-5.78291e-32
-1.09795e-31
-1.49393e-31
-1.76651e-31
-1.67782e-31
-1.30958e-31
-6.90657e-32
2.41494e-33
4.37036e-32
5.34856e-32
1.24892e-32
-5.7489e-32
-1.2316e-31
-1.75144e-31
-1.77408e-31
-1.49544e-31
-1.02669e-31
-4.71003e-32
-2.17132e-32
-1.01568e-32
-2.68977e-32
-6.4361e-32
-9.38259e-32
-1.3013e-31
-1.38721e-31
-1.25879e-31
-1.0207e-31
-5.50244e-32
-2.9465e-32
-1.88561e-32
-3.44644e-32
-8.31355e-32
-1.22811e-31
-1.58837e-31
-1.60517e-31
-1.26432e-31
-8.30183e-32
-2.84887e-32
-3.8543e-33
-9.79864e-33
-4.2694e-32
-1.01587e-31
-1.468e-31
-1.71764e-31
-1.58421e-31
-1.05099e-31
-4.28333e-32
1.22528e-32
2.52131e-32
-1.53931e-32
-8.90577e-32
-1.72449e-31
-2.17753e-31
-2.00116e-31
-1.28623e-31
-2.67629e-32
4.97909e-32
6.64371e-32
1.9479e-32
-7.41694e-32
-1.60544e-31
-2.05042e-31
-1.93394e-31
-1.33998e-31
-6.76048e-32
-1.84464e-32
-2.92745e-33
-1.7778e-32
-4.17437e-32
-6.75339e-32
-8.69557e-32
-1.04944e-31
-1.25095e-31
-1.37212e-31
-1.35097e-31
-1.03832e-31
-5.114e-32
2.39688e-33
3.51858e-32
1.6414e-32
-4.20646e-32
-1.23732e-31
-1.92987e-31
-2.06243e-31
-1.70864e-31
-8.49877e-32
5.93766e-33
5.9269e-32
6.83999e-32
1.05471e-32
-6.86255e-32
-1.42319e-31
-1.86155e-31
-1.6907e-31
-1.25146e-31
-6.23017e-32
-1.5582e-32
-6.92733e-33
-1.82958e-32
-4.88509e-32
-6.56321e-32
-6.30764e-32
-5.02832e-32
-3.63379e-32
-4.62076e-32
-7.66508e-32
-1.18135e-31
-1.48907e-31
-1.47443e-31
-1.12726e-31
-5.33114e-32
6.19156e-33
4.40471e-32
4.94469e-32
1.95362e-32
-3.28055e-32
-9.37364e-32
-1.49031e-31
-1.80873e-31
-1.83587e-31
-1.49849e-31
-8.56905e-32
-1.19305e-32
5.28652e-32
7.81686e-32
5.5618e-32
-7.57865e-33
-9.17653e-32
-1.56599e-31
-1.83093e-31
-1.59599e-31
-9.93569e-32
-3.66382e-32
6.66101e-33
7.42921e-33
-2.71571e-32
-7.41806e-32
-1.11295e-31
-1.11849e-31
-7.89842e-32
-2.82164e-32
1.3474e-32
1.62561e-32
-2.38153e-32
-9.49561e-32
-1.61826e-31
-1.88795e-31
-1.57922e-31
-7.77647e-32
1.15544e-32
6.95998e-32
6.1641e-32
-4.91112e-33
-9.49198e-32
-1.65739e-31
-1.72689e-31
-1.26352e-31
-4.89459e-32
1.36711e-32
2.00176e-32
-1.60206e-32
-8.49666e-32
-1.34646e-31
-1.36888e-31
-1.00735e-31
-2.98624e-32
1.94895e-32
3.28146e-32
3.61714e-33
-6.38807e-32
-1.19981e-31
-1.56581e-31
-1.49053e-31
-1.02156e-31
-4.69987e-32
8.72964e-33
3.15281e-32
2.27373e-32
-9.0925e-33
-5.79419e-32
-9.58833e-32
-1.2048e-31
-1.24667e-31
-1.07498e-31
-8.1527e-32
-4.66256e-32
-1.35309e-32
8.26344e-33
1.47296e-32
-4.60512e-33
-4.44628e-32
-9.10062e-32
-1.27778e-31
-1.31069e-31
-9.72324e-32
-3.93132e-32
1.7711e-32
3.85622e-32
9.88708e-33
-5.81164e-32
-1.33589e-31
-1.7103e-31
-1.45222e-31
-6.28139e-32
3.99314e-32
1.06519e-31
9.65071e-32
9.87152e-33
-1.19322e-31
-2.24151e-31
-2.49197e-31
-1.8229e-31
-4.61772e-32
8.76885e-32
1.55987e-31
1.30789e-31
1.71518e-32
-1.19543e-31
-2.19719e-31
-2.41429e-31
-1.7217e-31
-6.01462e-32
4.87697e-32
1.06026e-31
8.73718e-32
1.73981e-32
-7.48564e-32
-1.44294e-31
-1.62217e-31
-1.31408e-31
-6.89122e-32
-9.04435e-33
1.916e-32
6.27432e-33
-3.34706e-32
-7.59268e-32
-9.05898e-32
-6.67485e-32
-2.32345e-32
1.79394e-32
2.06737e-32
-2.25266e-32
-8.70821e-32
-1.45264e-31
-1.53511e-31
-1.04104e-31
-2.28975e-32
5.75074e-32
9.02689e-32
6.30291e-32
-1.77001e-33
-7.65347e-32
-1.19227e-31
-1.15508e-31
-8.30512e-32
-3.4454e-32
-4.63145e-34
1.20657e-32
1.71221e-32
1.1969e-32
1.47838e-32
1.85792e-32
1.365e-32
1.01708e-32
3.00115e-34
4.45371e-34
1.2326e-32
2.45718e-32
3.62097e-32
3.39298e-32
2.866e-32
3.6783e-32
7.01046e-32
1.30333e-31
1.93783e-31
2.29291e-31
2.12463e-31
1.50902e-31
7.64578e-32
4.08115e-32
7.89255e-32
1.84363e-31
3.23608e-31
4.30497e-31
4.66776e-31
4.29961e-31
3.52328e-31
3.01354e-31
3.11545e-31
3.94713e-31
5.20242e-31
6.32508e-31
7.0547e-31
7.25348e-31
7.23119e-31
7.38072e-31
7.88223e-31
8.82542e-31
9.89192e-31
1.08303e-30
1.15197e-30
1.19562e-30
1.24795e-30
1.32669e-30
1.4432e-30
1.59149e-30
1.73675e-30
1.86514e-30
1.9623e-30
2.04004e-30
2.13363e-30
2.25771e-30
2.4348e-30
2.64902e-30
2.86851e-30
3.07363e-30
3.23225e-30
3.36238e-30
3.48902e-30
3.64286e-30
3.86634e-30
4.1475e-30
4.47351e-30
4.80092e-30
5.07723e-30
5.28784e-30
5.43567e-30
5.52416e-30
5.77207e-30
6.12889e-30
7.31233e-30
9.55922e-30
1.29989e-29
1.97e-29
2.22084e-29
2.48218e-29
7.57737e-30
-3.53448e-29
-8.68868e-29
-1.92643e-28
-1.83443e-28
-1.22804e-28
1.65066e-28
8.09152e-28
1.17438e-27
1.81673e-27
1.055e-27
-7.62993e-28
-3.0384e-27
-7.54491e-27
-7.21541e-27
-5.93318e-27
1.74609e-27
1.6874e-26
2.26655e-26
3.30462e-26
1.66456e-26
-1.36138e-26
-4.10102e-26
-9.04986e-26
-7.13255e-26
-4.2198e-26
3.15669e-26
1.54621e-25
1.62732e-25
1.91994e-25
5.43076e-26
-1.45604e-25
-2.41566e-25
-4.15715e-25
-2.36528e-25
-3.16472e-26
2.1915e-25
5.89191e-25
4.55152e-25
3.8303e-25
-3.70882e-26
-5.44006e-25
-5.80053e-25
-7.54256e-25
-2.54582e-25
2.23624e-25
5.06844e-25
9.15288e-25
5.06854e-25
2.23639e-25
-2.54569e-25
-7.54251e-25
-5.80059e-25
-5.44018e-25
-3.71022e-26
3.83021e-25
4.55151e-25
5.89196e-25
2.19158e-25
-3.16414e-26
-2.36526e-25
-4.15717e-25
-2.41571e-25
-1.45608e-25
5.43041e-26
1.91992e-25
1.62732e-25
1.54622e-25
3.15673e-26
-4.21982e-26
-7.13261e-26
-9.04992e-26
-4.10111e-26
-1.36145e-26
1.66448e-26
3.30454e-26
2.26648e-26
1.68732e-26
1.74548e-27
-5.93368e-27
-7.21583e-27
-7.54527e-27
-3.03879e-27
-7.63394e-28
1.05455e-27
1.81625e-27
1.17389e-27
8.08674e-28
1.64661e-28
-1.23128e-28
-1.83665e-28
-1.92799e-28
-8.70418e-29
-3.55444e-29
7.2715e-30
2.44328e-29
2.17862e-29
1.9318e-29
1.27436e-29
9.43924e-30
7.31101e-30
6.17357e-30
5.7744e-30
5.44003e-30
5.23887e-30
5.01282e-30
4.78419e-30
4.54408e-30
4.31187e-30
4.09656e-30
3.91204e-30
3.75053e-30
3.58841e-30
3.40455e-30
3.18451e-30
2.9372e-30
2.69805e-30
2.49392e-30
2.35139e-30
2.26353e-30
2.20081e-30
2.13734e-30
2.0371e-30
1.90218e-30
1.74013e-30
1.57132e-30
1.42724e-30
1.31379e-30
1.24461e-30
1.20827e-30
1.18491e-30
1.15742e-30
1.09872e-30
1.00409e-30
8.83433e-31
7.59259e-31
6.65829e-31
6.25596e-31
6.32292e-31
6.67293e-31
6.87397e-31
6.57588e-31
5.78886e-31
4.57998e-31
3.46144e-31
2.79537e-31
2.6868e-31
3.18252e-31
3.76355e-31
4.12202e-31
3.9844e-31
3.22043e-31
2.22547e-31
1.25546e-31
7.26501e-32
8.55534e-32
1.46114e-31
2.30236e-31
2.88605e-31
2.84392e-31
2.12286e-31
9.24326e-32
-2.48945e-32
-8.46296e-32
-6.20571e-32
3.4725e-32
1.58704e-31
2.44759e-31
2.53675e-31
1.76083e-31
5.05241e-32
-6.53161e-32
-1.23497e-31
-1.03112e-31
-2.69089e-32
6.76438e-32
1.32471e-31
1.47779e-31
1.14339e-31
5.04767e-32
-7.633e-33
-4.85067e-32
-5.26796e-32
-3.03663e-32
3.60585e-33
4.08837e-32
5.23417e-32
4.84748e-32
2.27109e-32
-8.27021e-33
-1.86958e-32
-1.82361e-32
1.08078e-32
3.65526e-32
4.29023e-32
3.12903e-32
-1.40427e-32
-4.96098e-32
-6.63475e-32
-5.23432e-32
-7.04168e-34
4.45932e-32
7.63864e-32
7.25338e-32
3.41984e-32
-5.02246e-33
-4.04987e-32
-5.11731e-32
-4.50969e-32
-4.23599e-32
-3.85698e-32
-4.04641e-32
-2.72438e-32
1.44504e-32
6.79347e-32
1.18656e-31
1.22173e-31
5.99009e-32
-4.70318e-32
-1.66485e-31
-2.24562e-31
-1.87938e-31
-6.5273e-32
1.05419e-31
2.27686e-31
2.51167e-31
1.56007e-31
-2.70115e-32
-1.96628e-31
-2.89941e-31
-2.52438e-31
-9.88709e-32
8.47477e-32
2.30951e-31
2.56826e-31
1.59072e-31
-5.80111e-33
-1.74045e-31
-2.49962e-31
-2.16207e-31
-9.51552e-32
6.02775e-32
1.61029e-31
1.83695e-31
1.20961e-31
1.0066e-32
-8.43286e-32
-1.4237e-31
-1.38649e-31
-9.42562e-32
-3.86984e-32
1.87981e-32
5.12553e-32
6.87655e-32
6.79101e-32
4.72622e-32
1.9558e-32
-2.1666e-32
-5.74892e-32
-8.33461e-32
-9.24631e-32
-7.8731e-32
-5.2441e-32
-1.30685e-32
2.43435e-32
5.67773e-32
7.21336e-32
6.42177e-32
3.66243e-32
-1.37234e-32
-5.97098e-32
-9.67058e-32
-1.06403e-31
-8.25329e-32
-4.69099e-32
4.42437e-33
3.98487e-32
5.74273e-32
5.96467e-32
3.39235e-32
6.34052e-33
-3.13204e-32
-6.47628e-32
-7.92972e-32
-8.25592e-32
-5.6776e-32
-1.98228e-32
1.92984e-32
5.08069e-32
5.39704e-32
3.81115e-32
2.83322e-33
-3.59788e-32
-6.26065e-32
-7.37872e-32
-6.19568e-32
-3.59758e-32
-3.55996e-33
2.41885e-32
3.74774e-32
3.16644e-32
1.14051e-32
-1.34123e-32
-3.24594e-32
-3.26701e-32
-2.40959e-32
-1.03019e-32
-5.87521e-33
-1.8847e-32
-2.98865e-32
-3.67311e-32
-1.6566e-32
2.28586e-32
5.62432e-32
7.04168e-32
3.58629e-32
-2.54913e-32
-8.76975e-32
-1.1778e-31
-8.55677e-32
-1.46717e-32
7.0152e-32
1.18607e-31
1.04433e-31
4.02309e-32
-4.9218e-32
-1.07806e-31
-1.13156e-31
-6.27612e-32
1.74921e-32
7.71689e-32
9.50552e-32
5.76686e-32
-8.4124e-33
-6.32608e-32
-8.38388e-32
-5.17533e-32
7.5158e-33
6.29749e-32
8.76207e-32
6.03824e-32
2.3414e-33
-6.18773e-32
-1.01329e-31
-9.03058e-32
-4.09014e-32
3.04673e-32
9.30194e-32
1.15423e-31
9.76597e-32
4.15948e-32
-3.00934e-32
-8.62756e-32
-1.17372e-31
-1.06326e-31
-6.04133e-32
2.17518e-33
7.13798e-32
1.16576e-31
1.28703e-31
1.01373e-31
3.42718e-32
-4.39232e-32
-1.1438e-31
-1.45453e-31
-1.20065e-31
-4.87501e-32
4.9859e-32
1.30683e-31
1.60677e-31
1.26412e-31
3.77663e-32
-6.21774e-32
-1.30756e-31
-1.36737e-31
-7.65832e-32
1.75489e-32
1.01965e-31
1.37768e-31
1.07204e-31
3.12949e-32
-5.34175e-32
-1.06165e-31
-9.73836e-32
-4.02376e-32
4.21094e-32
1.07327e-31
1.19387e-31
8.51231e-32
1.10771e-32
-5.74518e-32
-8.60063e-32
-7.33915e-32
-1.11162e-32
5.38672e-32
9.67449e-32
1.05296e-31
6.28933e-32
1.17542e-32
-3.65326e-32
-5.88846e-32
-3.92634e-32
-6.1058e-33
3.90437e-32
6.98631e-32
7.5522e-32
6.74828e-32
4.31798e-32
2.12812e-32
8.31761e-33
1.20672e-33
3.38279e-33
5.97048e-33
4.31378e-33
5.64651e-33
5.92976e-33
1.59178e-32
3.89429e-32
6.30757e-32
9.24582e-32
1.01258e-31
8.75344e-32
5.26682e-32
-5.13211e-33
-4.85064e-32
-7.40317e-32
-5.88735e-32
-5.06685e-33
5.94048e-32
1.2304e-31
1.46938e-31
1.32095e-31
8.06393e-32
1.73544e-32
-3.12927e-32
-5.14381e-32
-2.97737e-32
1.32182e-33
5.05045e-32
7.13121e-32
7.23683e-32
6.57765e-32
2.1386e-32
1.2417e-32
-1.96302e-32
-2.54089e-32
-5.05756e-33
)
;

boundaryField
{
    left
    {
        type            calculated;
        value           uniform 0;
    }
    right
    {
        type            calculated;
        value           uniform 0;
    }
    empty
    {
        type            empty;
        value           nonuniform List<scalar> 0();
    }
}


// ************************************************************************* //
