/*--------------------------------*- C++ -*----------------------------------*\
| =========                 |                                                 |
| \\      /  F ield         | OpenFOAM: The Open Source CFD Toolbox           |
|  \\    /   O peration     | Version:  2106                                  |
|   \\  /    A nd           | Website:  www.openfoam.com                      |
|    \\/     M anipulation  |                                                 |
\*---------------------------------------------------------------------------*/
FoamFile
{
    version     2.0;
    format      ascii;
    arch        "LSB;label=32;scalar=64";
    class       surfaceScalarField;
    location    "0.147";
    object      phi;
}
// * * * * * * * * * * * * * * * * * * * * * * * * * * * * * * * * * * * * * //

dimensions      [0 3 -1 0 0 0 0];

oriented        oriented;

internalField   nonuniform List<scalar> 
799
(
1.60055e-32
4.20043e-32
5.33633e-32
4.06883e-32
1.36166e-32
-5.50289e-32
-1.1641e-31
-1.64285e-31
-1.7632e-31
-1.40536e-31
-8.67075e-32
-2.63944e-32
1.01176e-32
1.79004e-32
-5.64143e-33
-4.68203e-32
-9.96578e-32
-1.53951e-31
-1.95854e-31
-2.25395e-31
-2.18789e-31
-1.84197e-31
-1.24511e-31
-5.52095e-32
-1.60725e-32
-8.41315e-33
-5.15043e-32
-1.23547e-31
-1.91244e-31
-2.45233e-31
-2.49468e-31
-2.23543e-31
-1.78571e-31
-1.24874e-31
-1.01324e-31
-9.15711e-32
-1.10081e-31
-1.49278e-31
-1.8044e-31
-2.18402e-31
-2.28615e-31
-2.17361e-31
-1.95103e-31
-1.4957e-31
-1.25482e-31
-1.1631e-31
-1.3332e-31
-1.83355e-31
-2.2436e-31
-2.61677e-31
-2.64607e-31
-2.31739e-31
-1.89504e-31
-1.36117e-31
-1.12588e-31
-1.19601e-31
-1.53528e-31
-2.13419e-31
-2.59598e-31
-2.85492e-31
-2.73043e-31
-2.20584e-31
-1.59146e-31
-1.04854e-31
-9.26553e-32
-1.33991e-31
-2.08353e-31
-2.92409e-31
-3.38348e-31
-3.2132e-31
-2.50399e-31
-1.4908e-31
-7.30428e-32
-5.68826e-32
-1.04303e-31
-1.98388e-31
-2.85176e-31
-3.30056e-31
-3.18758e-31
-2.59692e-31
-1.93607e-31
-1.44734e-31
-1.29477e-31
-1.44567e-31
-1.68749e-31
-1.94736e-31
-2.14333e-31
-2.32473e-31
-2.52763e-31
-2.64994e-31
-2.62978e-31
-2.31795e-31
-1.79165e-31
-1.25673e-31
-9.29141e-32
-1.11699e-31
-1.70176e-31
-2.51828e-31
-3.21053e-31
-3.34265e-31
-2.98825e-31
-2.12878e-31
-1.21868e-31
-6.84412e-32
-5.92096e-32
-1.16942e-31
-1.9598e-31
-2.69529e-31
-3.13213e-31
-2.95961e-31
-2.51868e-31
-1.88849e-31
-1.41941e-31
-1.33085e-31
-1.44247e-31
-1.74583e-31
-1.91138e-31
-1.88351e-31
-1.75316e-31
-1.61123e-31
-1.70735e-31
-2.00914e-31
-2.42126e-31
-2.7262e-31
-2.70865e-31
-2.35847e-31
-1.76127e-31
-1.16311e-31
-7.81376e-32
-7.24086e-32
-1.01979e-31
-1.53974e-31
-2.14547e-31
-2.69477e-31
-3.00943e-31
-3.03274e-31
-2.69143e-31
-2.0458e-31
-1.30405e-31
-6.51821e-32
-3.94396e-32
-6.15374e-32
-1.24266e-31
-2.07972e-31
-2.7231e-31
-2.98293e-31
-2.7427e-31
-2.13483e-31
-1.50199e-31
-1.06317e-31
-1.04946e-31
-1.38914e-31
-1.85293e-31
-2.21741e-31
-2.21599e-31
-1.8801e-31
-1.36488e-31
-9.402e-32
-9.04314e-32
-1.29663e-31
-1.99931e-31
-2.65889e-31
-2.91909e-31
-2.60044e-31
-1.7885e-31
-8.84496e-32
-2.92726e-32
-3.60457e-32
-1.01364e-31
-1.90086e-31
-2.59559e-31
-2.65102e-31
-2.173e-31
-1.3835e-31
-7.41152e-32
-6.6085e-32
-1.00357e-31
-1.67461e-31
-2.1521e-31
-2.15432e-31
-1.77157e-31
-1.04063e-31
-5.23823e-32
-3.66164e-32
-6.32578e-32
-1.28077e-31
-1.8137e-31
-2.15023e-31
-2.04404e-31
-1.54273e-31
-9.57217e-32
-3.64358e-32
-9.90951e-33
-1.47954e-32
-4.25299e-32
-8.70896e-32
-1.20532e-31
-1.40415e-31
-1.39663e-31
-1.17321e-31
-8.59326e-32
-4.53541e-32
-6.31585e-33
2.16991e-32
3.46803e-32
2.21662e-32
-1.0552e-32
-4.96198e-32
-7.85742e-32
-7.36819e-32
-3.12813e-32
3.56019e-32
1.02005e-31
1.3266e-31
1.14239e-31
5.69549e-32
-7.31477e-33
-3.30523e-32
4.99162e-33
1.00183e-31
2.1628e-31
2.96813e-31
3.01357e-31
2.29926e-31
1.16599e-31
2.83322e-32
2.05683e-32
1.05507e-31
2.60432e-31
4.13912e-31
5.02666e-31
4.98793e-31
4.0738e-31
2.93845e-31
2.17799e-31
2.21223e-31
3.16661e-31
4.55938e-31
5.93227e-31
6.80015e-31
6.9209e-31
6.54086e-31
5.95088e-31
5.60234e-31
5.78263e-31
6.46442e-31
7.47777e-31
8.47994e-31
9.18116e-31
9.48766e-31
9.54223e-31
9.58692e-31
9.92726e-31
1.06709e-30
1.16302e-30
1.25856e-30
1.31766e-30
1.33288e-30
1.32888e-30
1.33344e-30
1.39017e-30
1.50688e-30
1.65776e-30
1.81029e-30
1.91769e-30
1.96766e-30
1.98273e-30
1.99054e-30
2.03321e-30
2.12515e-30
2.24877e-30
2.39152e-30
2.52274e-30
2.63564e-30
2.74429e-30
2.84602e-30
2.95908e-30
3.07656e-30
3.18883e-30
3.30613e-30
3.42069e-30
3.549e-30
3.69286e-30
3.84094e-30
3.99237e-30
4.13389e-30
4.2765e-30
4.43665e-30
4.62622e-30
4.84698e-30
5.0753e-30
5.28009e-30
5.437e-30
5.5537e-30
5.6621e-30
5.81393e-30
6.0442e-30
6.34651e-30
6.68741e-30
7.00076e-30
7.24835e-30
7.42773e-30
7.5712e-30
7.74627e-30
7.98747e-30
8.30662e-30
8.67311e-30
9.03134e-30
9.35527e-30
9.63112e-30
9.88985e-30
1.01707e-29
1.04918e-29
1.08619e-29
1.12493e-29
1.16287e-29
1.19881e-29
1.23269e-29
1.26791e-29
1.30624e-29
1.3488e-29
1.39499e-29
1.44132e-29
1.48639e-29
1.52877e-29
1.56961e-29
1.61243e-29
1.6587e-29
1.71063e-29
1.76664e-29
1.82353e-29
1.87931e-29
1.93075e-29
1.97963e-29
2.02845e-29
2.08025e-29
2.13926e-29
2.20425e-29
2.27393e-29
2.34393e-29
2.40898e-29
2.46759e-29
2.52003e-29
2.56663e-29
2.62923e-29
2.70276e-29
2.85896e-29
3.12149e-29
3.50325e-29
4.2111e-29
4.49957e-29
4.79841e-29
3.11131e-29
-1.14373e-29
-6.26099e-29
-1.67999e-28
-1.58434e-28
-9.74348e-29
1.90793e-28
8.35234e-28
1.20081e-27
1.84351e-27
1.08212e-27
-7.35536e-28
-3.01061e-27
-7.51679e-27
-7.18697e-27
-5.90443e-27
1.77514e-27
1.69034e-26
2.26952e-26
3.30762e-26
1.66759e-26
-1.35833e-26
-4.09795e-26
-9.04676e-26
-7.12943e-26
-4.21665e-26
3.15986e-26
1.54653e-25
1.62764e-25
1.92027e-25
5.43402e-26
-1.45571e-25
-2.41533e-25
-4.15682e-25
-2.36494e-25
-3.16139e-26
2.19183e-25
5.89225e-25
4.55186e-25
3.83064e-25
-3.70543e-26
-5.43972e-25
-5.80019e-25
-7.54222e-25
-2.54548e-25
2.23658e-25
5.06878e-25
9.15322e-25
5.06889e-25
2.23674e-25
-2.54535e-25
-7.54217e-25
-5.80025e-25
-5.43984e-25
-3.70684e-26
3.83055e-25
4.55184e-25
5.89229e-25
2.19191e-25
-3.16082e-26
-2.36493e-25
-4.15684e-25
-2.41538e-25
-1.45576e-25
5.43364e-26
1.92025e-25
1.62764e-25
1.54653e-25
3.15989e-26
-4.21669e-26
-7.1295e-26
-9.04684e-26
-4.09805e-26
-1.35842e-26
1.66748e-26
3.30751e-26
2.26942e-26
1.69024e-26
1.7743e-27
-5.90518e-27
-7.18764e-27
-7.5174e-27
-3.01125e-27
-7.3619e-28
1.08141e-27
1.84277e-27
1.20006e-27
8.34496e-28
1.90128e-28
-9.80205e-29
-1.58919e-28
-1.68418e-28
-6.30277e-29
-1.18996e-29
3.05452e-29
4.73337e-29
4.43131e-29
4.14698e-29
3.45196e-29
3.0839e-29
2.83343e-29
2.68204e-29
2.60452e-29
2.53353e-29
2.47594e-29
2.41597e-29
2.35587e-29
2.29478e-29
2.23465e-29
2.1764e-29
2.12145e-29
2.06903e-29
2.01681e-29
1.96269e-29
1.90524e-29
1.84537e-29
1.78664e-29
1.73175e-29
1.68338e-29
1.64084e-29
1.60119e-29
1.56186e-29
1.51926e-29
1.47361e-29
1.42567e-29
1.37749e-29
1.33222e-29
1.29047e-29
1.2536e-29
1.22049e-29
1.18914e-29
1.15786e-29
1.12393e-29
1.0869e-29
1.04775e-29
1.00874e-29
9.73298e-30
9.43668e-30
9.19227e-30
8.9811e-30
8.75999e-30
8.49391e-30
8.18388e-30
7.83658e-30
7.5032e-30
7.21995e-30
6.99729e-30
6.83988e-30
6.69577e-30
6.53414e-30
6.32759e-30
6.06307e-30
5.78005e-30
5.50407e-30
5.2767e-30
5.11956e-30
5.01446e-30
4.93725e-30
4.83855e-30
4.68146e-30
4.46062e-30
4.1961e-30
3.93811e-30
3.74164e-30
3.63133e-30
3.59903e-30
3.59765e-30
3.56199e-30
3.45277e-30
3.26056e-30
3.0238e-30
2.80014e-30
2.63742e-30
2.55648e-30
2.5345e-30
2.53394e-30
2.50667e-30
2.43281e-30
2.31306e-30
2.16568e-30
2.02677e-30
1.90775e-30
1.82801e-30
1.77729e-30
1.74067e-30
1.70975e-30
1.65532e-30
1.58784e-30
1.50065e-30
1.41037e-30
1.34273e-30
1.28798e-30
1.26378e-30
1.23818e-30
1.19502e-30
1.13569e-30
1.04437e-30
9.64499e-31
9.05092e-31
8.78007e-31
8.90087e-31
8.97302e-31
8.92445e-31
8.53327e-31
7.81069e-31
7.09221e-31
6.42374e-31
6.01539e-31
5.78626e-31
5.53505e-31
5.30528e-31
5.02924e-31
4.91454e-31
5.09444e-31
5.40174e-31
5.69059e-31
5.51622e-31
4.69251e-31
3.43043e-31
2.0511e-31
1.29316e-31
1.48965e-31
2.5536e-31
4.10467e-31
5.17803e-31
5.26982e-31
4.18125e-31
2.21995e-31
3.98299e-32
-6.54922e-32
-3.9478e-32
1.03099e-31
2.76211e-31
4.12367e-31
4.28642e-31
3.21713e-31
1.48077e-31
-2.85339e-32
-1.1244e-31
-8.63118e-32
2.74592e-32
1.75942e-31
2.70061e-31
2.86404e-31
2.1764e-31
1.00994e-31
1.11493e-33
-6.21481e-32
-6.34087e-32
-2.37566e-32
2.72865e-32
8.04905e-32
1.08868e-31
1.22491e-31
1.17942e-31
9.37855e-32
6.27492e-32
1.83573e-32
-2.04704e-32
-4.91827e-32
-6.10091e-32
-4.98451e-32
-2.5991e-32
1.10726e-32
4.63096e-32
7.66795e-32
9.00861e-32
8.03263e-32
5.09905e-32
-1.00317e-33
-4.8544e-32
-8.70024e-32
-9.8081e-32
-7.5513e-32
-4.11148e-32
9.06616e-33
4.34045e-32
5.99626e-32
6.12355e-32
3.46457e-32
6.24874e-33
-3.21675e-32
-6.63126e-32
-8.15014e-32
-8.53699e-32
-6.01432e-32
-2.37034e-32
1.49485e-32
4.60267e-32
4.87922e-32
3.25745e-32
-3.02657e-33
-4.21237e-32
-6.90102e-32
-8.04181e-32
-6.87854e-32
-4.29753e-32
-1.07003e-32
1.69301e-32
3.01288e-32
2.42504e-32
3.94816e-33
-2.08963e-32
-3.9945e-32
-4.01346e-32
-3.15241e-32
-1.76794e-32
-1.3189e-32
-2.60798e-32
-3.70185e-32
-4.37562e-32
-2.34632e-32
1.61041e-32
4.96469e-32
6.3989e-32
2.96097e-32
-3.15544e-32
-9.35641e-32
-1.23437e-31
-9.10055e-32
-1.98747e-32
6.51927e-32
1.13899e-31
9.99854e-32
3.6048e-32
-5.31271e-32
-1.11434e-31
-1.16502e-31
-6.58202e-32
1.47311e-32
7.47103e-32
9.29081e-32
5.58372e-32
-9.92305e-33
-6.44509e-32
-8.47025e-32
-5.2289e-32
7.30997e-33
6.31043e-32
8.80884e-32
6.11912e-32
3.49583e-33
-6.03691e-32
-9.94654e-32
-8.8085e-32
-3.83261e-32
3.33968e-32
9.63025e-32
1.19057e-31
1.01641e-31
4.59206e-32
-2.54215e-32
-8.12517e-32
-1.12e-31
-1.00605e-31
-5.43458e-32
8.58849e-33
7.81371e-32
1.23675e-31
1.3614e-31
1.09148e-31
4.23855e-32
-3.54777e-32
-1.05604e-31
-1.36353e-31
-1.1064e-31
-3.90061e-32
5.99205e-32
1.41056e-31
1.71357e-31
1.37396e-31
4.90516e-32
-5.05963e-32
-1.18887e-31
-1.24594e-31
-6.41761e-32
3.02149e-32
1.14883e-31
1.50931e-31
1.20605e-31
4.49231e-32
-3.95688e-32
-9.21061e-32
-8.31257e-32
-2.57902e-32
5.67367e-32
1.22123e-31
1.34343e-31
1.00231e-31
2.63236e-32
-4.2078e-32
-7.05206e-32
-5.7805e-32
4.55603e-33
6.96117e-32
1.12553e-31
1.21155e-31
7.87845e-32
2.76612e-32
-2.06123e-32
-4.29768e-32
-2.3382e-32
9.73723e-33
5.48273e-32
8.55692e-32
9.11379e-32
8.2991e-32
5.85637e-32
3.65259e-32
2.34106e-32
1.61327e-32
1.81212e-32
2.05088e-32
1.86416e-32
1.97479e-32
1.97897e-32
2.95232e-32
5.22777e-32
7.61239e-32
1.05208e-31
1.137e-31
9.96515e-32
6.44472e-32
6.29595e-33
-3.74443e-32
-6.33503e-32
-4.85842e-32
4.81783e-33
6.88727e-32
1.32079e-31
1.55535e-31
1.40244e-31
8.8325e-32
2.45691e-32
-2.45592e-32
-4.51947e-32
-2.4032e-32
6.55568e-33
5.52245e-32
7.55175e-32
7.60577e-32
6.89453e-32
2.40293e-32
1.45378e-32
-1.80383e-32
-2.43459e-32
-4.52673e-33
)
;

boundaryField
{
    left
    {
        type            calculated;
        value           uniform 0;
    }
    right
    {
        type            calculated;
        value           uniform 0;
    }
    empty
    {
        type            empty;
        value           nonuniform List<scalar> 0();
    }
}


// ************************************************************************* //
