/*--------------------------------*- C++ -*----------------------------------*\
| =========                 |                                                 |
| \\      /  F ield         | OpenFOAM: The Open Source CFD Toolbox           |
|  \\    /   O peration     | Version:  2106                                  |
|   \\  /    A nd           | Website:  www.openfoam.com                      |
|    \\/     M anipulation  |                                                 |
\*---------------------------------------------------------------------------*/
FoamFile
{
    version     2.0;
    format      ascii;
    arch        "LSB;label=32;scalar=64";
    class       surfaceScalarField;
    location    "0.073";
    object      phi;
}
// * * * * * * * * * * * * * * * * * * * * * * * * * * * * * * * * * * * * * //

dimensions      [0 3 -1 0 0 0 0];

oriented        oriented;

internalField   nonuniform List<scalar> 
799
(
1.77991e-32
4.55913e-32
5.87424e-32
4.78601e-32
2.25721e-32
-4.42964e-32
-1.03903e-31
-1.50003e-31
-1.60274e-31
-1.22734e-31
-6.71597e-32
-5.1087e-33
3.31329e-32
4.26359e-32
2.0804e-32
-1.86767e-32
-6.9827e-32
-1.22443e-31
-1.62682e-31
-1.90574e-31
-1.82328e-31
-1.46122e-31
-8.48357e-32
-1.39479e-32
2.67554e-32
3.59634e-32
-5.59498e-33
-7.61224e-32
-1.42328e-31
-1.94841e-31
-1.97623e-31
-1.70258e-31
-1.23871e-31
-6.87805e-32
-4.38585e-32
-3.27544e-32
-4.99353e-32
-8.78241e-32
-1.17699e-31
-1.54399e-31
-1.63379e-31
-1.50912e-31
-1.27463e-31
-8.07687e-32
-5.55421e-32
-4.52533e-32
-6.11727e-32
-1.1014e-31
-1.50102e-31
-1.86397e-31
-1.88335e-31
-1.54496e-31
-1.11318e-31
-5.70104e-32
-3.25869e-32
-3.87288e-32
-7.18131e-32
-1.3088e-31
-1.76259e-31
-2.01377e-31
-1.88177e-31
-1.34991e-31
-7.28504e-32
-1.78799e-32
-5.02547e-33
-4.5725e-32
-1.19475e-31
-2.02945e-31
-2.48319e-31
-2.30747e-31
-1.59302e-31
-5.74868e-32
1.90329e-32
3.56508e-32
-1.13299e-32
-1.04998e-31
-1.91386e-31
-2.35884e-31
-2.24235e-31
-1.64828e-31
-9.84224e-32
-4.92461e-32
-3.37051e-32
-4.85297e-32
-7.24623e-32
-9.82149e-32
-1.17596e-31
-1.35537e-31
-1.55641e-31
-1.67705e-31
-1.65535e-31
-1.3421e-31
-8.14542e-32
-2.78538e-32
4.99538e-33
-1.37087e-32
-7.2115e-32
-1.5371e-31
-2.2289e-31
-2.36074e-31
-2.00619e-31
-1.14665e-31
-2.366e-32
2.97534e-32
3.8967e-32
-1.8804e-32
-9.78924e-32
-1.71507e-31
-2.15264e-31
-1.98092e-31
-1.54088e-31
-9.11623e-32
-4.43566e-32
-3.56177e-32
-4.69073e-32
-7.73787e-32
-9.40757e-32
-9.14362e-32
-7.85595e-32
-6.45321e-32
-7.43204e-32
-1.04683e-31
-1.46088e-31
-1.76779e-31
-1.75231e-31
-1.40436e-31
-8.09477e-32
-2.13703e-32
1.65592e-32
2.20338e-32
-7.80143e-33
-6.00679e-32
-1.20925e-31
-1.76152e-31
-2.07922e-31
-2.10566e-31
-1.7676e-31
-1.12534e-31
-3.87059e-32
2.6156e-32
5.15256e-32
2.90397e-32
-3.4093e-32
-1.18216e-31
-1.82987e-31
-2.09419e-31
-1.85864e-31
-1.25562e-31
-6.27791e-32
-1.94188e-32
-1.85901e-32
-5.31196e-32
-1.00087e-31
-1.3715e-31
-1.37645e-31
-1.04713e-31
-5.38839e-32
-1.21334e-32
-9.29111e-33
-4.93038e-32
-1.20391e-31
-1.87207e-31
-2.14121e-31
-1.83195e-31
-1.02982e-31
-1.36031e-32
4.45025e-32
3.66024e-32
-2.9891e-32
-1.19844e-31
-1.90607e-31
-1.975e-31
-1.51108e-31
-7.3646e-32
-1.09688e-32
-4.56205e-33
-4.05378e-32
-1.09426e-31
-1.59046e-31
-1.6123e-31
-1.25018e-31
-5.40874e-32
-4.67339e-33
8.71399e-33
-2.04209e-32
-8.78585e-32
-1.43899e-31
-1.80433e-31
-1.72837e-31
-1.25875e-31
-7.06455e-32
-1.48461e-32
8.02722e-33
-6.91755e-34
-3.24436e-32
-8.12178e-32
-1.19075e-31
-1.43588e-31
-1.47687e-31
-1.30427e-31
-1.04364e-31
-6.93636e-32
-3.61654e-32
-1.42632e-32
-7.68717e-33
-2.69036e-32
-6.66399e-32
-1.13051e-31
-1.49687e-31
-1.52832e-31
-1.18839e-31
-6.07524e-32
-3.54792e-33
1.74974e-32
-1.09707e-32
-7.87525e-32
-1.53986e-31
-1.91177e-31
-1.65097e-31
-8.23982e-32
2.06594e-32
8.75802e-32
7.79249e-32
-8.31234e-33
-1.37085e-31
-2.41457e-31
-2.66007e-31
-1.98574e-31
-6.18931e-32
7.25835e-32
1.41548e-31
1.17066e-31
4.20235e-33
-1.3166e-31
-2.30936e-31
-2.51677e-31
-1.81372e-31
-6.82261e-32
4.1898e-32
1.0046e-31
8.32066e-32
1.47401e-32
-7.58928e-32
-1.43585e-31
-1.59639e-31
-1.26821e-31
-6.21714e-32
4.5139e-36
3.06855e-32
2.04525e-32
-1.64547e-32
-5.587e-32
-6.72789e-32
-3.996e-32
7.27189e-33
5.24195e-32
5.93939e-32
2.0715e-32
-3.90211e-32
-9.20722e-32
-9.48566e-32
-3.96305e-32
4.77631e-32
1.34741e-31
1.74486e-31
1.54664e-31
9.77392e-32
3.13234e-32
-2.52477e-33
1.05738e-32
5.29586e-32
1.12055e-31
1.5715e-31
1.81413e-31
1.98863e-31
2.06788e-31
2.23397e-31
2.4174e-31
2.52134e-31
2.64789e-31
2.71897e-31
2.89901e-31
3.20551e-31
3.5251e-31
3.84845e-31
4.04281e-31
4.21775e-31
4.53755e-31
5.12057e-31
5.98432e-31
6.89228e-31
7.53321e-31
7.66358e-31
7.35969e-31
6.94053e-31
6.92323e-31
7.65783e-31
9.08022e-31
1.08558e-30
1.23231e-30
1.31e-30
1.31621e-30
1.28324e-30
1.27861e-30
1.33683e-30
1.46978e-30
1.64685e-30
1.81245e-30
1.94058e-30
2.01746e-30
2.07411e-30
2.14984e-30
2.26267e-30
2.42161e-30
2.59482e-30
2.75718e-30
2.89661e-30
3.01273e-30
3.13952e-30
3.2947e-30
3.48964e-30
3.71835e-30
3.946e-30
4.15874e-30
4.34223e-30
4.50823e-30
4.69199e-30
4.90816e-30
5.17919e-30
5.4892e-30
5.80629e-30
6.11079e-30
6.37052e-30
6.60343e-30
6.83449e-30
7.09432e-30
7.42533e-30
7.81548e-30
8.25188e-30
8.69102e-30
9.0803e-30
9.40507e-30
9.66817e-30
9.87294e-30
1.02381e-29
1.0713e-29
1.20152e-29
1.43816e-29
1.79413e-29
2.47629e-29
2.73921e-29
3.01265e-29
1.30033e-29
-2.97977e-29
-8.12187e-29
-1.86854e-28
-1.77533e-28
-1.16775e-28
1.71215e-28
8.1542e-28
1.18076e-27
1.82323e-27
1.06162e-27
-7.5626e-28
-3.03156e-27
-7.53795e-27
-7.20834e-27
-5.926e-27
1.75337e-27
1.68814e-26
2.2673e-26
3.30538e-26
1.66533e-26
-1.3606e-26
-4.10023e-26
-9.04906e-26
-7.13175e-26
-4.21899e-26
3.15751e-26
1.5463e-25
1.6274e-25
1.92003e-25
5.43161e-26
-1.45595e-25
-2.41558e-25
-4.15706e-25
-2.36519e-25
-3.16384e-26
2.19159e-25
5.892e-25
4.55161e-25
3.83039e-25
-3.70792e-26
-5.43997e-25
-5.80044e-25
-7.54247e-25
-2.54573e-25
2.23633e-25
5.06853e-25
9.15297e-25
5.06863e-25
2.23649e-25
-2.5456e-25
-7.54242e-25
-5.8005e-25
-5.44009e-25
-3.70932e-26
3.8303e-25
4.5516e-25
5.89205e-25
2.19166e-25
-3.16327e-26
-2.36517e-25
-4.15708e-25
-2.41563e-25
-1.456e-25
5.43125e-26
1.92001e-25
1.6274e-25
1.5463e-25
3.15755e-26
-4.21901e-26
-7.13181e-26
-9.04913e-26
-4.10033e-26
-1.36068e-26
1.66524e-26
3.30529e-26
2.26722e-26
1.68805e-26
1.75268e-27
-5.9266e-27
-7.20885e-27
-7.53841e-27
-3.03204e-27
-7.56757e-28
1.06107e-27
1.82265e-27
1.18018e-27
8.14846e-28
1.70714e-28
-1.17194e-28
-1.77851e-28
-1.87105e-28
-8.1468e-29
-3.00909e-29
1.26046e-29
2.96457e-29
2.68791e-29
2.42912e-29
1.75975e-29
1.41744e-29
1.19281e-29
1.06733e-29
1.01576e-29
9.70762e-30
9.39186e-30
9.05227e-30
8.71127e-30
8.36002e-30
8.01797e-30
7.6942e-30
7.40267e-30
7.13563e-30
6.86954e-30
6.58332e-30
6.26256e-30
5.91625e-30
5.57983e-30
5.28021e-30
5.04401e-30
4.86431e-30
4.71163e-30
4.56008e-30
4.37369e-30
4.15454e-30
3.9102e-30
3.66106e-30
3.4386e-30
3.24873e-30
3.10509e-30
2.99625e-30
2.90236e-30
2.80627e-30
2.68092e-30
2.52155e-30
2.33806e-30
2.15296e-30
2.00047e-30
1.90303e-30
1.85435e-30
1.83578e-30
1.8041e-30
1.72425e-30
1.59723e-30
1.42971e-30
1.2729e-30
1.16296e-30
1.11036e-30
1.11976e-30
1.13922e-30
1.13791e-30
1.08845e-30
9.77778e-31
8.4539e-31
7.16845e-31
6.33713e-31
6.17655e-31
6.50487e-31
7.08086e-31
7.41093e-31
7.12641e-31
6.17384e-31
4.7544e-31
3.37036e-31
2.57211e-31
2.60635e-31
3.39185e-31
4.45815e-31
5.15367e-31
5.08596e-31
4.16102e-31
2.7639e-31
1.47123e-31
7.62036e-32
8.45107e-32
1.49269e-31
2.32992e-31
2.87568e-31
2.93185e-31
2.50584e-31
1.78057e-31
1.1177e-31
6.31754e-32
5.17202e-32
6.717e-32
9.46783e-32
1.25863e-31
1.31586e-31
1.22322e-31
9.14832e-32
5.57344e-32
4.08267e-32
3.70802e-32
6.21774e-32
8.42194e-32
8.70979e-32
7.22314e-32
2.38469e-32
-1.45748e-32
-3.39799e-32
-2.24702e-32
2.68366e-32
6.99528e-32
9.97071e-32
9.39455e-32
5.38297e-32
1.29489e-32
-2.40771e-32
-3.61997e-32
-3.14739e-32
-2.99979e-32
-2.73873e-32
-3.038e-32
-1.81847e-32
2.25551e-32
7.51516e-32
1.25047e-31
1.27794e-31
6.4806e-32
-4.27903e-32
-1.62857e-31
-2.21506e-31
-1.85413e-31
-6.32401e-32
1.06996e-31
2.2884e-31
2.51927e-31
1.56396e-31
-2.69658e-32
-1.969e-31
-2.90514e-31
-2.53292e-31
-9.99889e-32
8.33856e-32
2.29363e-31
2.55028e-31
1.57078e-31
-7.97154e-33
-1.76379e-31
-2.52447e-31
-2.18834e-31
-9.79196e-32
5.73874e-32
1.5802e-31
1.80571e-31
1.17729e-31
6.72872e-33
-8.77637e-32
-1.45887e-31
-1.42248e-31
-9.79298e-32
-4.24397e-32
1.49922e-32
4.73899e-32
6.48467e-32
6.39439e-32
4.32539e-32
1.55128e-32
-2.57495e-32
-6.16046e-32
-8.74944e-32
-9.66414e-32
-8.29361e-32
-5.66705e-32
-1.73153e-32
2.00868e-32
5.25094e-32
6.78612e-32
5.99401e-32
3.23406e-32
-1.80097e-32
-6.39973e-32
-1.00992e-31
-1.10693e-31
-8.68278e-32
-5.12011e-32
1.34665e-34
3.55622e-32
5.31496e-32
5.53795e-32
2.96864e-32
2.12755e-33
-3.55078e-32
-6.89216e-32
-8.34244e-32
-8.66548e-32
-6.08391e-32
-2.38509e-32
1.53066e-32
4.68543e-32
5.00584e-32
3.42404e-32
-9.96067e-34
-3.97599e-32
-6.63426e-32
-7.74735e-32
-6.55895e-32
-3.95568e-32
-7.08202e-33
2.07188e-32
3.40649e-32
2.83129e-32
8.11599e-33
-1.66442e-32
-3.56222e-32
-3.57651e-32
-2.71197e-32
-1.32546e-32
-8.76166e-33
-2.16667e-32
-3.26355e-32
-3.94154e-32
-1.9178e-32
2.03135e-32
5.3765e-32
6.80094e-32
3.35217e-32
-2.77567e-32
-8.98898e-32
-1.19892e-31
-8.76012e-32
-1.66217e-32
6.82893e-32
1.16835e-31
1.02753e-31
3.8642e-32
-5.07121e-32
-1.09208e-31
-1.14468e-31
-6.3983e-32
1.63659e-32
7.61367e-32
9.41223e-32
5.68338e-32
-9.14666e-33
-6.38972e-32
-8.43732e-32
-5.21867e-32
7.17996e-33
6.27387e-32
8.74841e-32
6.03471e-32
2.4076e-33
-6.17028e-32
-1.01043e-31
-8.99086e-32
-4.03956e-32
3.10812e-32
9.37416e-32
1.1625e-31
9.85911e-32
4.263e-32
-2.89559e-32
-8.50343e-32
-1.16028e-31
-1.04879e-31
-5.88605e-32
3.8363e-33
7.315e-32
1.18456e-31
1.30693e-31
1.03471e-31
3.64798e-32
-4.16046e-32
-1.1195e-31
-1.42915e-31
-1.17416e-31
-4.59906e-32
5.27268e-32
1.3366e-31
1.63764e-31
1.29611e-31
4.1075e-32
-5.87589e-32
-1.27229e-31
-1.33104e-31
-7.28487e-32
2.13857e-32
1.05902e-31
1.41804e-31
1.11338e-31
3.55244e-32
-4.90917e-32
-1.01748e-31
-9.28817e-32
-3.56508e-32
4.67805e-32
1.12081e-31
1.24219e-31
9.00297e-32
1.60522e-32
-5.24106e-32
-8.09026e-32
-6.82291e-32
-5.89816e-33
5.9125e-32
1.02047e-31
1.10633e-31
6.82622e-32
1.71513e-32
-3.11014e-32
-5.34295e-32
-3.37925e-32
-6.19156e-34
4.45349e-32
7.5355e-32
8.10102e-32
7.29566e-32
4.86341e-32
2.67076e-32
1.37117e-32
6.55869e-33
8.68418e-33
1.12174e-32
9.50176e-33
1.07713e-32
1.09816e-32
2.08939e-32
4.38322e-32
6.7871e-32
9.71571e-32
1.05855e-31
9.20238e-32
5.70421e-32
-8.78141e-34
-4.43806e-32
-7.00403e-32
-5.50204e-32
-1.35944e-33
6.29599e-32
1.26438e-31
1.50174e-31
1.35164e-31
8.3541e-32
2.00816e-32
-2.87432e-32
-4.90683e-32
-2.75889e-32
3.31922e-33
5.23086e-32
7.29235e-32
7.37857e-32
6.69953e-32
2.24043e-32
1.32355e-32
-1.90163e-32
-2.49983e-32
-4.85413e-33
)
;

boundaryField
{
    left
    {
        type            calculated;
        value           uniform 0;
    }
    right
    {
        type            calculated;
        value           uniform 0;
    }
    empty
    {
        type            empty;
        value           nonuniform List<scalar> 0();
    }
}


// ************************************************************************* //
