/*--------------------------------*- C++ -*----------------------------------*\
| =========                 |                                                 |
| \\      /  F ield         | OpenFOAM: The Open Source CFD Toolbox           |
|  \\    /   O peration     | Version:  v1706                                 |
|   \\  /    A nd           | Web:      www.OpenFOAM.com                      |
|    \\/     M anipulation  |                                                 |
\*---------------------------------------------------------------------------*/
FoamFile
{
    version     2.0;
    format      ascii;
    class       surfaceScalarField;
    location    "0.0496";
    object      phi;
}
// * * * * * * * * * * * * * * * * * * * * * * * * * * * * * * * * * * * * * //

dimensions      [0 3 -1 0 0 0 0];
oriented        oriented;


internalField   nonuniform List<scalar> 
799
(
1.05023e-33
1.3632e-33
1.62171e-33
2.32212e-33
2.04016e-33
2.64927e-33
2.66477e-33
2.68638e-33
3.09844e-33
2.8647e-33
3.15428e-33
3.1636e-33
3.11321e-33
3.31667e-33
3.18413e-33
3.28584e-33
3.2911e-33
3.22875e-33
3.29816e-33
3.21811e-33
3.22819e-33
3.21258e-33
3.15437e-33
3.14763e-33
3.08262e-33
3.03635e-33
2.98218e-33
2.90935e-33
2.84677e-33
2.77469e-33
2.70082e-33
2.62799e-33
2.55336e-33
2.48405e-33
2.41494e-33
2.34798e-33
2.27877e-33
2.21632e-33
2.16517e-33
2.1205e-33
2.08664e-33
2.0589e-33
2.03509e-33
2.02083e-33
2.00748e-33
2.00062e-33
1.99723e-33
2.00248e-33
2.01089e-33
2.0226e-33
2.03502e-33
2.05157e-33
2.06737e-33
2.08166e-33
2.09746e-33
2.12078e-33
2.14184e-33
2.16517e-33
2.1883e-33
2.20269e-33
2.21922e-33
2.23438e-33
2.25092e-33
2.26463e-33
2.27548e-33
2.28355e-33
2.28519e-33
2.28754e-33
2.28929e-33
2.29731e-33
2.31236e-33
2.3335e-33
2.36032e-33
2.38976e-33
2.42044e-33
2.45876e-33
2.50371e-33
2.55336e-33
2.60706e-33
2.66019e-33
2.70627e-33
2.75649e-33
2.80915e-33
2.86332e-33
2.90394e-33
2.94419e-33
2.98011e-33
3.02046e-33
3.05901e-33
3.09775e-33
3.1361e-33
3.17847e-33
3.21869e-33
3.26336e-33
3.31019e-33
3.36436e-33
3.41777e-33
3.46818e-33
3.5136e-33
3.5468e-33
3.57296e-33
3.5917e-33
3.6024e-33
3.60463e-33
3.60134e-33
3.59322e-33
3.57991e-33
3.56607e-33
3.55256e-33
3.53742e-33
3.52464e-33
3.50772e-33
3.49554e-33
3.48134e-33
3.47119e-33
3.46215e-33
3.45238e-33
3.43903e-33
3.43056e-33
3.4253e-33
3.42107e-33
3.42495e-33
3.43359e-33
3.44836e-33
3.46463e-33
3.47783e-33
3.48849e-33
3.50152e-33
3.52046e-33
3.54115e-33
3.56034e-33
3.57708e-33
3.60059e-33
3.62616e-33
3.65174e-33
3.67657e-33
3.7014e-33
3.72472e-33
3.75255e-33
3.77738e-33
3.80907e-33
3.84133e-33
3.87311e-33
3.91026e-33
3.94442e-33
3.97956e-33
4.01216e-33
4.04229e-33
4.07163e-33
4.10003e-33
4.12119e-33
4.14376e-33
4.16476e-33
4.18137e-33
4.20093e-33
4.21739e-33
4.23131e-33
4.24994e-33
4.26234e-33
4.27316e-33
4.28444e-33
4.29549e-33
4.30325e-33
4.31378e-33
4.32507e-33
4.33917e-33
4.35365e-33
4.37452e-33
4.38751e-33
4.40406e-33
4.41619e-33
4.4318e-33
4.44393e-33
4.45447e-33
4.4602e-33
4.46575e-33
4.47026e-33
4.4665e-33
4.45672e-33
4.44055e-33
4.41309e-33
4.37999e-33
4.34392e-33
4.29874e-33
4.24758e-33
4.20112e-33
4.15109e-33
4.10358e-33
4.05932e-33
4.01507e-33
3.9806e-33
3.94703e-33
3.91806e-33
3.89437e-33
3.8715e-33
3.84998e-33
3.83155e-33
3.80785e-33
3.7834e-33
3.75766e-33
3.72597e-33
3.69313e-33
3.65816e-33
3.63104e-33
3.61121e-33
3.604e-33
3.61074e-33
3.63038e-33
3.66411e-33
3.70647e-33
3.75632e-33
3.80973e-33
3.87593e-33
3.95417e-33
4.03392e-33
4.11197e-33
4.19435e-33
4.27203e-33
4.34237e-33
4.39804e-33
4.44572e-33
4.48418e-33
4.52669e-33
4.57258e-33
4.61706e-33
4.66163e-33
4.70767e-33
4.75948e-33
4.81069e-33
4.86523e-33
4.91263e-33
4.96378e-33
5.01193e-33
5.05425e-33
5.09393e-33
5.12346e-33
5.15055e-33
5.17067e-33
5.17934e-33
5.17949e-33
5.1658e-33
5.14407e-33
5.1145e-33
5.08981e-33
5.06016e-33
5.02927e-33
4.99351e-33
4.95429e-33
4.909e-33
4.85363e-33
4.79018e-33
4.7152e-33
4.63285e-33
4.54084e-33
4.4422e-33
4.33677e-33
4.22952e-33
4.11891e-33
4.00834e-33
3.90302e-33
3.78078e-33
3.66829e-33
3.56297e-33
3.46272e-33
3.36737e-33
3.28988e-33
3.22593e-33
3.16424e-33
3.11008e-33
3.06343e-33
3.02205e-33
2.98444e-33
2.94842e-33
2.91588e-33
2.88739e-33
2.86125e-33
2.83473e-33
2.80614e-33
2.76702e-33
2.71718e-33
2.6727e-33
2.62653e-33
2.58392e-33
2.54471e-33
2.50898e-33
2.47681e-33
2.44173e-33
2.40685e-33
2.37582e-33
2.34817e-33
2.32043e-33
2.28869e-33
2.25677e-33
2.22461e-33
2.1893e-33
2.15521e-33
2.11898e-33
2.0826e-33
2.0511e-33
2.02223e-33
1.99364e-33
1.95903e-33
1.92292e-33
1.88831e-33
1.85145e-33
1.81534e-33
1.7875e-33
1.76644e-33
1.75167e-33
1.74509e-33
1.74387e-33
1.74838e-33
1.75591e-33
1.76907e-33
1.77396e-33
1.79277e-33
1.80601e-33
1.83562e-33
1.85813e-33
1.90271e-33
1.92954e-33
1.99355e-33
2.03468e-33
2.10892e-33
2.15636e-33
2.23096e-33
2.28419e-33
2.35738e-33
2.41146e-33
2.4738e-33
2.51876e-33
2.5653e-33
2.597e-33
2.6079e-33
2.68276e-33
2.4676e-33
3.27107e-33
1.01111e-33
6.58879e-33
-4.93143e-33
1.36997e-32
-7.24029e-33
-7.07591e-33
6.72864e-32
-1.66017e-31
3.20873e-31
-4.01098e-31
2.68238e-31
4.1644e-31
-1.88531e-30
3.88429e-30
-5.67498e-30
4.90468e-30
1.01606e-30
-1.3514e-29
3.19297e-29
-4.60256e-29
4.24342e-29
-3.96291e-30
-8.0311e-29
1.8494e-28
-2.66251e-28
2.37374e-28
-1.90652e-29
-3.72474e-28
8.54256e-28
-1.13819e-27
9.12215e-28
-1.63163e-29
-1.53369e-27
3.0622e-27
-3.71897e-27
2.66717e-27
5.96655e-28
-4.98431e-27
8.81645e-27
-9.62395e-27
5.34866e-27
3.11199e-27
-1.34535e-26
2.04359e-26
-1.89328e-26
7.97097e-27
1.08526e-26
-2.90662e-26
3.72787e-26
-3.00709e-26
5.71685e-27
2.53607e-26
-4.99042e-26
5.58164e-26
-3.51219e-26
-3.10087e-27
4.44996e-26
-7.02061e-26
6.46624e-26
-3.15728e-26
-1.79829e-26
6.13596e-26
-7.71868e-26
6.13595e-26
-1.79826e-26
-3.15731e-26
6.46626e-26
-7.02061e-26
4.44995e-26
-3.10065e-27
-3.5122e-26
5.58164e-26
-4.99042e-26
2.53606e-26
5.71702e-27
-3.0071e-26
3.72787e-26
-2.90662e-26
1.08525e-26
7.97106e-27
-1.89329e-26
2.04359e-26
-1.34535e-26
3.11194e-27
5.3487e-27
-9.62397e-27
8.81645e-27
-4.9843e-27
5.96638e-28
2.66718e-27
-3.71898e-27
3.0622e-27
-1.53368e-27
-1.63213e-29
9.12217e-28
-1.13819e-27
8.54254e-28
-3.72474e-28
-1.90672e-29
2.37373e-28
-2.66253e-28
1.84938e-28
-8.03124e-29
-3.96473e-30
4.24323e-29
-4.60275e-29
3.19274e-29
-1.35161e-29
1.01379e-30
4.90233e-30
-5.67734e-30
3.88184e-30
-1.88778e-30
4.13926e-31
2.65662e-31
-4.03699e-31
3.18229e-31
-1.68678e-31
6.46022e-32
-9.78613e-33
-9.97233e-33
1.09522e-32
-7.68115e-33
3.83493e-33
-1.73635e-33
5.14584e-34
-2.99892e-34
-1.0382e-34
-1.74537e-34
-1.78017e-34
-1.7732e-34
-1.73409e-34
-1.54977e-34
-1.39931e-34
-1.10591e-34
-9.17826e-35
-5.86807e-35
-4.66436e-35
-2.63311e-36
9.78011e-36
5.2286e-35
6.46992e-35
1.05324e-34
1.20371e-34
1.46702e-34
1.5714e-34
1.7529e-34
1.79992e-34
1.91841e-34
1.90336e-34
1.97295e-34
1.92099e-34
1.92405e-34
1.88831e-34
1.78417e-34
1.68519e-34
1.57751e-34
1.45949e-34
1.27706e-34
1.05042e-34
7.82644e-35
4.91886e-35
1.80497e-35
-1.11672e-35
-4.37284e-35
-7.71124e-35
-1.15104e-34
-1.65463e-34
-2.05382e-34
-2.53907e-34
-2.93403e-34
-3.30573e-34
-3.62616e-34
-3.91957e-34
-4.20169e-34
-4.42362e-34
-4.61922e-34
-4.7095e-34
-4.79461e-34
-4.80542e-34
-4.7095e-34
-4.55151e-34
-4.27316e-34
-3.92709e-34
-3.5735e-34
-3.1917e-34
-2.81366e-34
-2.40741e-34
-1.98517e-34
-1.57986e-34
-1.199e-34
-8.72687e-35
-5.86807e-35
-3.37602e-35
-2.11119e-35
-1.38642e-35
-1.6692e-35
-3.40724e-35
-5.39813e-35
-7.63672e-35
-9.75414e-35
-1.24412e-34
-1.47671e-34
-1.72617e-34
-1.95297e-34
-2.16694e-34
-2.35497e-34
-2.55498e-34
-2.72209e-34
-2.86748e-34
-2.98864e-34
-3.07697e-34
-3.07871e-34
-3.10554e-34
-3.13998e-34
-3.16913e-34
-3.17478e-34
-3.22744e-34
-3.28386e-34
-3.34028e-34
-3.46066e-34
-3.7014e-34
-4.00232e-34
-4.34839e-34
-4.83739e-34
-5.28878e-34
-5.76651e-34
-6.19721e-34
-6.6486e-34
-7.07177e-34
-7.5244e-34
-8.05731e-34
-8.54067e-34
-8.9883e-34
-9.42652e-34
-9.85241e-34
-1.02541e-33
-1.05926e-33
-1.09001e-33
-1.11644e-33
-1.12848e-33
-1.13388e-33
-1.12946e-33
-1.11663e-33
-1.09617e-33
-1.07007e-33
-1.03797e-33
-9.99129e-34
-9.60216e-34
-9.12294e-34
-8.62837e-34
-8.10657e-34
-7.57279e-34
-7.03768e-34
-6.41673e-34
-5.78672e-34
-5.11575e-34
-4.38977e-34
-3.6713e-34
-3.00174e-34
-2.28704e-34
-1.57986e-34
-9.53561e-35
-3.91205e-35
4.5139e-36
3.91205e-35
6.31946e-35
7.82409e-35
8.30839e-35
7.71124e-35
6.46287e-35
4.89358e-35
3.53912e-35
1.61513e-35
-3.27963e-36
-2.40741e-35
-4.83363e-35
-6.40409e-35
-8.27548e-35
-8.57641e-35
-7.44793e-35
-6.01853e-35
-3.71456e-35
-8.5576e-36
2.55788e-35
7.03063e-35
1.18866e-34
1.80556e-34
2.45255e-34
3.18982e-34
3.897e-34
4.54211e-34
5.10071e-34
5.67247e-34
6.24282e-34
6.84608e-34
7.3727e-34
7.92189e-34
8.32062e-34
8.58863e-34
8.80022e-34
8.91495e-34
8.91989e-34
8.89238e-34
8.79646e-34
8.63659e-34
8.41278e-34
8.23034e-34
8.04979e-34
7.91719e-34
7.85418e-34
7.8081e-34
7.77895e-34
7.74886e-34
7.74698e-34
7.7498e-34
7.77754e-34
7.78465e-34
7.84143e-34
7.85889e-34
7.85983e-34
7.84525e-34
7.81845e-34
7.80622e-34
7.73381e-34
7.65858e-34
7.60592e-34
7.52316e-34
7.50059e-34
7.51188e-34
7.53915e-34
7.62168e-34
7.76367e-34
7.94446e-34
8.2388e-34
8.62155e-34
8.9977e-34
9.41148e-34
9.81585e-34
1.02315e-33
1.06829e-33
1.11192e-33
1.15001e-33
1.17324e-33
1.1885e-33
1.18902e-33
1.18329e-33
1.17256e-33
1.15457e-33
1.13054e-33
1.09951e-33
1.06528e-33
1.01563e-33
9.70488e-34
9.21399e-34
8.74004e-34
8.35071e-34
8.02772e-34
7.74886e-34
7.50436e-34
7.37458e-34
7.29747e-34
7.35765e-34
7.47426e-34
7.65106e-34
7.89674e-34
8.14e-34
8.44998e-34
8.68671e-34
8.8978e-34
9.04715e-34
9.07084e-34
9.00919e-34
8.87197e-34
8.60188e-34
8.36773e-34
8.03443e-34
7.69317e-34
7.3283e-34
6.95025e-34
6.60691e-34
6.21024e-34
5.88874e-34
5.5904e-34
5.31147e-34
5.11152e-34
4.95965e-34
4.87877e-34
4.83739e-34
4.81482e-34
4.85996e-34
5.08566e-34
5.35649e-34
5.67247e-34
6.07872e-34
6.48497e-34
6.93636e-34
7.31252e-34
7.5904e-34
7.73851e-34
7.8027e-34
7.72735e-34
7.64164e-34
7.49024e-34
7.3278e-34
7.10516e-34
6.84608e-34
6.52258e-34
6.16993e-34
5.78343e-34
5.38659e-34
4.88253e-34
4.4161e-34
3.88948e-34
3.40329e-34
2.92651e-34
2.37168e-34
1.84882e-34
1.341e-34
8.57641e-35
4.43867e-35
1.50463e-36
-3.61112e-35
-6.34767e-35
-9.76131e-35
-1.18913e-34
-1.4026e-34
-1.59115e-34
-1.61372e-34
-1.73033e-34
-1.59491e-34
-1.56264e-34
-1.45949e-34
-8.27548e-35
-9.987e-35
-7.89932e-36
1.35417e-35
2.87761e-35
1.9485e-34
9.32872e-35
3.04688e-34
3.46066e-34
2.81554e-34
7.23728e-34
3.93461e-34
8.33567e-34
9.53937e-34
6.09376e-34
1.59529e-33
7.93506e-34
1.47454e-33
1.87519e-33
8.56136e-34
2.81056e-33
1.29906e-33
2.27049e-33
3.11943e-33
1.2985e-33
4.12345e-33
2.0779e-33
2.67975e-33
3.0482e-33
)
;

boundaryField
{
    left
    {
        type            calculated;
        value           uniform 0;
    }
    right
    {
        type            calculated;
        value           uniform 0;
    }
    empty
    {
        type            empty;
        value           nonuniform 0();
    }
}


// ************************************************************************* //
